"excessvar","re.type","num.re","response","run","rep","design.seed","error.seed","beta_int_true","beta_row_true","beta_col_true","beta_dyad_true","delta_int_true","delta_row_true","delta_col_true","delta_dyad_true","beta_int_mean","beta_int_var","beta_int_5q","beta_int_95q","delta_int_mean","delta_int_var","delta_int_5q","delta_int_95q","beta_row_mean","beta_row_var","beta_row_5q","beta_row_95q","delta_row_mean","delta_row_var","delta_row_5q","delta_row_95q","beta_col_mean","beta_col_var","beta_col_5q","beta_col_95q","delta_col_mean","delta_col_var","delta_col_5q","delta_col_95q","beta_dyad_mean","beta_dyad_var","beta_dyad_5q","beta_dyad_95q","delta_dyad_mean","delta_dyad_var","delta_dyad_5q","delta_dyad_95q"
"low-large","halfcauchy",1,"continuous",11,1,5555648,14639721,1,1,1,1,0.959752211034575,0.953171428818796,1.12253239956543,0.959752211034575,0.934397939415968,0.055669660488622,0.552402167150153,1.31696673585793,0.930868906635131,0.00136787565724546,0.870719237732632,0.993085479266865,1.12364625707027,0.0699774927799297,0.68264719622758,1.56304382920694,1.14152829033352,0.00191809822448901,1.06868326381642,1.21398614316177,1.02914461352727,0.0015747009754587,0.963099168170364,1.09294498237958,1.02591282218668,0.00157474625801089,0.960083137823662,1.08958003925984,0.984984374133494,0.00133344860796552,0.925118350854694,1.0462900538292,0.937033070845462,0.00130309676512425,0.877342873666185,0.997400643473169
"low-large","halfcauchy",1,"continuous",11,2,5555648,2074677,1,1,1,1,0.959752211034575,0.953171428818796,1.12253239956543,0.959752211034575,1.02347466341975,0.0542600496852997,0.643794349318947,1.40416574958398,1.02023426825658,0.00141544035890474,0.959165996905392,1.08365347475891,1.10279368868952,0.0691926276674015,0.668942380143887,1.53947385303765,1.11950817600314,0.0019795894081979,1.04633559944536,1.19341655066852,1.04553349653735,0.00162763012423273,0.9782948017322,1.11041760397102,1.04220424663551,0.00162774246077557,0.975121664807022,1.10702385455457,0.987927616484953,0.00137752320588734,0.927280324707499,1.05021099553871,0.938530283878726,0.00134648417153261,0.877855142823105,0.999933824011114
"low-large","halfcauchy",1,"continuous",11,3,5555648,5531992,1,1,1,1,0.959752211034575,0.953171428818796,1.12253239956543,0.959752211034575,0.942050732157261,0.0572605724397209,0.5515720195209,1.3252291814236,0.938840260729724,0.00148416856597111,0.876734858443073,1.00339691502041,1.08367480009634,0.074184867844613,0.631432947228791,1.5236822728937,1.10162785038599,0.00207586974148787,1.02636930126308,1.17733053361574,1.00340852067613,0.00170814295863724,0.934536672865731,1.06991033287253,1.00005331881062,0.00170825820877431,0.931525507239332,1.0663826036955,0.960789752460726,0.00144660474767505,0.898648541884855,1.02466762432077,0.911007360811486,0.00141336869965426,0.84882112759882,0.973908287196929
"low-large","halfcauchy",1,"continuous",11,4,5555648,6016457,1,1,1,1,0.959752211034575,0.953171428818796,1.12253239956543,0.959752211034575,0.875987729701017,0.0537334197944313,0.495935924985662,1.25539965772112,0.871728639736574,0.00131630032177696,0.81269725921508,0.932770680484975,1.15817840012738,0.0688843247462729,0.727725990148487,1.5891575485494,1.17511331856016,0.00183943999337823,1.10416739148541,1.24634486945279,1.08510900874996,0.00151142074806915,1.02019168619585,1.14761662910523,1.08185596041445,0.00151147358269817,1.01721908222074,1.14425938262803,1.02498851095566,0.00127967142974803,0.966463988872654,1.08495342176106,0.976721809641186,0.00125058758649684,0.918245365450118,1.0358727062597
"low-large","halfcauchy",1,"continuous",11,5,5555648,11773718,1,1,1,1,0.959752211034575,0.953171428818796,1.12253239956543,0.959752211034575,1.00714312758898,0.0595315832204986,0.610089249856074,1.4074322722933,1.00573093147431,0.00144429443810506,0.944619510959675,1.06930612448765,1.11270246305801,0.0760550200876106,0.651477700413187,1.56214317207211,1.13033751293445,0.00202256302705597,1.05524613858014,1.20511261575699,0.979712186519901,0.00166180062427326,0.911849385869076,1.04532543328455,0.977451771322618,0.00166187327664123,0.909621382898925,1.04293654833803,0.964399118582159,0.00140682078080862,0.903031970321874,1.02751782953416,0.930860488374014,0.00137515621178884,0.86952579242574,0.992878979884001
"low-large","halfcauchy",1,"continuous",11,6,5555648,867427,1,1,1,1,0.959752211034575,0.953171428818796,1.12253239956543,0.959752211034575,0.984766146487352,0.0552301860462756,0.596578653603866,1.35424298920292,0.981701138838259,0.00129305675206997,0.923441447186724,1.04212299673506,1.16947908006605,0.0705469674834141,0.726801801057466,1.60429140065655,1.18825710579782,0.00180986083525246,1.11790857573256,1.25858552418012,0.978805704944731,0.00148671738252862,0.914615571465849,1.04087947837401,0.975960425321882,0.00148679293291552,0.911961797023962,1.03776577318785,0.954504819748547,0.00125905242736727,0.896411654994676,1.01412326939305,0.912288336146701,0.00123021100250919,0.854286358182832,0.970949324333905
"low-large","halfcauchy",1,"continuous",11,7,5555648,15324657,1,1,1,1,0.959752211034575,0.953171428818796,1.12253239956543,0.959752211034575,1.05111415264906,0.0537795678631692,0.671448957480888,1.43158050890108,1.04875432654471,0.00160339171785964,0.98361048537324,1.11585327551615,1.13344454351443,0.0680640676285917,0.708199710742837,1.55334742794977,1.15084547604305,0.00224207000776176,1.07287912205269,1.22873346132224,0.964371398155837,0.00184341881468054,0.892765011999553,1.03338011258872,0.96106441096746,0.0018435112618945,0.889607687925361,1.0301119747091,0.986058757236463,0.00156084260989426,0.921532370485492,1.05249448600584,0.9369917448808,0.00152508709226254,0.872434486290818,1.00232343611509
"low-large","halfcauchy",1,"continuous",11,8,5555648,5589154,1,1,1,1,0.959752211034575,0.953171428818796,1.12253239956543,0.959752211034575,0.923761787867409,0.0509964058667183,0.549692970264975,1.29455825533384,0.921743744899664,0.00148835002609997,0.859699964154673,0.986286110686443,1.10164439841846,0.065532820918325,0.674976509489811,1.51744466324572,1.11826185070765,0.00208714896925491,1.04188026095943,1.19361576117647,0.994096682357372,0.00171378539268225,0.92505589451558,1.06061884539434,0.992019283683859,0.00171387048266177,0.923122409881683,1.05856258094408,1.03242885340612,0.00145033458459899,0.970277071888473,1.09653960409982,1.00160570817618,0.00141781645984417,0.93935411859541,1.06454934743462
"low-large","halfcauchy",1,"continuous",11,9,5555648,4884218,1,1,1,1,0.959752211034575,0.953171428818796,1.12253239956543,0.959752211034575,0.929714230336989,0.0527718891296875,0.557443871553592,1.30350909901165,0.926566847729117,0.00141704224587038,0.865431109131744,0.989696397164753,1.10800344154009,0.0670694027798044,0.675605759821642,1.53516106858348,1.12583036031286,0.00198716418464264,1.05245006157471,1.19952495951846,1.046297289177,0.0016318518659242,0.978937317065898,1.11132757017887,1.0432284018219,0.00163188211482269,0.97601418606742,1.10816653860874,1.00862831190385,0.00138091794470283,0.947998994390031,1.07120991861067,0.963094076301106,0.00135022671590245,0.902308866987855,1.02454115073474
"low-large","halfcauchy",1,"continuous",11,10,5555648,9071662,1,1,1,1,0.959752211034575,0.953171428818796,1.12253239956543,0.959752211034575,1.04941808980717,0.0601838986777061,0.656139448606343,1.44316315330256,1.04648264498418,0.00137461529060497,0.986307969811744,1.10876283861581,1.08887462566398,0.0770883891377274,0.621749545500404,1.55219927272465,1.10657349367727,0.00192358462342582,1.03328268769185,1.17921771346165,1.10195641507599,0.00158182485586512,1.03579115218714,1.16592327173105,1.09917304046497,0.00158193744340313,1.03306676931283,1.16301824871063,1.0046629352679,0.00133970639059843,0.944787121152363,1.06600234685809,0.963364959603155,0.0013089955463977,0.903528129654102,1.02387817112569
"low-large","halfcauchy",1,"continuous",11,11,5555648,5343534,1,1,1,1,0.959752211034575,0.953171428818796,1.12253239956543,0.959752211034575,0.978936017874819,0.0588444540269004,0.58336292592111,1.37958559378417,0.976089987946812,0.00130670184004165,0.917015242512082,1.03693134258772,1.20421819836519,0.0750254848734397,0.744934162411866,1.65181218969104,1.22263938972125,0.00182709080954254,1.15170514916434,1.29353941513481,0.943728648871822,0.00150291771101086,0.879141990847024,1.00615776713402,0.940583767235553,0.00150302308416225,0.876032024064949,1.00282253413121,1.02195637528278,0.00127259135823646,0.963522245770562,1.08192498285167,0.975294583956142,0.00124346499659957,0.916965652771176,1.03427761460565
"low-large","halfcauchy",1,"continuous",11,12,5555648,12945677,1,1,1,1,0.959752211034575,0.953171428818796,1.12253239956543,0.959752211034575,0.956361906118773,0.0623476013148034,0.556856079122169,1.3652484615145,0.954171336379696,0.00143065242669955,0.89190906853153,1.01778703759295,1.16018825972968,0.0790912200890103,0.695404070478438,1.63011337811745,1.17853602220636,0.00200665459018957,1.10413073925846,1.25302052197448,1.01287053080879,0.00164847875656348,0.945219920967449,1.07815467504457,1.01019194888965,0.00164858853328706,0.942696354479767,1.07544811337392,0.953625197496296,0.00139592285837616,0.892554571225263,1.0163756922824,0.913882070403351,0.00136396964762961,0.852788718508995,0.975664417007122
"low-large","halfcauchy",1,"continuous",11,13,5555648,7347939,1,1,1,1,0.959752211034575,0.953171428818796,1.12253239956543,0.959752211034575,0.957601803874387,0.0514311403475433,0.5933446671718,1.32984741737586,0.955420284703002,0.00135674018217779,0.895537613540802,1.01706811219352,1.13744756546469,0.0652722286866187,0.712449570078889,1.55612221227733,1.15425460594298,0.00190053848600015,1.08199244419999,1.22664151536036,0.992068698198764,0.00156032229907164,0.925886446936996,1.0554996902408,0.989736359049741,0.00156039516822999,0.924000480157188,1.05320792149347,1.03547510975231,0.0013200923766741,0.97618868583028,1.09639283559332,1.00086931682848,0.00129079107099363,0.941438701694487,1.06097904203629
"low-large","halfcauchy",1,"continuous",11,14,5555648,1317272,1,1,1,1,0.959752211034575,0.953171428818796,1.12253239956543,0.959752211034575,0.954344296440275,0.0536537494622823,0.572382827789318,1.32471286183721,0.951233460105016,0.00143232855122532,0.889342991219189,1.01473173555668,1.08806656356543,0.0678784128274598,0.658448451876809,1.51329533460833,1.1042828955694,0.00200578480213944,1.03056870254263,1.17765071079198,0.991742789449751,0.0016481528007853,0.924169379383766,1.05695520354567,0.989057386992838,0.00164824016028831,0.921611096634837,1.05426401342773,1.06359301080598,0.00139469926004467,1.00246437446093,1.12640994232685,1.02374868482963,0.00136364294178976,0.962699269597478,1.08552448222533
"low-large","halfcauchy",1,"continuous",11,15,5555648,8847388,1,1,1,1,0.959752211034575,0.953171428818796,1.12253239956543,0.959752211034575,0.961078175410357,0.0538873888751755,0.584786231751909,1.3495558144397,0.957403005472861,0.00149429019202847,0.8942801428465,1.02244191961538,1.07900451444534,0.0688274196255331,0.646468362163849,1.51248943457024,1.0950935317862,0.00208619753413152,1.02043210979945,1.16981719879345,1.02927604330094,0.00171544021951169,0.96020636561902,1.09598809576973,1.02596833368501,0.00171553186555393,0.957080046388822,1.09257733507167,1.02133711479669,0.00145218128940302,0.958965103151792,1.0853359657313,0.972259383511704,0.00141911948441435,0.909973464800679,1.03527493176666
"low-large","halfcauchy",1,"continuous",11,16,5555648,15332835,1,1,1,1,0.959752211034575,0.953171428818796,1.12253239956543,0.959752211034575,0.930154442256585,0.0676978463961755,0.51224723233374,1.34326239832781,0.926421568670356,0.0012921816267254,0.867556278987871,0.987009839143175,1.06602166226252,0.0851956913703299,0.58323125174167,1.5389795977915,1.08685681189622,0.00181090110225853,1.01615249029633,1.15808193320722,0.932204183773687,0.00148722634920388,0.868027191652721,0.994238546369817,0.928874386659003,0.00148730514331848,0.864839206063623,0.990729965250436,1.02272846192647,0.00125990241872289,0.964657068757177,1.08261464106692,0.973323010117558,0.00123062904594768,0.915322553438332,1.03198437468495
"low-large","halfcauchy",1,"continuous",11,17,5555648,1472324,1,1,1,1,0.959752211034575,0.953171428818796,1.12253239956543,0.959752211034575,0.971923211500431,0.0516574590554751,0.600745320824876,1.3477858256335,0.969928417936737,0.00142676111379134,0.908433236711105,1.03331154671475,1.03586474941729,0.0667073503762355,0.609504222379534,1.45233906058875,1.05150793502098,0.00199630369322669,0.977161688409931,1.12461654457009,1.05080970599023,0.00164115865540594,0.983200018838721,1.1159009902155,1.04798167182847,0.00164121307327711,0.980493281438557,1.1131132460799,1.05850781359783,0.00138958514623508,0.997714525861078,1.12128949235122,1.01654720738658,0.00135783297057796,0.955613130355953,1.07816542929895
"low-large","halfcauchy",1,"continuous",11,18,5555648,1522751,1,1,1,1,0.959752211034575,0.953171428818796,1.12253239956543,0.959752211034575,0.990378701532502,0.0566442652176141,0.603189100735813,1.3740789770514,0.987942979834101,0.00146499452868464,0.925679305568648,1.05216854805506,1.18029863604299,0.072186486746142,0.734675371162977,1.62091796566445,1.19825180222781,0.00204840576713359,1.1236381026439,1.27356457790127,1.02887957827689,0.00168391482673849,0.960538919662634,1.09480108672541,1.02601230956735,0.00168399829190614,0.957937945731753,1.09197498826297,0.985001060820445,0.00142567026355982,0.923260429204122,1.04834553971018,0.942458316871281,0.00139330922878286,0.880742981904356,1.00489653230397
"low-large","halfcauchy",1,"continuous",11,19,5555648,3358004,1,1,1,1,0.959752211034575,0.953171428818796,1.12253239956543,0.959752211034575,0.912257082944789,0.0534334603299031,0.534528693640781,1.29411027145125,0.909513284244945,0.00142258606008535,0.848123841249905,0.972694161406382,1.10753396286877,0.068437241901838,0.673664092244405,1.54661698351378,1.12438729548383,0.00199054307051905,1.05034063679596,1.19839274410249,0.96162814558459,0.00163606562327303,0.894235596605016,1.02665172746085,0.958267125255676,0.00163615354285206,0.891165799793457,1.02329907232357,1.04399848673812,0.00138444441280391,0.983066315580272,1.10642596897983,0.994129764359598,0.00135354673064332,0.933306961643924,1.05569616450221
"low-large","halfcauchy",1,"continuous",11,20,5555648,5768545,1,1,1,1,0.959752211034575,0.953171428818796,1.12253239956543,0.959752211034575,0.913143475674246,0.0600698674342222,0.519684576875903,1.31435253174184,0.909735376463419,0.00129757961652651,0.851882044490351,0.970363717163007,1.10246460509747,0.0766636255476964,0.634490587711858,1.55839729426183,1.1211454007607,0.00181852565950024,1.05039873352204,1.19186504699729,0.980567484767765,0.00149434220966317,0.91614689244391,1.04274869698999,0.97789991784782,0.00149440141554258,0.913620272146254,1.03997913726337,0.914550500830608,0.00126517544202481,0.856335751382963,0.974401581183998,0.874970807422501,0.00123648268161015,0.816838226456497,0.933762809592768
"low-large","halfcauchy",1,"continuous",11,21,5555648,15036979,1,1,1,1,0.959752211034575,0.953171428818796,1.12253239956543,0.959752211034575,0.991097679005029,0.0559863243748292,0.597940455528582,1.37469499998594,0.988885412675066,0.00152180558554214,0.925334806957963,1.05432510055427,1.06773836519162,0.0714116326763634,0.625027559679498,1.51316109763307,1.08499775627677,0.0021286954376982,1.00901957051104,1.16166781779326,0.962533239761365,0.00175038235547919,0.892844827325266,1.02991468598999,0.959083940262597,0.00175045107752332,0.889730771502152,1.02636143176127,1.04164828897976,0.00148282095042529,0.978682661842801,1.10638121800705,0.990469735364759,0.00144826827385221,0.92750273449175,1.05411983982453
"low-large","halfcauchy",1,"continuous",11,22,5555648,2226122,1,1,1,1,0.959752211034575,0.953171428818796,1.12253239956543,0.959752211034575,1.00942230494724,0.0512967863507725,0.643056078919141,1.37895571674715,1.00672059596065,0.00147992653024819,0.944178142227444,1.0712030197716,1.05226169490141,0.0650138700076937,0.637146367959033,1.46943015937091,1.06900569548848,0.00207595082824606,0.994362960587979,1.14421609282532,0.98644620851306,0.00170507795671468,0.917361761036701,1.05291785059276,0.98324306995894,0.00170515192393379,0.914488219432375,1.0496274526015,0.966709872141098,0.00144311858093804,0.904781097592916,1.03075743176349,0.919183701019453,0.00141051962944165,0.857136343124493,0.982033283235031
"low-large","halfcauchy",1,"continuous",11,23,5555648,16122626,1,1,1,1,0.959752211034575,0.953171428818796,1.12253239956543,0.959752211034575,0.888558262489146,0.0600465372666153,0.491769353890864,1.28706942118602,0.885059877609129,0.00148807675922182,0.822052058818985,0.949671394737233,1.13062435873653,0.0769235376907064,0.670699671102994,1.59527442975067,1.14882539735647,0.00208339205794951,1.07309175652254,1.22484994620172,0.965145910583544,0.00171256223894516,0.896217231694394,1.03175461764174,0.961747318491822,0.00171265715178467,0.892922742344721,1.02828815256977,1.00658525428852,0.00145046986260582,0.944417733783364,1.07066095034389,0.956159065538079,0.0014168483485562,0.893952838562523,1.01911276329404
"low-large","halfcauchy",1,"continuous",11,24,5555648,13315848,1,1,1,1,0.959752211034575,0.953171428818796,1.12253239956543,0.959752211034575,1.01416072051211,0.0508951360901941,0.647740676280527,1.38324597198188,1.01195801867383,0.00154519409916802,0.948149514028424,1.07783271976764,1.0812565925923,0.0651405089231814,0.665048203117162,1.49223000440706,1.09773197584045,0.00216656919078066,1.02046602534779,1.17451939319905,1.00333055009383,0.00177906343358578,0.932995067660715,1.07105138536973,1.00026873762364,0.00177910913682362,0.930047781474311,1.06806024874272,1.0607249153189,0.00150564394869218,0.997516700860309,1.12561205573421,1.01529565244382,0.00147164057094487,0.951868727246454,1.07949239615708
"low-large","halfcauchy",1,"continuous",11,25,5555648,1784211,1,1,1,1,0.959752211034575,0.953171428818796,1.12253239956543,0.959752211034575,1.03182258352548,0.0533090413494994,0.649519009126012,1.41029903630617,1.02913163362974,0.00141852235721986,0.968041024112964,1.09231369944969,1.12238311262494,0.0680523434818347,0.689351697028969,1.55230916785269,1.13967487047052,0.00198529858352677,1.0666579629627,1.21256088982061,1.00743031087485,0.00163140143946733,0.940211738362268,1.07236356965588,1.00465861792102,0.00163146738943122,0.937735403639756,1.06957981760552,0.950386843885745,0.00138090047860339,0.889625806198235,1.01283401104159,0.90926219336107,0.00134970005638898,0.848504023838131,0.970721606090483
"low-large","halfcauchy",1,"continuous",11,26,5555648,7362594,1,1,1,1,0.959752211034575,0.953171428818796,1.12253239956543,0.959752211034575,0.967222107382257,0.0597906044517132,0.569130174033668,1.36764519006024,0.964683464168631,0.00153745396431854,0.9007470604876,1.03029746579666,1.17608640897244,0.0759087693580706,0.71249454831995,1.63067487245137,1.19381138265894,0.00215177753830999,1.11688720947976,1.27086933251001,1.00503983430964,0.00176966704577961,0.934693243880493,1.07275485669196,1.00219280286878,0.00176972884484486,0.932208905652095,1.06978557142436,1.05854922842213,0.0014977709494328,0.995124054762497,1.12348637208923,1.01630675243775,0.00146402222167587,0.953048420890179,1.08030579254685
"low-large","halfcauchy",1,"continuous",11,27,5555648,9682574,1,1,1,1,0.959752211034575,0.953171428818796,1.12253239956543,0.959752211034575,0.959427651627031,0.055290044524979,0.575684216447165,1.33747927004466,0.956664523116691,0.00137728752033283,0.896721574995146,1.01906931439082,1.13725704166044,0.0716438902481849,0.691644699089966,1.57594370136926,1.15493499945688,0.0019258685934793,1.0825286670549,1.22763016114833,0.98591130365805,0.0015837173201878,0.919553633490179,1.04985635778849,0.983183155773828,0.00158378671846379,0.916954028482466,1.04713566533382,0.974063190092807,0.00134140085685167,0.914353435654599,1.03564125362548,0.933584634139013,0.00131056411945034,0.873731992674387,0.994131875025527
"low-large","halfcauchy",1,"continuous",11,28,5555648,6968299,1,1,1,1,0.959752211034575,0.953171428818796,1.12253239956543,0.959752211034575,0.799709253045616,0.0555739114994232,0.41907621234713,1.18074530141042,0.796297699628064,0.00136935622276846,0.736164916021909,0.858440124202335,1.16776612925539,0.0714249634254548,0.726782923387332,1.60213075489518,1.18495969573702,0.00192187605512309,1.11211223059537,1.25775671961932,1.00462174544986,0.00157691036773488,0.938437234600607,1.0684744253954,1.00160124409757,0.00157697098728146,0.935557724347439,1.06538965169374,0.986662406586947,0.00133531477200904,0.927058756105019,1.04797568024561,0.941846092301236,0.0013048757301746,0.882081728624473,1.00227713497813
"low-large","halfcauchy",1,"continuous",11,29,5555648,11063320,1,1,1,1,0.959752211034575,0.953171428818796,1.12253239956543,0.959752211034575,0.994587409408647,0.0573572885021992,0.605656514336635,1.38526091478421,0.992381125517043,0.0015214566891387,0.928804056289183,1.05795150489295,1.09664134950314,0.073656875039323,0.632601902320535,1.53633362579714,1.11503453187497,0.00212691291045282,1.03879431661162,1.19164132113437,0.979501560377475,0.00174965746122614,0.90984251556245,1.04670014730566,0.976877012472943,0.00174976872875942,0.9075098681951,1.043973547234,0.957941004772563,0.00148226655909006,0.894873321430088,1.02258638059115,0.918999600671479,0.00144778236302431,0.856068618739144,0.982615903967629
"low-large","halfcauchy",1,"continuous",11,30,5555648,12357094,1,1,1,1,0.959752211034575,0.953171428818796,1.12253239956543,0.959752211034575,1.03377687121522,0.0623757538518822,0.624236949842055,1.43590297431318,1.03125104096012,0.00141133145342487,0.969691337437455,1.09444924178412,1.09133504974581,0.0788980381688986,0.623181322981117,1.55273377971437,1.11024654627928,0.00197782905634931,1.03606444237957,1.18449095360192,0.956083986469686,0.00162538465385899,0.888822081449957,1.02091988709035,0.953534580710027,0.00162544543253542,0.886494025161094,1.01830974538644,0.970984068945391,0.00137589543085558,0.910171407673741,1.03324235826071,0.93315757710156,0.00134493408967876,0.872532034477753,0.994483669721822
"low-large","halfcauchy",1,"continuous",11,31,5555648,12295404,1,1,1,1,0.959752211034575,0.953171428818796,1.12253239956543,0.959752211034575,0.972594555060526,0.0526192673747357,0.603895384365643,1.34923309549684,0.969412676220919,0.00139891789194159,0.908424529799133,1.03232767739775,1.07625289084661,0.0664858352932773,0.648162856083423,1.49946999021568,1.09313918393873,0.00196103831586058,1.01981452125116,1.16652127192991,0.956711115507317,0.00161078460957622,0.889821368677588,1.02118108931112,0.953941256315338,0.00161085992948502,0.887055237808653,1.0184108110082,1.01016141556098,0.00136342519093456,0.950045884977359,1.07234277529319,0.969063973250349,0.00133275901431019,0.90868913154337,1.03014607709897
"low-large","halfcauchy",1,"continuous",11,32,5555648,5014697,1,1,1,1,0.959752211034575,0.953171428818796,1.12253239956543,0.959752211034575,0.889460444077232,0.060194256852609,0.490323872760048,1.28902363359098,0.88598603410155,0.00131989606911667,0.827063451067563,0.947103832027137,1.11367486731926,0.0767789027904122,0.65526085108149,1.56840487176656,1.13285283867599,0.00185015494113728,1.06101406806228,1.20435717859479,0.93842054890845,0.00151942583028483,0.873311284781583,1.00118597390978,0.934722617410198,0.00151947977298821,0.869782202551636,0.9973022213476,0.97000608256175,0.00128622186759528,0.91142698156104,1.03021203934051,0.91513848248369,0.00125718114299503,0.856520156311305,0.974441778096427
"low-large","halfcauchy",1,"continuous",11,33,5555648,15427054,1,1,1,1,0.959752211034575,0.953171428818796,1.12253239956543,0.959752211034575,1.02811423757555,0.0510450878131802,0.659398262262454,1.39566128327776,1.02569548060272,0.00147506120708817,0.963142851396686,1.0898780716879,1.06610368690582,0.0660583994178501,0.635133280331001,1.48371084941396,1.08241316140026,0.00206514261216527,1.00769071716598,1.15676236974352,0.944102912756073,0.00169764467698755,0.875350467063237,1.01025106906114,0.940881765162596,0.00169773446392723,0.872270440502822,1.00702505866476,0.999615876151264,0.0014363682090106,0.937791381673317,1.06352608992946,0.951822498141187,0.00140425016097181,0.889865826434468,1.01451214499848
"low-large","halfcauchy",1,"continuous",11,34,5555648,203053,1,1,1,1,0.959752211034575,0.953171428818796,1.12253239956543,0.959752211034575,1.00198821580304,0.0607558423226227,0.602257415761068,1.39520042098824,0.999125213742195,0.00145105003613506,0.937410955815007,1.06316059005688,1.13405225237728,0.0773475351493785,0.662109478722224,1.59644327952511,1.15322249613816,0.00203116786510531,1.07795021635286,1.22808302021071,0.979977345538796,0.00166954704150313,0.911895098576584,1.04572970682384,0.976317558234529,0.00166964771786833,0.908381195841062,1.04193481386459,1.02106516408704,0.00141318567080172,0.959803952342456,1.08440790190739,0.966763523757511,0.00138117548038267,0.905319878179983,1.02893189627844
"low-large","halfcauchy",1,"continuous",11,35,5555648,15273604,1,1,1,1,0.959752211034575,0.953171428818796,1.12253239956543,0.959752211034575,1.03002905065129,0.0534865596585434,0.655795841715971,1.40681415933243,1.02778679103551,0.00159039583524858,0.962298271455383,1.09469435266428,1.13832128382118,0.0680414354167105,0.707805509496331,1.56383716779762,1.15476709832988,0.00222558149375506,1.0770043299256,1.23230926821205,1.03312391634387,0.00183115214486173,0.961702541218899,1.10193170086803,1.03064258298275,0.00183124296911607,0.95938677355419,1.09942590451979,0.973041203518642,0.00154938239642876,0.908754564942023,1.03909788111725,0.936224727447373,0.0015146643894659,0.871874036081605,1.00127689225236
"low-large","halfcauchy",1,"continuous",11,36,5555648,10405989,1,1,1,1,0.959752211034575,0.953171428818796,1.12253239956543,0.959752211034575,0.959078843326693,0.0615596579595689,0.562194856908315,1.36028464874697,0.956792020867924,0.00158782042297307,0.891247277506726,1.02383781882686,1.09738239291181,0.0788769589056742,0.629380382823509,1.56359009809509,1.11570486967557,0.00222259867466627,1.03818915299582,1.19404153765991,1.05476820134009,0.00182542498880933,0.983552024846299,1.12348878397346,1.0518282324633,0.00182550389815318,0.980791936017936,1.12044253102943,0.934985876097134,0.00154610553975476,0.870704302963838,1.00094861485617,0.891364452430915,0.00151023027302016,0.827084989524561,0.956399090072326
"low-large","halfcauchy",1,"continuous",11,37,5555648,5623096,1,1,1,1,0.959752211034575,0.953171428818796,1.12253239956543,0.959752211034575,1.01232952921961,0.0507150929440707,0.646480075009171,1.3828192829506,1.00945907534415,0.00135424202041809,0.948931642578341,1.07122075056611,1.0722770373376,0.0644274526708113,0.651933245799204,1.48867780997922,1.08801822794098,0.00189467779906667,1.01557148856486,1.16009624253401,1.04555123756615,0.00155667695016972,0.979576759426693,1.10905345588622,1.04274427818511,0.00155673092727524,0.977058886001142,1.10605182705909,1.07515008598208,0.00131754016459728,1.01602797624245,1.13594280922054,1.03350217421638,0.00128774589380788,0.97415052159715,1.09353161440952
"low-large","halfcauchy",1,"continuous",11,38,5555648,7612776,1,1,1,1,0.959752211034575,0.953171428818796,1.12253239956543,0.959752211034575,0.94638519007169,0.0533545048381595,0.572089704360783,1.32656613155598,0.942364329784904,0.00150244550030342,0.879093477927433,1.0074101301699,1.17525631551141,0.0673763979381064,0.746705377322066,1.60435574764236,1.19286247976578,0.00210282268432312,1.11745129475909,1.26785317161364,0.95976145257409,0.00172773516762194,0.890536057721756,1.02653818016647,0.956898611808147,0.00172783319168238,0.887896826350649,1.0237049742485,0.936958540580098,0.00146164848172655,0.874453129774402,1.00134317585235,0.8944814956951,0.00142937648349556,0.831977602870342,0.95771582867087
"low-large","halfcauchy",1,"continuous",11,39,5555648,1321373,1,1,1,1,0.959752211034575,0.953171428818796,1.12253239956543,0.959752211034575,0.992074012930536,0.0602297765984014,0.593328225888105,1.39137631202674,0.989538067826353,0.00136878609112958,0.929518678932026,1.05166177785412,1.21144985150129,0.0767783238808655,0.752012450935132,1.67445451975576,1.22937040355821,0.00191658566258293,1.15715965517176,1.30241906012387,1.03545892601575,0.00157375644080981,0.969242508629319,1.09923628552476,1.03252096185113,0.00157386565250861,0.966487529483143,1.096214738643,1.00710686439181,0.00133270622280624,0.947289544087381,1.06838300414203,0.963515185393918,0.00130222877569519,0.90384347140894,1.02385632901927
"low-large","halfcauchy",1,"continuous",11,40,5555648,9327230,1,1,1,1,0.959752211034575,0.953171428818796,1.12253239956543,0.959752211034575,1.00524176718218,0.0587085811980992,0.608647315063823,1.40038044579194,1.00211283853258,0.00140959852589566,0.941172387117912,1.06532359905233,1.11640270344828,0.0749638297099488,0.648792989300559,1.56289641917604,1.13472467230195,0.0019747717640923,1.0614818599847,1.20838833098515,1.00131754592228,0.00162217900630106,0.934219886472266,1.06614654854899,0.997883363321419,0.0016222522444747,0.930861720498041,1.06250026390057,1.07620131575349,0.00137398488282427,1.01562268689271,1.13840918267739,1.02524705723681,0.0013420400745505,0.964697918991108,1.086574547482
"low-large","halfcauchy",1,"continuous",11,41,5555648,12619772,1,1,1,1,0.959752211034575,0.953171428818796,1.12253239956543,0.959752211034575,0.996693791932338,0.0526942256323651,0.621206962204611,1.37853871546257,0.994230983551829,0.00148068227844712,0.931601670297548,1.05873182300574,1.10941555617246,0.0664040424135453,0.683403127558798,1.5289351264513,1.12586721177525,0.00207328118187554,1.05088129625377,1.20127394299838,0.958749326853753,0.00170400980954328,0.889941904775027,1.02509552954866,0.95592526235013,0.00170408708707106,0.887161084109932,1.02229657523469,0.9558938289814,0.00144230103230316,0.893766272056861,1.01980843663219,0.913992122080478,0.00140973647926125,0.851924308679167,0.976788011404193
"low-large","halfcauchy",1,"continuous",11,42,5555648,7909037,1,1,1,1,0.959752211034575,0.953171428818796,1.12253239956543,0.959752211034575,0.940016346486693,0.0538779604581019,0.560320401354537,1.31445221047606,0.936967102051987,0.00144847036806106,0.875073926273696,1.00078299971324,1.09958633142459,0.068888314169437,0.669973424435549,1.53012501646586,1.11645139035784,0.00202800655018696,1.04141173938315,1.19130928909904,1.0320700795655,0.00166587213790013,0.964074613263992,1.09769158122004,1.02887390434389,0.00166593026803993,0.961170995579172,1.0944924290698,0.953858007404874,0.00141052480455114,0.89254092678477,1.01700825199487,0.906435153865892,0.0013784757590162,0.845056461118087,0.968549523405358
"low-large","halfcauchy",1,"continuous",11,43,5555648,9955435,1,1,1,1,0.959752211034575,0.953171428818796,1.12253239956543,0.959752211034575,0.947414685934244,0.0541458453394117,0.565112565064385,1.32725633046742,0.94400015022113,0.00141562891225789,0.882414452997518,1.00733139890612,1.09050911554169,0.0691083172611997,0.656214349542918,1.52082427870247,1.10722120868722,0.00198100324984996,1.03317358515825,1.18127969751135,0.953777376660756,0.00162867653808453,0.886553140898341,1.01865663197911,0.950853662151392,0.00162878911486987,0.883898762116207,1.0155609487095,1.00934412184417,0.00137818244445542,0.948561583759763,1.07172841752853,0.965963870339226,0.00134754338764683,0.905261863956744,1.0273696521126
"low-large","halfcauchy",1,"continuous",11,44,5555648,15294335,1,1,1,1,0.959752211034575,0.953171428818796,1.12253239956543,0.959752211034575,0.886989589661178,0.05500251099192,0.500114391891878,1.26865546953769,0.883800067117701,0.00130790707976937,0.825099057144364,0.944545363337536,1.15645607993771,0.0704629941252586,0.72159430562136,1.58964621662953,1.17399890519866,0.00183099492486962,1.1029594352703,1.24513728046469,0.993186129855234,0.00150487919655663,0.928571360347328,1.05556479465391,0.989868708860066,0.00150492870802715,0.925390323596197,1.05200139540972,0.990933272132146,0.00127405354645439,0.932625041149302,1.05100566897863,0.941711449461965,0.00124501240193991,0.883348647513155,1.00072178904147
"low-large","halfcauchy",1,"continuous",11,45,5555648,7929159,1,1,1,1,0.959752211034575,0.953171428818796,1.12253239956543,0.959752211034575,0.923037992219298,0.0592854511454661,0.526819135060935,1.31962640452118,0.919448469518074,0.00130073714776479,0.860477262728123,0.980096493736525,1.07924393064943,0.0741984656276284,0.618817138517586,1.52276493964821,1.09670126278314,0.00182126640915741,1.02584852129823,1.16764757565625,1.04840153180201,0.00149716816312436,0.983960062969131,1.11064575611732,1.04453978242641,0.00149728752296134,0.980059699587521,1.10666379235328,1.08491355139806,0.00126781477558276,1.02650682396735,1.14470881078569,1.02761532387754,0.00123867661821343,0.969425923199907,1.08647073059054
"low-large","halfcauchy",1,"continuous",11,46,5555648,12956287,1,1,1,1,0.959752211034575,0.953171428818796,1.12253239956543,0.959752211034575,0.93092181860744,0.0543542477300738,0.55127208403418,1.31055095669073,0.927605281769186,0.00151731455192648,0.863785033232576,0.992961340835707,1.03073236780155,0.0686909066777843,0.594449785181568,1.46668873747288,1.04667432249104,0.00212376839062277,0.969976572345449,1.12314486631766,1.0197677572413,0.0017452420073162,0.950143869977463,1.08703083893556,1.01689299820991,0.00174530635755055,0.947542583844825,1.08409089077936,1.00249051846613,0.00147654890143591,0.939837001398629,1.06711160277316,0.959836637795317,0.00144403187591501,0.896999166224879,1.02337024934429
"low-large","halfcauchy",1,"continuous",11,47,5555648,3695323,1,1,1,1,0.959752211034575,0.953171428818796,1.12253239956543,0.959752211034575,0.935390652972471,0.0551593505684847,0.545140321474873,1.31292124940116,0.932871352617736,0.00143720655326772,0.871488975985781,0.99634762582885,1.12823541456582,0.0712096351635138,0.681134221380783,1.56038733024567,1.14605172686341,0.00200924383378206,1.07221014191289,1.22053330150378,0.957704310067261,0.00165228425624457,0.889987289047095,1.02298526085009,0.953996670758758,0.00165236994728809,0.886418480528571,1.01923213369422,1.04983646338057,0.00139880091315329,0.988712001014501,1.11267990998857,0.994824824871643,0.00136698853469529,0.933656232675115,1.0566813461971
"low-large","halfcauchy",1,"continuous",11,48,5555648,8442222,1,1,1,1,0.959752211034575,0.953171428818796,1.12253239956543,0.959752211034575,0.96333860287905,0.0537586267728185,0.582963181710825,1.33975804361623,0.960451941843627,0.00141621637093789,0.898594707639508,1.0237693035875,1.12330638643533,0.0679249114725786,0.69481510273047,1.55589565053671,1.14075739126765,0.00198044742442251,1.06662381299376,1.21430670302036,0.996486203139365,0.00162837869706952,0.929204582201013,1.06135654967229,0.993329669996016,0.00162850961390326,0.926130734276078,1.05815428559947,0.986223440289358,0.00137801944647502,0.925508307363307,1.04861039699635,0.939388771171154,0.00134707149057552,0.878719816141793,1.00080337819229
"low-large","halfcauchy",1,"continuous",11,49,5555648,7778962,1,1,1,1,0.959752211034575,0.953171428818796,1.12253239956543,0.959752211034575,0.99409075736185,0.059610815425775,0.595410233463292,1.39245980665269,0.990802545885074,0.00145912617428635,0.928416584901675,1.05478623617021,1.08804854499668,0.0760662273578835,0.62675257860346,1.53946267848,1.10513517384562,0.00204256767861756,1.03073267119162,1.1801054155155,0.968720345412064,0.00167798970411401,0.900502354412381,1.0346539019921,0.965816544514714,0.00167808026900904,0.897796537516516,1.0315617446116,1.01800501972948,0.00142128380299802,0.956268006263479,1.08132267489151,0.9749202339736,0.00138847594645826,0.91330784961641,1.03723305803496
"low-large","halfcauchy",1,"continuous",11,50,5555648,10418308,1,1,1,1,0.959752211034575,0.953171428818796,1.12253239956543,0.959752211034575,1.00935351075704,0.0518879123473428,0.639047197620981,1.38884846940961,1.00705811422041,0.00135052421714466,0.947014700135345,1.06877947535332,1.07125937133892,0.0657594788342153,0.643547125683659,1.49495128878014,1.08795656463287,0.00189242834298584,1.0159309056245,1.15987772327895,1.0102860549222,0.00155409851833572,0.944598819236317,1.07359887968822,1.00779098062649,0.00155417333669874,0.942343691345139,1.07107215154561,0.961068781894826,0.00131522549708468,0.901850587459266,1.02207966573138,0.924048426410466,0.00128588461201535,0.864734772845755,0.984039570412999
"low-large","halfcauchy",1,"continuous",11,51,5555648,8482903,1,1,1,1,0.959752211034575,0.953171428818796,1.12253239956543,0.959752211034575,0.953598807795422,0.0527657689057223,0.582301984453479,1.33541316067529,0.951018675725951,0.0014888624665285,0.887711672528889,1.01575287218683,1.04532752599762,0.0669016502255797,0.61052721416447,1.46731664360609,1.06165322455696,0.00208475133734593,0.986526953235314,1.1371694285696,1.00336623291729,0.00171314113886377,0.934018001547619,1.06991790280082,1.00007892667395,0.0017131798966613,0.93112066029267,1.06662989167061,0.995789099723315,0.0014502032095037,0.933857864624708,1.0597955887799,0.947014100949306,0.00141763851982569,0.884749953473721,1.00998034915334
"low-large","halfcauchy",1,"continuous",11,52,5555648,12734523,1,1,1,1,0.959752211034575,0.953171428818796,1.12253239956543,0.959752211034575,0.858293265487084,0.0547470676370415,0.473730463171698,1.24099549989278,0.855048047412308,0.00150699353530711,0.791462039456086,0.920296183132052,1.09726660369825,0.0695711056808243,0.661996470332059,1.53038498326637,1.11495079508086,0.00210481581786209,1.03940924831224,1.19020252589472,1.00976831583567,0.00173044131322748,0.940373157739283,1.07668581056578,1.007215891479,0.00173049542911292,0.938000661670903,1.07409291551674,0.974018934128247,0.0014649185948704,0.911630699891465,1.03837020233364,0.936147654225529,0.00143160218568298,0.873579329521739,0.999464175955211
"low-large","halfcauchy",1,"continuous",11,53,5555648,9999056,1,1,1,1,0.959752211034575,0.953171428818796,1.12253239956543,0.959752211034575,1.00942647514874,0.053960913020814,0.624272690973915,1.38940131898468,1.00558906171919,0.0013801462241021,0.944977984318263,1.06793190297837,1.09133885261279,0.0682122678556389,0.660104414399847,1.51105291286633,1.10884335347134,0.00193109692854395,1.03611810223382,1.18181976179463,0.991694954035666,0.00158706794226916,0.925402727376575,1.05574883519858,0.988863172948407,0.00158713491051407,0.922678528146744,1.05271690146529,0.995548138388509,0.00134337478322309,0.935626752253178,1.05713714220361,0.953531937634713,0.00131316525499009,0.893597002823749,1.01414430431798
"low-large","halfcauchy",1,"continuous",11,54,5555648,4408334,1,1,1,1,0.959752211034575,0.953171428818796,1.12253239956543,0.959752211034575,1.02142065277341,0.0620633222106022,0.616859718761524,1.42618528789741,1.01832731078574,0.00143425318526958,0.956245815652951,1.08201586775076,1.06225139251584,0.078407062324557,0.592218066352033,1.52875471671436,1.07995769231108,0.00200963167047796,1.00539571347847,1.15448757004205,1.01940539669369,0.00165095271581551,0.951707740240506,1.08469112569588,1.01652988911947,0.00165104751544319,0.94898414244265,1.08179369276856,1.0292102589934,0.0013984616893224,0.967894080705316,1.09218730824097,0.986545271911139,0.00136590465634369,0.925419974962709,1.04835849675768
"low-large","halfcauchy",1,"continuous",11,55,5555648,10452013,1,1,1,1,0.959752211034575,0.953171428818796,1.12253239956543,0.959752211034575,0.950645586934338,0.0605081997987394,0.555309099776202,1.35190643533318,0.948252431215698,0.00136429130867924,0.888947245463349,1.01035026248837,1.14618574772784,0.0766331532818833,0.688200560859687,1.60915539675932,1.16485954198033,0.00191058859663662,1.09200907484656,1.2375503001073,0.99442571314285,0.00156988393452414,0.928300579288224,1.0581768997724,0.991523612065075,0.00156996866655196,0.925660736638016,1.05516580980901,0.965354604334024,0.00132912108268071,0.905791073648406,1.02674851978036,0.922295039440317,0.0012989405784319,0.862706963380036,0.982578097891478
"low-large","halfcauchy",1,"continuous",11,56,5555648,12520447,1,1,1,1,0.959752211034575,0.953171428818796,1.12253239956543,0.959752211034575,0.955894111168312,0.0579201931726501,0.565231910098845,1.34976445219424,0.953250852057279,0.00151002495500667,0.890213654776855,1.01848837699589,1.08948693251597,0.07405636506705,0.648375399637837,1.54014813655082,1.10605034349017,0.00211335826573943,1.030264142063,1.18238146384745,1.05803895682231,0.00173583123326583,0.988706243034958,1.12512288679505,1.05518635927293,0.00173592092222419,0.986104578181157,1.12214811823765,0.99905616261421,0.00147013616187917,0.936217681946002,1.0635245932845,0.956731100184877,0.00143627965734955,0.894004761198742,1.020104158699
"low-large","halfcauchy",1,"continuous",11,57,5555648,11373729,1,1,1,1,0.959752211034575,0.953171428818796,1.12253239956543,0.959752211034575,1.01316783342324,0.0558492909962622,0.627492806927993,1.3971271953711,1.0101474916298,0.00137954586229961,0.949859564619903,1.07260983621135,1.13707326336592,0.071435917434135,0.697107689129109,1.57344920195759,1.15556405957186,0.00193084028980961,1.08225058624928,1.22837446152385,0.965337906434914,0.00158747492108022,0.898987577590905,1.02946588464415,0.962011921403158,0.00158753385229009,0.895872475860363,1.02609133367186,0.955362810053036,0.0013442641106855,0.895526801672201,1.01715879188423,0.906013919551885,0.00131342505313596,0.846093585397876,0.96659581157546
"low-large","halfcauchy",1,"continuous",11,58,5555648,7267402,1,1,1,1,0.959752211034575,0.953171428818796,1.12253239956543,0.959752211034575,0.935812239273661,0.0545303418032146,0.559967095900352,1.31587058532875,0.932263085666156,0.00140821408212611,0.871524677182794,0.995223066124883,1.21584165849292,0.068894833432835,0.779926369191471,1.65240482570862,1.2338169048637,0.00197221532539396,1.160543001056,1.30763465479826,1.04623682894237,0.00162033157412529,0.979134363623721,1.11096253433734,1.04297831615167,0.00162045953045565,0.976011498142326,1.10767630560523,0.922784026593118,0.00137206045735513,0.862306854673234,0.985015555679704,0.874436247102451,0.00134061696746883,0.813881624179566,0.935671450968208
"low-large","halfcauchy",1,"continuous",11,59,5555648,2378824,1,1,1,1,0.959752211034575,0.953171428818796,1.12253239956543,0.959752211034575,0.962039706305358,0.05640148230657,0.576275226577315,1.34890258437093,0.95970463788525,0.00158998840486988,0.894573178709988,1.02676321819739,1.05726681516174,0.0719545855745688,0.607343994039028,1.50202598508547,1.07397749854991,0.00222686372691749,0.99639313844416,1.15216085938604,1.01617757313629,0.00182941801346559,0.944887436116659,1.08497158550786,1.01315470353078,0.00182946181451287,0.942009068613746,1.08193064883073,1.01465727658052,0.00154890500379372,0.950293797145645,1.08078699628774,0.969805823631262,0.00151346599204215,0.905481290276348,1.03485261253243
"low-large","halfcauchy",1,"continuous",11,60,5555648,1853685,1,1,1,1,0.959752211034575,0.953171428818796,1.12253239956543,0.959752211034575,1.03098436212649,0.0497515738428916,0.666183873741494,1.39709658112942,1.02888680145846,0.00146378070492744,0.966150845226607,1.09298028097144,1.10795637091352,0.0630533775590536,0.698402808340743,1.51927730794488,1.1242276818858,0.00205240614558846,1.04893625092713,1.19920998555118,0.949667876759229,0.00168532603943652,0.881154662229819,1.01574661999994,0.946625462493493,0.00168538230039487,0.878252358521266,1.01262437048893,1.0286468956847,0.00142572826692048,0.9670000424799,1.09237583555161,0.983505451262849,0.00139388422825073,0.921782543107433,1.04600380659688
"low-large","halfcauchy",1,"continuous",11,61,5555648,15733857,1,1,1,1,0.959752211034575,0.953171428818796,1.12253239956543,0.959752211034575,0.980526662956399,0.0579060556696069,0.592615847597784,1.3620312442637,0.977527918002932,0.00133777917076113,0.918184156528156,1.03912292203752,1.12278476202346,0.0740867962663503,0.669785926580234,1.56285067828332,1.14120894748672,0.00187359064164779,1.06940822000416,1.21316389933122,0.937881822398802,0.00153881382845185,0.872591855202834,1.00101673990566,0.933603070272492,0.00153892439317789,0.868415414554358,0.996573512337392,1.05694637169079,0.00130381956640289,0.997838723628434,1.11773143984379,0.993460917563118,0.0012733915586778,0.934418276752443,1.05315364465458
"low-large","halfcauchy",1,"continuous",11,62,5555648,5518519,1,1,1,1,0.959752211034575,0.953171428818796,1.12253239956543,0.959752211034575,1.00208663685382,0.0515948754022254,0.6323024859765,1.36880673242236,0.998847091373868,0.00127641512894484,0.941059569560179,1.05870866325478,1.19455204825074,0.0655647407272758,0.766384646652576,1.6131669657576,1.2124605902467,0.00178989503908441,1.14292715291507,1.28254826153961,0.973184278475576,0.00146897799308312,0.909385310367294,1.03477323395861,0.970076181675784,0.00146902178464336,0.906218819987778,1.03164376219661,0.944644918557033,0.00124348450473904,0.887184609319127,1.00407400382058,0.898528917680463,0.00121540824647547,0.840897672701746,0.956848499373352
"low-large","halfcauchy",1,"continuous",11,63,5555648,7954789,1,1,1,1,0.959752211034575,0.953171428818796,1.12253239956543,0.959752211034575,0.92342822999078,0.0574954047353034,0.526033451297633,1.29977292401554,0.920773444342861,0.00140300587298922,0.859414748462212,0.983772553914304,1.10324401795152,0.0730248627325228,0.64397793334785,1.54293612775476,1.12166751477767,0.00196733738219145,1.04786139845928,1.19539724894337,1.04524627045648,0.00161626155869295,0.978343310230303,1.10992417756358,1.04232130848722,0.00161636716565954,0.975660824236024,1.10684114851109,0.919279281741856,0.00136935865223871,0.858824123510444,0.981414740885825,0.875880521205377,0.00133767996604607,0.815391529074888,0.937095107128708
"low-large","halfcauchy",1,"continuous",11,64,5555648,8022326,1,1,1,1,0.959752211034575,0.953171428818796,1.12253239956543,0.959752211034575,0.916591010549407,0.0592539472637756,0.520015123654363,1.31663962145811,0.913408762500716,0.00129189963224373,0.854668013158954,0.973832750317467,1.10494933226575,0.0755852467264636,0.646246078619821,1.55699852923558,1.12264621548922,0.001810775834777,1.05157776884557,1.19312007921621,0.94639113785572,0.00148706268673539,0.882120405689286,1.00839562694401,0.943591894344983,0.00148714352558357,0.879367132239244,1.0055183984942,0.950952115951441,0.00125931534633535,0.892945673926636,1.01062458917559,0.909418687454776,0.0012305997406146,0.851389244651257,0.968074208056373
"low-large","halfcauchy",1,"continuous",11,65,5555648,10048361,1,1,1,1,0.959752211034575,0.953171428818796,1.12253239956543,0.959752211034575,0.932113583269015,0.0548817534727267,0.546179825890466,1.31139815164858,0.929081940090806,0.00159015174449874,0.864019213847745,0.995916432309024,1.10359475388428,0.0696740943456123,0.664601999112443,1.53473592908058,1.12087720959969,0.00222780193176874,1.04259528894803,1.19921050099835,0.953309872727706,0.00182834965706628,0.882019192058583,1.02198467463904,0.950870872015051,0.00182840261417638,0.879935088201538,1.01944457630082,0.980633351843904,0.00154744969974625,0.916360881578295,1.04668713754743,0.944444981195266,0.00151251371220196,0.880128155298153,1.00946728156221
"low-large","halfcauchy",1,"continuous",11,66,5555648,12934619,1,1,1,1,0.959752211034575,0.953171428818796,1.12253239956543,0.959752211034575,1.01741658768348,0.0606106820743128,0.615671954074653,1.41852721578512,1.01444937863647,0.00147836398182749,0.95202634714772,1.07931779013538,1.12533535134503,0.0771138382732629,0.655837183248935,1.58584889918802,1.14331654630595,0.00207001707373969,1.06817266134515,1.21898426310841,1.02388773931778,0.00170133595972696,0.95515883990178,1.09029677148735,1.02065685426987,0.00170143899562265,0.952077042934163,1.08696224540025,1.06561040462779,0.00144138411877789,1.00350573201743,1.12924225318711,1.01767254834498,0.0014075720410495,0.955600544805049,1.08040598706863
"low-large","halfcauchy",1,"continuous",11,67,5555648,3702303,1,1,1,1,0.959752211034575,0.953171428818796,1.12253239956543,0.959752211034575,0.959787848259552,0.0535324994559874,0.581184487790334,1.33776973837426,0.956894830528498,0.00158176795749106,0.891793310591404,1.02368517499135,1.09938907003736,0.068555117648273,0.657892660748319,1.5302463116528,1.11709087340891,0.00221106101652263,1.03969532715711,1.19451185693796,0.962617961292086,0.00181785305534921,0.891558439616528,1.03125251965834,0.959167134276014,0.00181794509063381,0.888474775210625,1.02773569384044,0.971639460650596,0.00153825604713328,0.90791478301518,1.0377430159612,0.920438242687002,0.00150397389289954,0.856314503234162,0.985228253733459
"low-large","halfcauchy",1,"continuous",11,68,5555648,11772259,1,1,1,1,0.959752211034575,0.953171428818796,1.12253239956543,0.959752211034575,0.920539836283535,0.0518132910896202,0.559178891508716,1.29055847399307,0.917300196282204,0.00154230842858906,0.853148786853805,0.983033391425719,1.01984976034581,0.0653444097411021,0.59897740307425,1.43986936846274,1.03639504725526,0.00215963637736812,0.959130351397434,1.11337218211726,0.988236197347781,0.00177610228714688,0.91802671028894,1.05608889225275,0.98501820050049,0.00177617999689295,0.914903492058009,1.05282411252311,0.965461409160288,0.00150268032835811,0.902287112307461,1.03042719107857,0.917714779956075,0.00146925249616895,0.854351668772479,0.981860203459302
"low-large","halfcauchy",1,"continuous",11,69,5555648,11209038,1,1,1,1,0.959752211034575,0.953171428818796,1.12253239956543,0.959752211034575,0.935246753690616,0.0573658096459212,0.540211747856927,1.32786636904994,0.93207079181881,0.00137074794445786,0.872143095352132,0.994301948508885,1.13771716567077,0.0736239353083499,0.691822050543631,1.57958642061537,1.15494054162735,0.00191913071407602,1.0820390586804,1.2279087445133,1.05169997723799,0.00157696275088449,0.985626842047666,1.11555771479956,1.04889344487235,0.00157705294315285,0.983013718199252,1.11266758842287,1.03959718339272,0.00133553223321761,0.979864365252095,1.1008698490045,0.997955607415104,0.00130485937326486,0.938236184774929,1.05838249492156
"low-large","halfcauchy",1,"continuous",11,70,5555648,1695485,1,1,1,1,0.959752211034575,0.953171428818796,1.12253239956543,0.959752211034575,0.880244144525006,0.0557391290459922,0.493061430810882,1.26224658505847,0.877018486122631,0.00143534096656487,0.815101454717689,0.940635725419788,1.13812841764922,0.0706018779721264,0.694625670938107,1.5789424620133,1.15507740226835,0.00201110858322105,1.08024891303459,1.22963058458842,1.06083517627903,0.00165250696151212,0.9931028350457,1.12624717129065,1.05782058352845,0.00165259956308797,0.99023188862959,1.12314621711229,0.984802060801515,0.00139896658933006,0.923775583385991,1.04753125623792,0.940073414660984,0.00136723923658899,0.878935639130289,1.00189971983383
"low-large","halfcauchy",1,"continuous",11,71,5555648,9219215,1,1,1,1,0.959752211034575,0.953171428818796,1.12253239956543,0.959752211034575,0.9475356449538,0.0519068199306991,0.580215884472971,1.31522595214025,0.944485422163975,0.00146718640738951,0.881795272463492,1.00886577745662,1.17781915045444,0.0667669919997386,0.755624576449931,1.60099772028557,1.19409431486466,0.0020512834855938,1.11922636792962,1.26913506669853,1.01957654575606,0.00168674698540442,0.951121495080088,1.08556634455831,1.01651713363153,0.00168681116154508,0.948194394741757,1.08255754091516,1.04011029316864,0.00142744791815342,0.978634844479754,1.10360184181624,0.99471664512458,0.00139536081918676,0.932943415457655,1.05719526609868
"low-large","halfcauchy",1,"continuous",11,72,5555648,7751896,1,1,1,1,0.959752211034575,0.953171428818796,1.12253239956543,0.959752211034575,0.988259263119539,0.0595299360215439,0.588455651568294,1.38545589878466,0.985321175625847,0.00141442328412248,0.923637606819205,1.04847936268598,1.08469460939628,0.0754425016521334,0.617895495074617,1.53929534250888,1.10264417989252,0.00197941072623254,1.02860836933776,1.17659658445381,0.929018961331548,0.0016270427405366,0.861853935323329,0.993824972487485,0.92613076871736,0.00162717574091607,0.859061795694429,0.990990613338992,1.05640176298653,0.00137748956318287,0.995605088362589,1.11878769852295,1.0135485631967,0.00134617930216908,0.952878600961852,1.07491049194403
"low-large","halfcauchy",1,"continuous",11,73,5555648,5131789,1,1,1,1,0.959752211034575,0.953171428818796,1.12253239956543,0.959752211034575,0.983500622549223,0.0610372047347851,0.581904783977542,1.3874559098988,0.980941848525516,0.0015207060177387,0.916856096076366,1.04637971468232,1.06922733331118,0.0777117427525044,0.603957495626788,1.52443287174451,1.08670569755141,0.0021318931180561,1.0099450164956,1.16375856005171,0.99590282577387,0.00175019999070658,0.926200534336248,1.06328904113349,0.992558888229988,0.0017502906950738,0.923015048717752,1.05967506325568,1.00576606291551,0.00148255322401981,0.942784330565197,1.07049317777466,0.95615080424171,0.00144811630449348,0.893203862514962,1.01981453853474
"low-large","halfcauchy",1,"continuous",11,74,5555648,6405191,1,1,1,1,0.959752211034575,0.953171428818796,1.12253239956543,0.959752211034575,0.962233560566825,0.054116027337935,0.578575664983225,1.34774473208353,0.95928015379215,0.0014402225993762,0.89799610628677,1.02300961644695,1.0759668341723,0.0693695315975704,0.642424717311111,1.5162395747511,1.0935841242231,0.00201508025311108,1.01991420093356,1.16819755459749,1.00109332763711,0.00165627443799155,0.933255266059686,1.06649966216247,0.998372360491968,0.00165634144665629,0.930678697731868,1.06363836500521,0.941399140404374,0.0014022461709481,0.880338517436946,1.00428650096241,0.901027127776307,0.00137054637041329,0.839802837874334,0.962926160965388
"low-large","halfcauchy",1,"continuous",11,75,5555648,7633663,1,1,1,1,0.959752211034575,0.953171428818796,1.12253239956543,0.959752211034575,0.939432462137865,0.0514009961134466,0.572943794064003,1.30823910105457,0.937251161116523,0.00138701968710373,0.876453307291824,0.999874689024874,1.0852177845824,0.0657052151922409,0.652818607410404,1.49981640230297,1.10228677898655,0.00194319585777542,1.0295116872446,1.17526501122275,0.988051853307511,0.00159558012816015,0.92160572717916,1.05234419855801,0.98491813688918,0.00159565892139717,0.91847326994932,1.0491049433246,0.999227419162612,0.00135044419073174,0.939465839473757,1.06114078813404,0.952731290372696,0.00131984614464295,0.892642345424756,1.01351400041797
"low-large","halfcauchy",1,"continuous",11,76,5555648,8659458,1,1,1,1,0.959752211034575,0.953171428818796,1.12253239956543,0.959752211034575,0.926240301939302,0.0474277295840535,0.568394704896612,1.28938622897614,0.923047087036118,0.00146554528334978,0.860799790114147,0.987036591564241,1.14353353178979,0.0603114825304486,0.737876116440447,1.53970579236386,1.15969760669392,0.00204822665469695,1.08457240415749,1.23359557706414,0.927380364560654,0.0016854403068899,0.858502739732049,0.993419286021133,0.924610486154221,0.00168553542907737,0.856173361920069,0.99055451845938,0.950384846435429,0.00142587125091119,0.888860454870398,1.01387551019245,0.909287119032735,0.00139399128684885,0.847592536003821,0.971740890785855
"low-large","halfcauchy",1,"continuous",11,77,5555648,2919821,1,1,1,1,0.959752211034575,0.953171428818796,1.12253239956543,0.959752211034575,0.936050643780097,0.0623725957307289,0.528017485332067,1.33610158451344,0.933431447350358,0.00141333868006102,0.871844890600315,0.99656327948702,1.08062214873624,0.0787211434152352,0.611746923499495,1.53929031819731,1.09931982298466,0.00197928586086875,1.02505451313125,1.17329766090729,0.964668028564358,0.00162667003305257,0.897332674235032,1.02952710414772,0.961551249920975,0.0016267250679114,0.894400595437392,1.02619759444897,1.02143185676826,0.00137789501937137,0.960811895283434,1.08368273052573,0.97518704011391,0.00134578104039342,0.914512198757594,1.03653903450787
"low-large","halfcauchy",1,"continuous",11,78,5555648,5736573,1,1,1,1,0.959752211034575,0.953171428818796,1.12253239956543,0.959752211034575,0.896893588676488,0.0579404881386987,0.501788229354288,1.28464127187793,0.89401494770817,0.00152577484692945,0.830369395252974,0.959546830123907,1.12354400501069,0.0742820369088023,0.673150292778138,1.56737905890458,1.14072449159797,0.00213286483545505,1.06427070784769,1.21752125983068,1.01902151325106,0.00175553572307255,0.949240010375514,1.08639989633992,1.01645326490646,0.00175560913796023,0.946927952956587,1.08374563060679,1.07959209906069,0.00148626555443337,1.01662043807708,1.14434481650438,1.04148603269926,0.00145242901808622,0.978472004695877,1.10521623664788
"low-large","halfcauchy",1,"continuous",11,79,5555648,10875561,1,1,1,1,0.959752211034575,0.953171428818796,1.12253239956543,0.959752211034575,0.952987484606495,0.0535630972600236,0.575814495114039,1.33442852150296,0.950008500052003,0.00142178651288215,0.888074728741508,1.01353465875072,1.10216398516592,0.0676434979029985,0.66560584799485,1.53303983035628,1.11985802708975,0.00198956618639155,1.04638091821301,1.19358723812048,1.03625850733324,0.00163397798612751,0.968983848771062,1.10125913403127,1.03333021737489,0.00163410723179843,0.966249044602524,1.09834448106426,0.985189090684215,0.00138293261965911,0.924629301755862,1.04770215948686,0.941740951522278,0.00135178486027827,0.880945946973803,1.00324237382798
"low-large","halfcauchy",1,"continuous",11,80,5555648,13075638,1,1,1,1,0.959752211034575,0.953171428818796,1.12253239956543,0.959752211034575,0.996922538629302,0.0545600750603008,0.610107713271513,1.3787576223881,0.993638269827461,0.00152291546887996,0.930081673314564,1.05940428389659,1.04764901692652,0.0697307897662141,0.610088779594032,1.48636114172041,1.06465734612814,0.00212880584749913,0.988612613385998,1.14133742789542,1.00353138028779,0.00175121168769406,0.933793228013116,1.07086211837518,1.00048591137718,0.00175125242503795,0.931068683663466,1.06761332393012,1.07376610383935,0.00148338320139998,1.0108275173727,1.13838159923751,1.02857933650281,0.00144900105112794,0.965627506942086,1.09226131277635
"low-large","halfcauchy",1,"continuous",11,81,5555648,5416381,1,1,1,1,0.959752211034575,0.953171428818796,1.12253239956543,0.959752211034575,0.987579695705948,0.0630014418084646,0.584686846330368,1.39314049769087,0.986026198859092,0.0013529327242309,0.925540677161229,1.04814877372263,1.17816245590759,0.0790719623893882,0.704463794514535,1.6469123598558,1.19659113487828,0.00189514679137966,1.12435703619626,1.26926761795111,1.02924443227794,0.00155737917003076,0.963603647022616,1.09267951617513,1.02650220589937,0.00155744308312211,0.960878479514409,1.08987528771766,1.01575997595955,0.00131920558415206,0.956356854061375,1.07660404793213,0.975072532091506,0.00128893957817688,0.915661473981767,1.0351181869141
"low-large","halfcauchy",1,"continuous",11,82,5555648,14395884,1,1,1,1,0.959752211034575,0.953171428818796,1.12253239956543,0.959752211034575,0.908433327151114,0.0556918246767267,0.520020797273646,1.29627795304394,0.905651689682997,0.00135004304594452,0.845919993922108,0.967427046662206,1.12241935051535,0.0716541153387704,0.673301439465451,1.55882854964801,1.13912036008421,0.001887594631625,1.06753928240355,1.2112961671655,1.00780254946957,0.00155179376211856,0.942231626447914,1.0711476423071,1.00409325166853,0.00155186692804479,0.93875944478028,1.06747271919145,1.09570078867105,0.001314280181937,1.03642163337819,1.15655004308885,1.04066454248476,0.00128383594106107,0.981407891295923,1.10058243418657
"low-large","halfcauchy",1,"continuous",11,83,5555648,12567812,1,1,1,1,0.959752211034575,0.953171428818796,1.12253239956543,0.959752211034575,0.971192322580346,0.0561348642736958,0.586035147730336,1.35782888211024,0.969328263176747,0.00151680390736465,0.905883339323599,1.03484087595438,1.02222032362505,0.0717792262440611,0.579324781857179,1.45504656326177,1.03907712306519,0.00212179362634722,0.963774951407691,1.11565171274153,0.984190700943104,0.00174410563045547,0.914251233672976,1.05137913475302,0.981408054031725,0.00174417097336925,0.911955934361276,1.04837328965647,0.969094389569273,0.00147678601174311,0.906282412230228,1.03350511671862,0.927807211057683,0.00144280086017252,0.864993720568164,0.99133332665483
"low-large","halfcauchy",1,"continuous",11,84,5555648,7979889,1,1,1,1,0.959752211034575,0.953171428818796,1.12253239956543,0.959752211034575,0.908779345172903,0.0593284258148366,0.507186617255579,1.30180689599102,0.906391107771308,0.00150962208882247,0.842411964349364,0.971527064080553,1.14903180021264,0.0753429744683776,0.689966342609768,1.60261613741138,1.16765165930755,0.00211366782245209,1.09137081226692,1.24399956569077,1.04566903094498,0.00173742732772143,0.975964855529313,1.11263534691687,1.04231130265437,0.00173753501296553,0.972926209077629,1.10923930515828,0.95996226798741,0.0014716483810502,0.897100163810901,1.02445819448416,0.910142390819056,0.00143763766348718,0.847441931478079,0.973521148617359
"low-large","halfcauchy",1,"continuous",11,85,5555648,8706617,1,1,1,1,0.959752211034575,0.953171428818796,1.12253239956543,0.959752211034575,0.936673080958,0.0573088506935091,0.550396291640509,1.32774663989793,0.933621512214918,0.00143635679299459,0.872960759386276,0.99734140213167,1.10783878063334,0.0731259900931636,0.654857046509277,1.55200883377571,1.12626546534968,0.00201115093170483,1.05136623171166,1.20073050597809,0.985341569478526,0.00165344468894042,0.917611540853692,1.05077298935363,0.982407733438311,0.00165355190741945,0.914748116563317,1.04763770883083,1.04100380634393,0.00139992885852145,0.97965934377034,1.1038178439848,0.997473377880014,0.00136787807516378,0.936319729582599,1.05928819911245
"low-large","halfcauchy",1,"continuous",11,86,5555648,16046523,1,1,1,1,0.959752211034575,0.953171428818796,1.12253239956543,0.959752211034575,0.907096846404111,0.0505348618267958,0.543436387663671,1.2843535954913,0.904324314066908,0.00132700205048632,0.845510999252823,0.965453178973284,1.06886016790323,0.0640890329960268,0.653172632412391,1.48550586565819,1.08568577822986,0.00186007699670436,1.01447454737388,1.15637646951233,1.04647552882345,0.00152819532895496,0.981350029208159,1.10934698100388,1.04311673030834,0.00152825189554576,0.978046662204805,1.10585576749939,1.00700687876425,0.001293056207979,0.948380385260569,1.06746885578507,0.957171122272501,0.00126426052685872,0.89839557028484,1.01666186294484
"low-large","halfcauchy",1,"continuous",11,87,5555648,6760913,1,1,1,1,0.959752211034575,0.953171428818796,1.12253239956543,0.959752211034575,0.983968296634378,0.0592655333355488,0.58935218046373,1.37852062309848,0.981599447170627,0.00134551520081259,0.922872540004097,1.04310996315507,1.08572536561494,0.0751341482062391,0.634124366083059,1.54100850556769,1.10364184926377,0.00188162640256907,1.03115308664447,1.17552613026119,0.976571929666286,0.00154640441488723,0.910720621599518,1.03988853385214,0.973252262746717,0.0015464870841554,0.907667604954786,1.0363620377201,1.03697921227437,0.00130934094358348,0.977729968028554,1.09772934337348,0.987724065979362,0.0012795620076409,0.928578679712996,1.04754227552197
"low-large","halfcauchy",1,"continuous",11,88,5555648,15978458,1,1,1,1,0.959752211034575,0.953171428818796,1.12253239956543,0.959752211034575,0.975200619165299,0.0529645493101387,0.605245101014334,1.34284482893824,0.972659954595409,0.00142987180040768,0.910838366346525,1.03620720128343,1.03547813746908,0.0670202177838084,0.601081782343935,1.4655676681804,1.05118123962602,0.00200335876025815,0.976935526349735,1.12534115616304,1.07781225120978,0.00164511405506632,1.01035164589827,1.14297677837178,1.07461853560591,0.00164519774080547,1.00725730958156,1.13981216445876,0.930593243631593,0.00139229340573688,0.869636578185391,0.993419733590135,0.883206884365924,0.0013611327379442,0.822230627830779,0.94491788548247
"low-large","halfcauchy",1,"continuous",11,89,5555648,16104079,1,1,1,1,0.959752211034575,0.953171428818796,1.12253239956543,0.959752211034575,0.980216762696495,0.0569630670655201,0.586427921202351,1.36784542094257,0.977540060264202,0.00142448607047093,0.916090653916052,1.04089943119315,1.17802799928681,0.073823909448704,0.718246294831413,1.62055774049596,1.19644124124706,0.00199487252005169,1.12232408547331,1.27064285640252,1.01419243828341,0.00164037636005461,0.946771780114399,1.07942114856689,1.01163720804794,0.00164043799500173,0.94440442969121,1.07672429597393,0.986014314826936,0.00138894922848236,0.924959682250665,1.04856376942492,0.948101403045463,0.00135740732747228,0.887175409100898,1.00972920359899
"low-large","halfcauchy",1,"continuous",11,90,5555648,13828277,1,1,1,1,0.959752211034575,0.953171428818796,1.12253239956543,0.959752211034575,0.975422635622928,0.0578047730970036,0.586356016393639,1.36283616836936,0.972330867680269,0.00150909797639396,0.909144589539647,1.03773648970505,1.11541469154995,0.0737896969334488,0.658453848671324,1.55782065259356,1.13360065221608,0.00211247356610651,1.05783405321566,1.20995304603014,0.932869506461372,0.00173792826415568,0.86345845247057,0.999983026995731,0.929470653265466,0.0017380189672841,0.860113439891862,0.996476996167167,1.05566670946853,0.00147211552240687,0.992844155137053,1.12017535201692,1.00523664661713,0.00143807514725077,0.942541804671539,1.06867019750648
"low-large","halfcauchy",1,"continuous",11,91,5555648,191348,1,1,1,1,0.959752211034575,0.953171428818796,1.12253239956543,0.959752211034575,0.948695965950634,0.0523101454614113,0.58240829862111,1.32477949181752,0.945535782093203,0.0013172122466355,0.886407372066927,1.0063048767205,1.10535789179474,0.0666259640392941,0.669385453150116,1.52444969788382,1.12306018403861,0.00184469260963217,1.05206992018722,1.19423179698103,0.951950354452033,0.00151653569493983,0.887155200502839,1.0145222226595,0.948946445107228,0.00151661123586524,0.884207980984259,1.01154113656737,0.988886823895643,0.00128404285815359,0.930309650048909,1.0491918300652,0.944316691463647,0.00125486935838529,0.885750799153249,1.0036060173836
"low-large","halfcauchy",1,"continuous",11,92,5555648,14982505,1,1,1,1,0.959752211034575,0.953171428818796,1.12253239956543,0.959752211034575,0.964080035694745,0.0529172781127698,0.593624679789354,1.34114636084928,0.960907146040684,0.00136395161007961,0.900926735787337,1.02277647867696,1.1127260184439,0.0663656944186504,0.684972163882198,1.53436592142864,1.12976749032639,0.00191208037797032,1.05690818757481,1.20218340256935,1.03663985288036,0.00157097944350175,0.97056739330065,1.10042905487941,1.03374054598895,0.00157105049876552,0.967729292433331,1.0973985107212,0.994980044080532,0.00133012514787474,0.935500862010211,1.05634878676571,0.951961937580472,0.00129976843033428,0.892348833754788,1.01227040565242
"low-large","halfcauchy",1,"continuous",11,93,5555648,2764396,1,1,1,1,0.959752211034575,0.953171428818796,1.12253239956543,0.959752211034575,0.954115374577821,0.0496322751352604,0.589911190574152,1.32312684529962,0.95062806720787,0.00137261707910314,0.890761705223397,1.01279348495,1.0497204293391,0.0628419875169882,0.628593993751367,1.45935982573303,1.06655141062623,0.00192294260308136,0.993886706706174,1.13950916671039,0.996796121020315,0.00158028706712577,0.930272520026464,1.06076952551348,0.993602737288341,0.00158034854804915,0.927311025049027,1.05747641437469,0.990844040814232,0.00133675444261924,0.931140549943187,1.05230112295212,0.943462605656619,0.0013073351232184,0.8836958429665,1.00396527143549
"low-large","halfcauchy",1,"continuous",11,94,5555648,9311146,1,1,1,1,0.959752211034575,0.953171428818796,1.12253239956543,0.959752211034575,1.04751219339972,0.0558173136099157,0.659555718869187,1.42518965893525,1.04489755109675,0.00135895899079318,0.985220178034698,1.10697032452445,1.10212733994827,0.0718609708018425,0.659090855120989,1.5381961720588,1.12049713002542,0.00190279554895408,1.04803625914993,1.19280320426545,0.916055456165898,0.00156432843165819,0.850151142811552,0.979674894563377,0.913231493681127,0.00156437047969394,0.847443306017788,0.976606933271429,0.991784331598108,0.00132483965378066,0.93232090564176,1.05286126355694,0.949884138389253,0.00129437988453048,0.890389207987964,1.0100564949958
"low-large","halfcauchy",1,"continuous",11,95,5555648,9704673,1,1,1,1,0.959752211034575,0.953171428818796,1.12253239956543,0.959752211034575,0.950962459570835,0.0522690382447637,0.581138466022763,1.32069788814964,0.947642271771,0.00126113143820903,0.889947350128834,1.00729229655663,1.11450114435125,0.0656739621364228,0.687413443105881,1.54078180321838,1.13229295142827,0.00176565776736675,1.06245625923734,1.20195522647945,0.958246347855071,0.0014501878040935,0.894844258486098,1.01941311820233,0.954792510416028,0.00145025382128631,0.891499038708514,1.01599321759635,1.00337039397827,0.00122722815909091,0.946260349450604,1.06237024745199,0.952124509237129,0.00119984202464508,0.894849684869224,1.01005432592892
"low-large","halfcauchy",1,"continuous",11,96,5555648,8393004,1,1,1,1,0.959752211034575,0.953171428818796,1.12253239956543,0.959752211034575,0.980283999310143,0.0582550292788275,0.590879346355076,1.37852687690143,0.978442144906667,0.00141920857967687,0.917505334390983,1.04168820594605,1.10576762672562,0.0736615054685643,0.651587669759391,1.54973677631455,1.12265992828211,0.00198924192359672,1.04845567835453,1.19681093334823,1.01162227570888,0.00163422420053807,0.944319877082425,1.07661586953736,1.00837343679893,0.0016343120818072,0.941226758228863,1.07329488845676,0.990029584903929,0.00138389049134889,0.929078994547779,1.05261589064769,0.941825340419272,0.00135229107708883,0.881034741962782,1.00331543433545
"low-large","halfcauchy",1,"continuous",11,97,5555648,14596805,1,1,1,1,0.959752211034575,0.953171428818796,1.12253239956543,0.959752211034575,0.995747755769252,0.0568000510305164,0.604121706016388,1.37948096953925,0.992977410556612,0.00145503849109618,0.93080920280138,1.05696338313784,1.00709779189124,0.0728685296759925,0.554832107672566,1.43839958317894,1.02429604245045,0.00203996286222775,0.94927459614998,1.09934794671696,0.985700730278367,0.00167526524645516,0.917547831746983,1.05160286066105,0.982494712965796,0.0016753318337155,0.914393341350186,1.04815880917187,0.993341563762798,0.0014188091546657,0.931713932971997,1.05657176115195,0.945772679419568,0.00138635593205866,0.884187647024426,1.00803504322708
"low-large","halfcauchy",1,"continuous",11,98,5555648,6602517,1,1,1,1,0.959752211034575,0.953171428818796,1.12253239956543,0.959752211034575,1.01236721981687,0.058728860123466,0.615018469714407,1.39429007285406,1.00967232863969,0.00134786602427074,0.950227989948773,1.07127671715654,1.05963545363691,0.0746898691933816,0.597893841028352,1.50960393993083,1.07791178694034,0.00188675001198084,1.00589207098291,1.15011053138552,0.995348987911597,0.00155088959155462,0.92976277244194,1.05877731697592,0.992232795760303,0.00155098640722757,0.926761114819842,1.05541014199232,0.962868320818189,0.00131443176249403,0.903521393714675,1.02364966752111,0.916632206167488,0.00128350480918386,0.857415975353522,0.976576231448389
"low-large","halfcauchy",1,"continuous",11,99,5555648,13906523,1,1,1,1,0.959752211034575,0.953171428818796,1.12253239956543,0.959752211034575,0.936817583832774,0.059047235844324,0.540174878201306,1.3333895635063,0.934259680323066,0.00138797726851371,0.873170355774843,0.996774639411318,0.998237397955279,0.0750925841475425,0.538363671133493,1.44913707171562,1.01571038469487,0.00194192311278478,0.942649398149141,1.088684109262,1.00635005264285,0.00159500239390414,0.939832395360604,1.07065440544758,1.00317609748542,0.00159504475862724,0.936801802964041,1.06735017495478,1.01644862441431,0.00135022944306965,0.956188544936723,1.07803439997656,0.969355458322392,0.00131969983254205,0.909284564062786,1.03013176369658
"low-large","halfcauchy",1,"continuous",11,100,5555648,12848578,1,1,1,1,0.959752211034575,0.953171428818796,1.12253239956543,0.959752211034575,0.971440640746921,0.0552155627269773,0.584823361222371,1.34503972081475,0.96872801066149,0.00130043402585028,0.910443819660332,1.02935715022986,1.1511815510173,0.0708895858178992,0.714248564898053,1.5882855887348,1.16917772646787,0.0018217566781942,1.09833684758905,1.23976614357024,1.04298893893803,0.00149621711082217,0.978669597900546,1.10518824809638,1.03992683500342,0.00149630112354276,0.975626086906343,1.10195107796639,1.00750298536987,0.00126746600073187,0.949441273519941,1.06720865669184,0.962069397927543,0.00123811417781445,0.903866266625715,1.0209394874201
"low-large","halfcauchy",1,"continuous",11,101,5555648,6320272,1,1,1,1,0.959752211034575,0.953171428818796,1.12253239956543,0.959752211034575,0.964378349319625,0.0532750528296701,0.578476568201791,1.34058850905643,0.961497020947555,0.00140059278804401,0.900985984480021,1.02436550656334,1.19540878127119,0.0680543629968439,0.75676579506715,1.62557745843049,1.21331323347423,0.00196059940623045,1.14033682142001,1.28688282903489,0.992875424060382,0.00161126502176174,0.925970401970538,1.05734708794427,0.989389425375266,0.00161139173533989,0.922629422586792,1.05385402748223,0.986105894057023,0.0013642246408768,0.925797600921275,1.04821387996326,0.93438282081513,0.00133303493374432,0.874029896038216,0.995473301439154
"low-large","halfcauchy",1,"continuous",11,102,5555648,5633238,1,1,1,1,0.959752211034575,0.953171428818796,1.12253239956543,0.959752211034575,0.92336836859261,0.0502796964451378,0.565817284833415,1.28685390777466,0.92017052183339,0.00158324285856364,0.855257124263457,0.986706731138844,1.0827205338323,0.0638324571013088,0.66770160850215,1.49800920473047,1.09940892998113,0.00221897202882223,1.02200889627144,1.17656321539854,0.958016540696381,0.00182253405043508,0.886558814466031,1.02660648177093,0.954608910142708,0.00182263012237664,0.883352547048741,1.02320507147887,0.981268651950352,0.00154197813317361,0.917300349791943,1.04753291878361,0.930708356141442,0.00150764395646168,0.866470175858152,0.995670229372099
"low-large","halfcauchy",1,"continuous",11,103,5555648,12380607,1,1,1,1,0.959752211034575,0.953171428818796,1.12253239956543,0.959752211034575,0.88563714133132,0.059408469737437,0.48653014936618,1.28424282346855,0.882996651893692,0.00141457906914113,0.822747026162974,0.94609196148081,1.1487517775907,0.0761300437894101,0.688916801737698,1.60384344708873,1.16722261749711,0.00198377707741525,1.092922635785,1.24129709855556,0.936246291402728,0.00162949115876917,0.868954170093003,1.00113364479071,0.932970258406489,0.0016296078300783,0.865825090973552,0.997836217743055,0.994604292716985,0.00137970636388065,0.933921243390767,1.0570336745258,0.945996559348984,0.00134834278390678,0.885228491279494,1.0074210131845
"low-large","halfcauchy",1,"continuous",11,104,5555648,1387674,1,1,1,1,0.959752211034575,0.953171428818796,1.12253239956543,0.959752211034575,1.00416750356375,0.0523628920164139,0.634779661517517,1.37895832552829,1.00120541351839,0.0014055915125586,0.939842323859732,1.06420305604896,1.12971272729004,0.0662447231600913,0.701864323302641,1.54814176126872,1.14686548853171,0.00197081760508642,1.07354697409836,1.22042117239899,0.948067656071388,0.00161892449246905,0.881137386029829,1.01274914900434,0.944722289695737,0.0016190127996813,0.878008956542164,1.00936709670408,1.02136891279303,0.00137016851475018,0.961119832355773,1.08363521175328,0.971732454005021,0.0013392986443365,0.911213327837379,1.03297250861067
"low-large","halfcauchy",1,"continuous",11,105,5555648,15646132,1,1,1,1,0.959752211034575,0.953171428818796,1.12253239956543,0.959752211034575,0.966514321813703,0.0580657407519348,0.576575119516449,1.35776805029212,0.963660876792377,0.00136921479889815,0.903133529645675,1.02598671595883,1.16900252628132,0.0735519308905026,0.716682068205788,1.60944433571676,1.18700165874643,0.00191786665207254,1.11402695347024,1.25981709400754,0.976893478789827,0.0015748930527532,0.910811399655055,1.04068674903436,0.973601055981585,0.00157498141623795,0.907605451634796,1.03727350653439,1.02320305542422,0.00133366873728785,0.963400536210993,1.08453281185537,0.97435214025288,0.00130328781597384,0.91467669279864,1.03471966135686
"low-large","halfcauchy",1,"continuous",11,106,5555648,9271446,1,1,1,1,0.959752211034575,0.953171428818796,1.12253239956543,0.959752211034575,0.983527141003175,0.0539039200216321,0.605042006295339,1.3643694162352,0.980779855426777,0.00154207910231054,0.916976455224403,1.04677936971814,1.10172465605555,0.06962541389716,0.659716493541717,1.53546597548907,1.11892527651548,0.00215652351396598,1.04256476582085,1.19477320942501,0.984999240032538,0.00177272872694344,0.914814369720243,1.05262901837976,0.982340678853416,0.00177278804576263,0.91233643503438,1.05003475042766,1.04503260007215,0.00150117716445018,0.981774877751998,1.11006978947461,1.00558652822682,0.0014669664063953,0.942235241744918,1.0696673314448
"low-large","halfcauchy",1,"continuous",11,107,5555648,12761671,1,1,1,1,0.959752211034575,0.953171428818796,1.12253239956543,0.959752211034575,0.908017491933909,0.0543366040676209,0.528954379770446,1.2860767430423,0.904436397964931,0.00130218256906541,0.845673363810523,0.96525641746651,1.03745953516502,0.0689244298515064,0.60170454328887,1.47597868494529,1.05406381989639,0.00182303567080244,0.983657458260783,1.125017139905,1.06070171061002,0.00149799567347232,0.996198981125506,1.12293230960839,1.05838484832421,0.00149806976115942,0.994131742101106,1.12050394962821,1.05631101883997,0.00126886282524971,0.998258711838952,1.116124466666,1.02193486195505,0.00123963937319448,0.963681966557749,1.08082650932833
"low-large","halfcauchy",1,"continuous",11,108,5555648,11594235,1,1,1,1,0.959752211034575,0.953171428818796,1.12253239956543,0.959752211034575,0.977022140859433,0.057816682597976,0.58308149254477,1.3627428520476,0.973051923297316,0.00135582704508298,0.913421988221201,1.03509071292852,1.10418261670976,0.0745745237959399,0.643231779993441,1.54586399833697,1.12219584349463,0.00189933126541617,1.04984814651346,1.19467277888967,1.02553712158906,0.00156107687458984,0.959774330009493,1.08905133089376,1.02234783464728,0.00156118026496496,0.956675337122598,1.0857624180806,1.0249063561719,0.00132255234462788,0.965441657592914,1.08596134250888,0.977585706630708,0.001291732404474,0.918172858922809,1.03769895752783
"low-large","halfcauchy",1,"continuous",11,109,5555648,4419295,1,1,1,1,0.959752211034575,0.953171428818796,1.12253239956543,0.959752211034575,1.00160017839171,0.0580956847957239,0.605071961263963,1.39493733505132,0.998695299931011,0.00146580297816275,0.936756838839434,1.06289142838763,1.14391711209069,0.0753162506477627,0.676535320607434,1.59512983280736,1.16258926930815,0.00205039866504258,1.08735826174793,1.23788282208142,1.00392841678989,0.00168607458868546,0.935548951951507,1.06999512242632,1.0006406963377,0.00168619635617786,0.932361393562783,1.06659115073102,0.996358587329031,0.00142845677875222,0.934375239841338,1.05972664222009,0.947577442782588,0.00139505640400626,0.885828338250887,1.01005593479367
"low-large","halfcauchy",1,"continuous",11,110,5555648,9983860,1,1,1,1,0.959752211034575,0.953171428818796,1.12253239956543,0.959752211034575,0.979587806260157,0.0573553786516431,0.586736906093609,1.37333963858348,0.976982654687396,0.00136168107696943,0.917072994704012,1.03886497368513,1.06220780088594,0.0733223009775213,0.612627544343469,1.50198926255849,1.07935927878346,0.00190413829340316,1.00711062197834,1.15215054072481,0.982795569990822,0.00156583073988529,0.916883323368856,1.04647469231468,0.980018872998885,0.00156590934121373,0.914210148171403,1.04354396639011,1.01274998603407,0.00132596793219192,0.953083643572691,1.07392888019335,0.971551088714423,0.00129568032414756,0.912003541638943,1.03175447368556
"low-large","halfcauchy",1,"continuous",11,111,5555648,1164087,1,1,1,1,0.959752211034575,0.953171428818796,1.12253239956543,0.959752211034575,0.962778890858747,0.0497934605118503,0.597166373126898,1.33220630090833,0.95925317796771,0.00133170152104724,0.900424047362669,1.0204252152652,1.04517076690076,0.0628233446648407,0.639380128634483,1.45336994344795,1.06181795754833,0.00186603308407031,0.990616756080113,1.13268871490004,0.986186019391245,0.00153418171606695,0.92067196990828,1.04909103454269,0.983106321604668,0.00153424851806557,0.91781808149723,1.04605704715502,1.01690455040969,0.00129790998338894,0.958000858589576,1.07744238059915,0.971209916370349,0.00126921020991763,0.912328243610005,1.03081992044451
"low-large","halfcauchy",1,"continuous",11,112,5555648,5929335,1,1,1,1,0.959752211034575,0.953171428818796,1.12253239956543,0.959752211034575,0.934862284543305,0.0620126176019432,0.53305008918562,1.33637143074207,0.932558898711973,0.00145364111030634,0.870024807737722,0.996905170256415,1.1804577833096,0.0796594065820701,0.710244432151289,1.6494396755196,1.19917610375095,0.00203581227764165,1.12454207527881,1.27419287927594,1.04629513162164,0.00167264137577614,0.978197051903518,1.11206216017571,1.04300481953542,0.00167271169450313,0.974972474740803,1.10862989742765,1.01015230090571,0.0014163752114556,0.948614302802228,1.07352198165412,0.961332703310771,0.00138393256674362,0.899795762109,1.02355836574706
"low-large","halfcauchy",1,"continuous",11,113,5555648,13022904,1,1,1,1,0.959752211034575,0.953171428818796,1.12253239956543,0.959752211034575,0.98790545534971,0.0549436580116699,0.605273138020587,1.36910093566779,0.983882265771823,0.00129741629241622,0.925813312487507,1.0445675923491,1.21160189875194,0.0702117881011338,0.77563517049901,1.65336879427304,1.22885515315341,0.00181674984778916,1.15863228281294,1.299295529306,1.03927327928855,0.00149295429884001,0.974880008018681,1.10141128606313,1.036025432876,0.00149308614871532,0.971752596631211,1.09807712278246,0.988131782580408,0.00126378921471125,0.930137045790795,1.04781548470918,0.939942264152957,0.00123528135157607,0.881825612329556,0.998762963754224
"low-large","halfcauchy",1,"continuous",11,114,5555648,650237,1,1,1,1,0.959752211034575,0.953171428818796,1.12253239956543,0.959752211034575,0.969346139005887,0.0551232960575398,0.583891853631761,1.34212695170654,0.966447297890548,0.00125707584262786,0.909081563960175,1.02616571115119,1.14273173275237,0.0702176448049251,0.710329843843323,1.5807824392035,1.16090914677232,0.00175986834520471,1.09089844716964,1.2305307168643,1.02119311415673,0.00144603121447733,0.95793578851375,1.08239930301874,1.01806074032308,0.00144607923364635,0.954990377015489,1.07904337214589,0.961626312446429,0.00122469138139695,0.904545215153336,1.02036263633344,0.91515010409012,0.00119652474505532,0.85793180489219,0.973020701740106
"low-large","halfcauchy",1,"continuous",11,115,5555648,6733769,1,1,1,1,0.959752211034575,0.953171428818796,1.12253239956543,0.959752211034575,1.01251621612377,0.0552908098385225,0.632031588410499,1.39225974525441,1.00897049356459,0.00151188059029966,0.945250872419368,1.07431370230351,1.094342095192,0.0699680467534037,0.646803393840859,1.53298610749686,1.1115149135394,0.0021113015387557,1.03581341262773,1.18782207795794,0.968033899604318,0.00173753897111405,0.898607503133209,1.03513213155078,0.965000738410785,0.00173766949037245,0.895878561896531,1.03196974477897,0.986293173118503,0.00147172381241891,0.923472869982941,1.05067871143795,0.941289020008103,0.00143754728403998,0.878605279504615,1.00471240785855
"low-large","halfcauchy",1,"continuous",11,116,5555648,13673298,1,1,1,1,0.959752211034575,0.953171428818796,1.12253239956543,0.959752211034575,0.948141059149475,0.0611630444542065,0.544198911347535,1.34492005689153,0.946386710942641,0.00149240879880791,0.883576307484853,1.01132468737068,1.1470751084101,0.0778311511348431,0.686702570966713,1.61603099340122,1.16479506136278,0.0020901918088659,1.08898522272042,1.24101375272806,1.07357925767141,0.0017170571548472,1.0045106643399,1.14019243413569,1.07072814221363,0.0017171326616974,1.00181210456327,1.13732914294222,0.999137479259277,0.00145422019963105,0.936834141432001,1.0634045773563,0.956834407180144,0.00142094131217248,0.894516529081671,1.01990817788629
"low-large","halfcauchy",1,"continuous",11,117,5555648,9782028,1,1,1,1,0.959752211034575,0.953171428818796,1.12253239956543,0.959752211034575,0.929727713745261,0.0580842513633585,0.531442818493114,1.32067256582882,0.926680258301762,0.00150932222429405,0.864184192178276,0.991850135711025,1.05768668357141,0.0748309588351941,0.59787126566248,1.5072635064708,1.07476926067616,0.00210914343973287,0.999054495052431,1.15010313097939,0.992133491765021,0.00173405773033961,0.922778544600042,1.05918075892946,0.98917309122655,0.00173417554414136,0.919918387294075,1.05603110611947,1.00636139920368,0.00146735927914252,0.943717524874017,1.07065988017773,0.962436823290763,0.00143443262042994,0.899833933429358,1.0258461090275
"low-large","halfcauchy",1,"continuous",11,118,5555648,15216666,1,1,1,1,0.959752211034575,0.953171428818796,1.12253239956543,0.959752211034575,0.987938888872796,0.0540952473630733,0.606782687775051,1.36602164194707,0.98379563219442,0.00140272380680302,0.922616284156767,1.04675192207177,1.02285463061252,0.0677949349673143,0.589696773982897,1.44783661654996,1.03927155822703,0.00196660942154552,0.966290176788922,1.1125815141111,1.00405712877128,0.00161455480276383,0.937070173101196,1.06858427300824,1.00116130006816,0.00161467758012002,0.934313989634559,1.065724524355,1.02544093307613,0.00136606251485802,0.964938064193,1.08758448221733,0.982474433763672,0.00133571251268227,0.922047304168435,1.04359355468423
"low-large","halfcauchy",1,"continuous",11,119,5555648,13693153,1,1,1,1,0.959752211034575,0.953171428818796,1.12253239956543,0.959752211034575,0.964004454542764,0.0554425740482948,0.577245455545163,1.33995984713148,0.961540148341245,0.00138560823822027,0.901776399747519,1.0241081970636,1.04977815617599,0.0706173776162018,0.607576427610739,1.48945546603014,1.06660943802898,0.00193823785176968,0.993313359401922,1.13980238449056,1.08250464506157,0.00159326912900731,1.01600822741284,1.14670907780288,1.07931974996787,0.00159333559189073,1.01296301544622,1.14338514320687,1.00724462457743,0.00134942742515198,0.947334936154605,1.06882249448971,0.959989138537713,0.00131817359962933,0.899930841712808,1.02072454798273
"low-large","halfcauchy",1,"continuous",11,120,5555648,4843407,1,1,1,1,0.959752211034575,0.953171428818796,1.12253239956543,0.959752211034575,0.933761255983301,0.0531595949865032,0.555801539627311,1.31101582327952,0.931121735602562,0.00140412857666024,0.869340373889127,0.994113488457728,1.13506024039626,0.067553702127216,0.70469879894478,1.55411254133397,1.15169195389399,0.00196360510005379,1.07883408716276,1.22535024406106,1.04472088133703,0.0016138052527879,0.977439502570367,1.10937373682017,1.04168689091212,0.00161392678152958,0.974875531256964,1.10629250720519,1.04325599315684,0.00136571634472316,0.982958418025788,1.10538389019579,0.998239536428746,0.00133512340521841,0.93778118758086,1.05935576136347
"low-large","halfcauchy",1,"continuous",11,121,5555648,12852707,1,1,1,1,0.959752211034575,0.953171428818796,1.12253239956543,0.959752211034575,0.893963068249222,0.0558675177136435,0.508113037808693,1.27790818755038,0.890327629008082,0.00146901753314757,0.828164873011345,0.954697323597519,1.13768303492158,0.0714493775627531,0.687754604636479,1.58017785357849,1.15482892242332,0.00205426837793106,1.08017214435223,1.23002594055179,0.995873977764201,0.00168860770977645,0.927435853457623,1.06200152146154,0.992521665388471,0.00168871901172301,0.924176742216293,1.05847799369661,0.95181892577691,0.00142967046558278,0.889941913601569,1.01530540441648,0.902079406574015,0.00139727327927262,0.840241806118837,0.964615183917127
"low-large","halfcauchy",1,"continuous",11,122,5555648,642055,1,1,1,1,0.959752211034575,0.953171428818796,1.12253239956543,0.959752211034575,0.897703316799534,0.0516203367103776,0.528891407107384,1.27452725593019,0.894908870220126,0.00142747378587054,0.832955166765299,0.958288028517119,1.1362147904443,0.0657256868063834,0.70676498756819,1.55836291032804,1.15266068760769,0.00199832282534546,1.07860268552953,1.22676962404476,1.04302698829899,0.00164186320503991,0.975512030777358,1.10807969136681,1.03966650745924,0.00164197125986362,0.9722793949048,1.10480168585527,0.990177833298789,0.00138919445363005,0.929400827111599,1.05272389635039,0.940317115523714,0.0013582177545375,0.879359373887153,1.00198099250956
"low-large","halfcauchy",1,"continuous",11,123,5555648,6878849,1,1,1,1,0.959752211034575,0.953171428818796,1.12253239956543,0.959752211034575,0.939481530454771,0.0551639937915633,0.562394646821504,1.32117460921378,0.935416419473947,0.00144864433714416,0.873797394289319,0.999232155565013,1.07702803242036,0.0710989005177703,0.636523004722339,1.50818035870012,1.09493932754082,0.00202772169841424,1.02102297173195,1.16979210535176,0.922718064833005,0.0016663161832668,0.8546759373111,0.988383799224405,0.9194966442056,0.00166644756449692,0.85159568708402,0.985151776687184,1.02667835371405,0.00141042063874876,0.965246881043165,1.0896342071754,0.978880924596923,0.0013787000848071,0.917424677211603,1.04098937068849
"low-large","halfcauchy",1,"continuous",11,124,5555648,12162674,1,1,1,1,0.959752211034575,0.953171428818796,1.12253239956543,0.959752211034575,0.862979302051778,0.0524619017638536,0.491500663394163,1.24219446458722,0.859528835332285,0.00145597130067468,0.797219478373348,0.923602421828091,1.09545886890135,0.066544114652415,0.662587205477182,1.51747604002211,1.11195949117703,0.00203964257709182,1.03774365972041,1.18679054352854,1.00869975453512,0.00167612038846788,0.940434626056576,1.07446216737987,1.00606600172851,0.00167618961806743,0.937823525703381,1.07188129356317,0.982225055294813,0.00141791500254683,0.920785748269565,1.0455300939917,0.943147074600582,0.0013865502129472,0.881586151463937,1.00546627444554
"low-large","halfcauchy",1,"continuous",11,125,5555648,13725571,1,1,1,1,0.959752211034575,0.953171428818796,1.12253239956543,0.959752211034575,1.00051108658649,0.0548574247041516,0.616533280426175,1.38245572325681,0.997868100771809,0.00145806466810311,0.93593543510471,1.06189165177522,1.11872693287006,0.070625077431759,0.673610698342783,1.55746919373011,1.13589809846142,0.00203822834665903,1.06149958064263,1.21093074082623,1.04046584535583,0.00167668145787429,0.972224602541171,1.10633015800512,1.03711322334125,0.00167676885722667,0.969145688560782,1.10294221510299,1.05154865924644,0.00141949590629327,0.990163255207114,1.11486039083997,1.00180454581552,0.00138736233000733,0.940177548168378,1.06408896745787
"low-large","halfcauchy",1,"continuous",11,126,5555648,11674830,1,1,1,1,0.959752211034575,0.953171428818796,1.12253239956543,0.959752211034575,0.901984360580485,0.0603213439285048,0.502623740010175,1.30007993409392,0.899246441067624,0.00140936853005589,0.83778054603971,0.962585311047912,1.17742613499949,0.0768019571926046,0.712957668440029,1.63425473499688,1.19547773374424,0.00197376899742733,1.12170252626004,1.26930148916664,0.962678425899471,0.00162147874643496,0.895558718379093,1.02754365014975,0.95980139177872,0.00162154744936901,0.892774277621076,1.0244598392138,1.02922186067362,0.00137333641451148,0.968471416792552,1.09150809454109,0.986534223646559,0.00134152511209732,0.925985172026702,1.04779422180606
"low-large","halfcauchy",1,"continuous",11,127,5555648,13572678,1,1,1,1,0.959752211034575,0.953171428818796,1.12253239956543,0.959752211034575,0.985661023732488,0.0493093220427244,0.618914101835894,1.34825966833673,0.982886547946297,0.00149206823773455,0.920137376039622,1.04760519446208,1.18539979002503,0.0629428688279175,0.773433823248023,1.59287857695298,1.20291577399242,0.00208781635549629,1.12689950433426,1.27780914418701,0.93220711219624,0.00171750544649433,0.862825462543269,0.99885727226931,0.928673374431438,0.00171755656032254,0.859708185073906,0.995240930592843,1.00353102215857,0.00145190126638908,0.941513017728034,1.06772997444922,0.951099626241276,0.00142044988003916,0.888828605657532,1.01419377873458
"low-large","halfcauchy",1,"continuous",11,128,5555648,5657524,1,1,1,1,0.959752211034575,0.953171428818796,1.12253239956543,0.959752211034575,0.999777064149492,0.0558206436390572,0.611395002324821,1.38216815585311,0.997559139864266,0.00152355252068399,0.933895491441873,1.0628999470032,1.08959432306178,0.0722564626078296,0.643279639621594,1.53273774337211,1.10640549125598,0.00213286287734586,1.02942848753067,1.18296776745213,0.999791481091802,0.0017520549281614,0.930002517478656,1.06703473857412,0.996878228696255,0.00175215000658356,0.927234901237894,1.06414671763102,0.977781006235517,0.00148365154995542,0.914973217586948,1.04253157392473,0.934555985047077,0.00144947216588484,0.871591509598864,0.998258279212972
"low-large","halfcauchy",1,"continuous",11,129,5555648,1579432,1,1,1,1,0.959752211034575,0.953171428818796,1.12253239956543,0.959752211034575,0.957427893129038,0.054419639046519,0.569387203490971,1.33606975746537,0.954529290847342,0.00141551394788286,0.89347410368569,1.01772105454132,1.09710101153372,0.0690426017640171,0.658107218721964,1.53697926167521,1.11476965808679,0.00198095966540017,1.04176581248019,1.18861069052792,0.959379248453498,0.00162815973126999,0.892115663915192,1.02424458066622,0.956514411952305,0.00162823872550598,0.889428188992117,1.02129091929555,0.998169586395786,0.00137851406536034,0.937415682373099,1.06052795616465,0.955662930036457,0.00134737717115111,0.89496634963585,1.0170730351696
"low-large","halfcauchy",1,"continuous",11,130,5555648,2449140,1,1,1,1,0.959752211034575,0.953171428818796,1.12253239956543,0.959752211034575,0.917310532811554,0.0541276346421483,0.533907534756977,1.29310407495548,0.913614551692578,0.00141642829165089,0.852047562649615,0.976847988805085,1.11673842255838,0.0689072132346937,0.682609433163659,1.54802920725075,1.13391958049441,0.00198318675810711,1.06071814684378,1.20794495650865,1.00581960183991,0.00162840777453218,0.938706542234329,1.07077752962483,1.00263310793516,0.00162849282898108,0.935709680676221,1.06749570044282,0.978438103176495,0.00137898056868847,0.917675388912407,1.04087004514072,0.931158894976002,0.00134745129569527,0.870466314829811,0.992573046745386
"low-large","halfcauchy",1,"continuous",11,131,5555648,16177705,1,1,1,1,0.959752211034575,0.953171428818796,1.12253239956543,0.959752211034575,0.943986372879645,0.0570572946839676,0.556050537873257,1.32842059261543,0.941701918118413,0.00140014693751342,0.88120430788804,1.00443763525854,1.16341342093878,0.0739104409584442,0.715574852638542,1.60480712924581,1.18136948195311,0.00196032614239922,1.10828470258922,1.25497434160437,1.04360102877075,0.00161013773243588,0.976806646915022,1.10813517184193,1.0399728930725,0.00161020394824882,0.973243957846235,1.10443037568446,1.01562620333379,0.00136453983871826,0.955238812747972,1.07774364403906,0.961794189783939,0.001332602953341,0.901442760405934,1.02285531573468
"low-large","halfcauchy",1,"continuous",11,132,5555648,2713802,1,1,1,1,0.959752211034575,0.953171428818796,1.12253239956543,0.959752211034575,0.976985975072374,0.0629861501338313,0.569734295111933,1.3812979867682,0.974038868758892,0.0013301274262906,0.914257585127539,1.03547396804132,1.13444930518717,0.0785297257344712,0.655639029929477,1.59813802065242,1.15394889067813,0.00186270754709037,1.08210686048743,1.22592338122917,0.95608369676733,0.00153067223019638,0.891009125263799,1.01897499481431,0.952483115861387,0.00153074684508239,0.887310422192742,1.01527514168941,1.02823692344242,0.00129648637116547,0.969239204254684,1.08873638310942,0.974813750706704,0.00126652038422507,0.915940139787919,1.03432891588639
"low-large","halfcauchy",1,"continuous",11,133,5555648,7477969,1,1,1,1,0.959752211034575,0.953171428818796,1.12253239956543,0.959752211034575,0.958910151606229,0.0546258002083745,0.575472138787948,1.34433323099589,0.956184780344101,0.00146190866285483,0.893584659821253,1.02035491506946,1.15893197955337,0.0696576508391614,0.728500877131098,1.5968372875524,1.17564777268212,0.00204423758106348,1.10019865691677,1.25054635313778,1.03050270875432,0.00168061991859024,0.962182643722456,1.09650586189792,1.02771029857316,0.00168063852867547,0.959534006671443,1.09366357859031,0.993300995794351,0.00142209568461021,0.931689903856163,1.05654285317083,0.951868955978054,0.00139031188855177,0.890213614996003,1.01422469544605
"low-large","halfcauchy",1,"continuous",11,134,5555648,14429914,1,1,1,1,0.959752211034575,0.953171428818796,1.12253239956543,0.959752211034575,1.0103660676445,0.0518690989526196,0.640599315272386,1.38042959807932,1.00761965522969,0.00144219203750313,0.945507973452453,1.07119088510111,1.05270604225538,0.0662293361286927,0.620656086124843,1.47161934496653,1.06969302271866,0.00201860386358114,0.995799153261888,1.14408547488446,1.01441457839836,0.00165925788412887,0.946594215074214,1.07993819001181,1.01115919575955,0.00165935843110123,0.943424736465666,1.07661173249543,1.02827069256103,0.00140418142745915,0.967022404352718,1.09142788449683,0.979969356310845,0.00137244204205988,0.918693402746643,1.04198226658646
"low-large","halfcauchy",1,"continuous",11,135,5555648,6171732,1,1,1,1,0.959752211034575,0.953171428818796,1.12253239956543,0.959752211034575,0.971216365372649,0.0501764741952249,0.605939810941625,1.33582912177287,0.968523360196518,0.00129134949063369,0.910059258086899,1.0288732961137,1.08541280793432,0.0634573309887048,0.673375439043376,1.50203026264915,1.10252935819111,0.00180702401009437,1.03168775790765,1.17233655759703,1.01716259636279,0.00148559040848047,0.95290796617663,1.07917820604951,1.01464659262903,0.0014856490608851,0.950532961902633,1.0765935082788,0.948995107700993,0.00125767055660147,0.891046794300974,1.0084498427871,0.911664214274675,0.00122904711979577,0.853681496502194,0.970323667135417
"low-large","halfcauchy",1,"continuous",11,136,5555648,16593696,1,1,1,1,0.959752211034575,0.953171428818796,1.12253239956543,0.959752211034575,0.958120037398699,0.0546769762601068,0.573560384932336,1.3313723113035,0.954478252305329,0.00142135241070628,0.892958514566841,1.01781713729821,1.12200134389436,0.0699153064134675,0.689816084521169,1.5611388328125,1.13960952492005,0.00198823149115609,1.06617544366078,1.21374106151956,1.03257248022087,0.00163450497054902,0.965211786608241,1.09754874981249,1.02944694394795,0.00163459227476194,0.962242089008117,1.09434679449066,0.995793088631732,0.0013838498300558,0.934876770304114,1.05823016432763,0.949418331735142,0.00135253075047908,0.888564679312381,1.01094132323406
"low-large","halfcauchy",1,"continuous",11,137,5555648,9609146,1,1,1,1,0.959752211034575,0.953171428818796,1.12253239956543,0.959752211034575,0.967313996702368,0.0499721062068913,0.601497647995315,1.33060437335644,0.965244006086066,0.00137728597092413,0.904676923487202,1.02748304852884,1.01570018941575,0.0637100447593083,0.604963709951689,1.42980310571079,1.03235658232214,0.00192999565317521,0.959226783307082,1.10489522405711,0.964915405188342,0.0015857774947799,0.8985195543879,1.0289943492002,0.962293990294507,0.00158585431159668,0.896015759819223,1.02628527183136,1.00741878659718,0.0013422551133652,0.947664804960502,1.0689339397691,0.968523868153818,0.00131186747600923,0.908663418518884,1.02913628769879
"low-large","halfcauchy",1,"continuous",11,138,5555648,9437911,1,1,1,1,0.959752211034575,0.953171428818796,1.12253239956543,0.959752211034575,1.00606316428138,0.0622294954003112,0.600565967413407,1.41046962397959,1.0037883986966,0.00139349557257099,0.942792173639996,1.06649135357879,1.06557484031397,0.0787986512801332,0.591985675503994,1.53809933714438,1.08431870612704,0.00194934312095589,1.01090384636342,1.15777146480235,0.963139935378015,0.00160242998584263,0.89631020829216,1.02748006047683,0.959369412634634,0.00160252766722409,0.892696011066832,1.02358318524416,1.01384542466139,0.00135692158347256,0.953668403935699,1.07573638937788,0.957900760984722,0.00132577393908981,0.897654084035049,1.01879814152163
"low-large","halfcauchy",1,"continuous",11,139,5555648,13948786,1,1,1,1,0.959752211034575,0.953171428818796,1.12253239956543,0.959752211034575,0.969403898882812,0.0559974316581566,0.58212636726579,1.34642670532431,0.96546601162722,0.00141779244228391,0.904476645123768,1.02868441667963,1.15005061764507,0.0718407930810558,0.707786169752806,1.58748833034639,1.16813024571608,0.0019828446013109,1.09378541869937,1.2419552896615,0.98921781068839,0.00163024542060995,0.921876931228903,1.0542168456437,0.986333357044777,0.00163031187357776,0.91921226097628,1.05105151392833,1.01409624045532,0.00138072718531167,0.953448305099796,1.07643586679622,0.971298517177787,0.00134895093560698,0.910545320122913,1.03272023979848
"low-large","halfcauchy",1,"continuous",11,140,5555648,13350885,1,1,1,1,0.959752211034575,0.953171428818796,1.12253239956543,0.959752211034575,0.965481665133596,0.0522024529723397,0.595121350088328,1.3448839933068,0.962785827397005,0.00142853415586252,0.901209484400204,1.02623181385779,1.18719253066426,0.066364887780098,0.756024509271638,1.60668405940306,1.20462681510529,0.00200083330762219,1.13044392980816,1.27809506818015,1.06675543405799,0.0016445197296567,0.998833562665299,1.13188413120369,1.06374268033319,0.00164458767857718,0.996262855783517,1.12892073056472,1.00446775629235,0.00139183608370942,0.943775614822518,1.06722716329211,0.959766396468821,0.00136047930996379,0.898737947647789,1.02143486463862
"low-large","halfcauchy",1,"continuous",11,141,5555648,12936535,1,1,1,1,0.959752211034575,0.953171428818796,1.12253239956543,0.959752211034575,0.969937760888416,0.0506295701151937,0.599737876510011,1.34261344377494,0.966824693406622,0.00151850243444083,0.90368657275342,1.03196904210425,1.09275602052302,0.0640406784544845,0.678213813497935,1.50885068700023,1.10875981920567,0.00212606678725883,1.03216521101767,1.18415649021218,1.03246506336104,0.00174780252759366,0.962328714197097,1.09973922935402,1.03000945398805,0.00174790569257533,0.960307953206828,1.09720639931086,0.956003138353946,0.00147817620152373,0.893408941899994,1.02051491019971,0.919568338767045,0.00144534467606715,0.856722274941074,0.983185308560484
"low-large","halfcauchy",1,"continuous",11,142,5555648,3298384,1,1,1,1,0.959752211034575,0.953171428818796,1.12253239956543,0.959752211034575,0.910636137334166,0.0547513848855973,0.524859566750068,1.28772175759948,0.907286218605804,0.00162518656144584,0.841474605134933,0.974839296506008,1.10626926550325,0.0700029903805827,0.665021093861639,1.54284498799277,1.12346921731307,0.0022750997523857,1.04500556412537,1.20214809760051,0.995316599609894,0.00186948573462724,0.923256479848878,1.06477029367872,0.992126711475425,0.00186959192828503,0.920138578105759,1.06155178777529,1.0350883168421,0.00158210512212165,0.970124511341686,1.1017732644206,0.987758747179037,0.00154683414514879,0.922718322316271,1.05354919199607
"low-large","halfcauchy",1,"continuous",11,143,5555648,16654300,1,1,1,1,0.959752211034575,0.953171428818796,1.12253239956543,0.959752211034575,0.955731272907149,0.0593500658946125,0.555562127164431,1.34502882710661,0.952338720359958,0.00132844535263816,0.893420964442915,1.01364713063094,1.05397979830876,0.0750914374691603,0.599176703417908,1.50249354783346,1.07166288375972,0.00186285394483985,0.999854569448982,1.14341582797724,0.980084789713165,0.0015303923912782,0.914915897671025,1.04297485431789,0.977071149465532,0.0015304260298545,0.911932380381434,1.03986726392818,1.02051316414343,0.00129669483090055,0.961551101609475,1.08107264285389,0.975798650647317,0.00126658482965463,0.916964006598627,1.03532604816577
"low-large","halfcauchy",1,"continuous",11,144,5555648,1594987,1,1,1,1,0.959752211034575,0.953171428818796,1.12253239956543,0.959752211034575,1.00560565186223,0.0526569807394218,0.640729592985925,1.38193708833671,1.00236420842916,0.00158965757597195,0.937155517847114,1.06906000703932,1.14507070744561,0.0678583108969393,0.709480038407507,1.56585151917747,1.16281581034851,0.00222608196367446,1.08516066533316,1.24062074930911,0.893321098389947,0.0018280379758719,0.822019952890744,0.962149245963907,0.890901401056372,0.00182815743943628,0.819930397608308,0.959632895178184,1.01297875879404,0.00154646544837711,0.948859272122464,1.07910617941937,0.977076799638942,0.00151224843661984,0.912773146052474,1.04213273277047
"low-large","halfcauchy",1,"continuous",11,145,5555648,11889494,1,1,1,1,0.959752211034575,0.953171428818796,1.12253239956543,0.959752211034575,0.936935782966088,0.0572011635003908,0.548898398365439,1.3294447858612,0.934326444952984,0.00147087234927619,0.871891323961896,0.998777916776018,1.10722330855032,0.0730304097657476,0.648713321749054,1.55011718476279,1.12414567307432,0.00206096242013097,1.04925135295658,1.1994693518397,1.05461992745651,0.00169402075219834,0.985683312393239,1.12077070457888,1.05152781931095,0.0016941231466302,0.98307697745319,1.11767510954703,1.02972740511127,0.00143418581085199,0.967679032415939,1.09335156268098,0.983848633909288,0.00140147418405155,0.92194793318283,1.04646008566502
"low-large","halfcauchy",1,"continuous",11,146,5555648,3391847,1,1,1,1,0.959752211034575,0.953171428818796,1.12253239956543,0.959752211034575,0.967828437778393,0.0540375377143129,0.586254480037073,1.34987700057463,0.964178917118722,0.00144114731249735,0.902687937953391,1.02798425727242,1.10222281420398,0.0696606138365609,0.662103780604084,1.54757940326016,1.12001786936703,0.00201694550858729,1.04513413571514,1.19462556693767,1.01253759224398,0.00165773169896645,0.944659356005012,1.07797394555013,1.00925316927517,0.00165784405065132,0.941552790382693,1.07472242170676,0.943460808325118,0.00140303496789668,0.882277436782335,1.00636016193613,0.894728589779372,0.00137156491324854,0.833484005100622,0.956704994309949
"low-large","halfcauchy",1,"continuous",11,147,5555648,12040059,1,1,1,1,0.959752211034575,0.953171428818796,1.12253239956543,0.959752211034575,0.995429827506353,0.0648168481694164,0.584650200843371,1.4046036041852,0.992931108219013,0.00135323723872993,0.932471308602311,1.05504398383525,1.10935441438557,0.0815986638212385,0.625806130492931,1.58832805597467,1.12940949214423,0.0018963459377413,1.05715418826275,1.20211826712864,0.999517970218953,0.00155730308783426,0.933737891272245,1.06303294307876,0.995770943717336,0.00155735924053731,0.930120184840466,1.05901999283809,0.939814609734133,0.00131990166144527,0.880490728406346,1.00080453607042,0.884218568631217,0.00128869587743903,0.824845680113123,0.944237458010027
"low-large","halfcauchy",1,"continuous",11,148,5555648,677385,1,1,1,1,0.959752211034575,0.953171428818796,1.12253239956543,0.959752211034575,0.899345850158647,0.0485584962692676,0.538759974071783,1.26366416133269,0.896611197169491,0.00136097545998428,0.837231373598498,0.958448001593897,1.13054027247537,0.0629351610216885,0.715658662008388,1.53764434818144,1.14742176318928,0.00190089519268389,1.07503751378466,1.21937735597443,1.05701787836891,0.00156406877485976,0.990833603447737,1.12064046747414,1.05419704619001,0.00156414075631272,0.988271379238299,1.1177204689249,0.986234130830806,0.00132365464791132,0.926844960531937,1.04750727110023,0.944380383147234,0.00129393543443933,0.884930873490209,1.00456888510738
"low-large","halfcauchy",1,"continuous",11,149,5555648,7180313,1,1,1,1,0.959752211034575,0.953171428818796,1.12253239956543,0.959752211034575,0.916943149313888,0.0506183038162472,0.551440347775282,1.28754055434904,0.914436175555091,0.00167897445045057,0.847488059951217,0.983072534721527,1.08023998242634,0.064525113020967,0.660941346109839,1.49526185324522,1.09655634424258,0.00235341448540855,1.01621647375453,1.17642854863624,0.977090683254285,0.00193412419411471,0.903314414678483,1.04777750245593,0.974872848748976,0.0019341521456476,0.901418672223757,1.04551836575158,0.975486954801841,0.00163667464101725,0.909567704715913,1.04368345727226,0.942580110331054,0.00159955442908813,0.876456631167015,1.00949966788895
"low-large","halfcauchy",1,"continuous",11,150,5555648,15336841,1,1,1,1,0.959752211034575,0.953171428818796,1.12253239956543,0.959752211034575,0.972392017718693,0.053528485407366,0.594928598653195,1.35372477425452,0.968969794159774,0.00139132090873485,0.908092970040621,1.03164999753853,1.11066741208582,0.0683606216737006,0.679643109312417,1.55050429543165,1.12686492936163,0.00194821944054186,1.05405164553634,1.19986729618331,1.04576552032034,0.00160131733907043,0.979064207479503,1.11011544905154,1.04276439171381,0.00160139748332438,0.976294679933851,1.10703769155669,1.04014198684953,0.00135608633511118,0.980145319162493,1.10215248024064,0.995613113276917,0.00132506497218497,0.935402017318214,1.05652351985011
"low-large","halfcauchy",1,"continuous",11,151,5555648,5433504,1,1,1,1,0.959752211034575,0.953171428818796,1.12253239956543,0.959752211034575,0.985620520625549,0.0655059304558785,0.572741942254079,1.40679598312341,0.982356326285895,0.0015183551955114,0.918312003705004,1.04815855320038,1.03096657457258,0.0828656251779511,0.548358249624424,1.51276996151431,1.04946993757153,0.00212485249445781,0.973289706316801,1.12608430001949,0.953020735429635,0.00174586990441175,0.883396732577185,1.02031316608011,0.949524734462566,0.00174599878317909,0.880055674867203,1.01663678008717,1.01097081283539,0.00147889871076271,0.948173782564071,1.07556452921647,0.959099331975255,0.00144444172106548,0.896273259872736,1.02267232465897
"low-large","halfcauchy",1,"continuous",11,152,5555648,11319254,1,1,1,1,0.959752211034575,0.953171428818796,1.12253239956543,0.959752211034575,0.92422866269194,0.0595070680161482,0.529913541240097,1.32170356423928,0.922062826448466,0.00142215686820899,0.860302623751357,0.985281599830389,1.09160480439601,0.0751813991211898,0.63149836872801,1.53935005730516,1.10977589850985,0.00199231137871832,1.03567565063815,1.18394907623044,1.02653491147718,0.00163698806603597,0.959134490629668,1.09168631745329,1.02319649721936,0.00163708081034026,0.955842502743131,1.08819663299255,0.941341812933052,0.0013863367344512,0.880384353241008,1.00395662974826,0.891808505331332,0.00135450948484124,0.83094789034575,0.953357946070092
"low-large","halfcauchy",1,"continuous",11,153,5555648,8213569,1,1,1,1,0.959752211034575,0.953171428818796,1.12253239956543,0.959752211034575,0.988309226663948,0.0519703750265277,0.617335308768728,1.36118714567303,0.985947361449177,0.00145638863411438,0.924550447675888,1.04983085966506,1.0417550368206,0.0655337980322515,0.622344127235889,1.46060681171433,1.05790606646143,0.00203954356369848,0.983654864042814,1.13275897596213,1.00041111144608,0.0016765520229109,0.932153191835271,1.06617838317544,0.997615971238966,0.00167661292287835,0.929490569616033,1.06339908229343,0.93337764640677,0.00141919090433746,0.871893502433123,0.996690801443694,0.891905100168747,0.0013871609626889,0.830307489679778,0.95419254731215
"low-large","halfcauchy",1,"continuous",11,154,5555648,8500672,1,1,1,1,0.959752211034575,0.953171428818796,1.12253239956543,0.959752211034575,1.00275599304261,0.0579476838327628,0.613095993852964,1.37988602410379,1.00040956482531,0.00161898304132063,0.93480919394659,1.06803582666783,1.14099150009076,0.0741065042707354,0.685888502049613,1.58074353620244,1.15860358708718,0.00226772398945953,1.08014154355359,1.2376647195365,1.06896610648695,0.00186327346639641,0.99698295514069,1.13842334809893,1.06524660635537,0.00186338657810073,0.993399341490229,1.13455069247104,1.02802165164026,0.00157720111950531,0.96308678016277,1.09463829922009,0.972834029639688,0.00154156065497076,0.907894340471719,1.03853664142494
"low-large","halfcauchy",1,"continuous",11,155,5555648,2108574,1,1,1,1,0.959752211034575,0.953171428818796,1.12253239956543,0.959752211034575,1.0488991586462,0.0547872670020365,0.664977455872622,1.43292148192816,1.04600477065404,0.00147855278033107,0.983853752149403,1.11068175231214,1.07025686659922,0.068736713097331,0.633927404928046,1.5034932443335,1.0873236192386,0.00207236473510877,1.01219704093643,1.16286683833072,0.987330170711545,0.00170199390941475,0.918553655916137,1.05361679272534,0.984745523995377,0.00170206031575977,0.916108842271662,1.05106981030117,1.0366996095952,0.00144096151585331,0.97470641121285,1.10049712570558,0.998350234428879,0.00140822673287907,0.936305664051373,1.06109075512829
"low-large","halfcauchy",1,"continuous",11,156,5555648,12572618,1,1,1,1,0.959752211034575,0.953171428818796,1.12253239956543,0.959752211034575,0.974731506762159,0.0570704414668623,0.58651335495956,1.35954839533722,0.972172098569237,0.0014267106322222,0.910698986534923,1.03579216872031,1.17956902803386,0.0728832487079022,0.729290131472998,1.61971290083811,1.19704298815955,0.00199736963400716,1.12243173121849,1.27129440669546,1.00405574393818,0.00164200662346904,0.936607800566211,1.06928874465673,1.00112405670814,0.0016420956899444,0.933728544917962,1.06613700645198,1.0127919483637,0.00139075458238802,0.952006375513453,1.075393828457,0.969293402604303,0.00135852742939883,0.908362108816256,1.03093984557009
"low-large","halfcauchy",1,"continuous",11,157,5555648,14116412,1,1,1,1,0.959752211034575,0.953171428818796,1.12253239956543,0.959752211034575,0.838100757765611,0.0537328541186516,0.455764424297566,1.22033643811231,0.835694285392673,0.0015014965879347,0.772426603804109,0.900784082173299,1.15993181172778,0.0673946805929764,0.732919252071672,1.58275133524242,1.17666557603044,0.00209927025511941,1.1013153807295,1.25237723440315,0.964766863583044,0.00172613427849747,0.895456615285221,1.03152699864606,0.961938846836925,0.00172618011303207,0.892786124452164,1.02871115360786,0.995999229093647,0.00146088305729995,0.933461131846466,1.060258508677,0.954038881284751,0.00142808515014773,0.891530700647907,1.01726109867557
"low-large","halfcauchy",1,"continuous",11,158,5555648,4155964,1,1,1,1,0.959752211034575,0.953171428818796,1.12253239956543,0.959752211034575,0.98699555630163,0.0581950938566599,0.588586733389288,1.37963482433737,0.983903778423699,0.00133552932418881,0.92420075592015,1.04548610082237,1.14721494922398,0.0743439353309908,0.689988956859403,1.59133350105117,1.16539910483704,0.00187151548091973,1.09339451520569,1.23735528235772,0.933232594743068,0.00153709108723493,0.867880186060237,0.996319569453478,0.930323630551195,0.00153720274184173,0.865119321730259,0.99320998383498,1.00592513614746,0.00130152614519995,0.94681815824394,1.06661683706067,0.96276374064931,0.0012720119899009,0.903779695749522,1.02239683425339
"low-large","halfcauchy",1,"continuous",11,159,5555648,16193542,1,1,1,1,0.959752211034575,0.953171428818796,1.12253239956543,0.959752211034575,1.00129188689174,0.0598411833262951,0.600055275954495,1.40311563769281,0.99890386130846,0.00132942201745145,0.940269486034972,1.06014906996329,1.07122638101198,0.0760247512163495,0.604686965298265,1.52501957007353,1.08943258827834,0.00186035079068717,1.01735639515777,1.16118945283645,1.0322292218749,0.00152855301407407,0.966985627375263,1.09519588921992,1.02904388989804,0.00152865524413186,0.96393147640613,1.09177501143847,0.92244134972316,0.0012945991856912,0.863682687732824,0.982899077019977,0.875179381483602,0.0012648709337032,0.816360362472747,0.934662095114114
"low-large","halfcauchy",1,"continuous",11,160,5555648,325982,1,1,1,1,0.959752211034575,0.953171428818796,1.12253239956543,0.959752211034575,0.910754064792182,0.0542565217415294,0.529195822086878,1.29310023637004,0.90741740972677,0.00154640581428576,0.843410532532121,0.973222514496501,1.18006102301926,0.0690499565708693,0.750076836923221,1.6180052827776,1.19845370045817,0.00216057256945926,1.12087414527973,1.27469191690002,1.00976317664913,0.00177677305904229,0.939455127019031,1.077507518804,1.0059371883907,0.00177690801550087,0.935827000253033,1.07368261950649,0.984804451238384,0.00150388378197217,0.92147460073052,1.05001098233949,0.92803682485963,0.00147010979536677,0.864606680657105,0.992180934261769
"low-large","halfcauchy",1,"continuous",11,161,5555648,15648246,1,1,1,1,0.959752211034575,0.953171428818796,1.12253239956543,0.959752211034575,0.967426252638528,0.0629888435750982,0.565973283384249,1.37398492665598,0.965078410615328,0.00153876108657331,0.901229551208295,1.03131841670808,1.0826129699302,0.0791315904777888,0.600618524423874,1.5574219263169,1.10159221792564,0.00215561818806707,1.02406383234887,1.17877271317297,0.992514678251449,0.00177172272986672,0.922358428961853,1.0603138335211,0.989139655224126,0.00177182784470164,0.919135740953935,1.05671385758081,1.00063382825054,0.00150017511384416,0.937316414831364,1.06564191494142,0.950557342570654,0.00146569125361368,0.887216315463121,1.01459424401743
"low-large","halfcauchy",1,"continuous",11,162,5555648,15521438,1,1,1,1,0.959752211034575,0.953171428818796,1.12253239956543,0.959752211034575,1.00531273399996,0.0607139136156021,0.605998159906408,1.40086904549083,1.00348980930382,0.0013656477088796,0.943726893011915,1.06560286429074,1.06873387628782,0.0765615024491679,0.604907036940228,1.51969432127843,1.08722683564847,0.00191219045779283,1.01513530678716,1.1601429947932,0.948016028073928,0.00157078644099136,0.881949961000849,1.01172912141986,0.94516327277061,0.00157082118757153,0.879212047442376,1.00883784586704,1.00698742219276,0.00133029588427488,0.947220860122217,1.06832128397491,0.964660019108893,0.00129980431777608,0.905057997077552,1.02495799448335
"low-large","halfcauchy",1,"continuous",11,163,5555648,15224169,1,1,1,1,0.959752211034575,0.953171428818796,1.12253239956543,0.959752211034575,0.989612405893722,0.0546048494860162,0.611485594927508,1.37240943016748,0.986331799034162,0.00149269392639798,0.923397624979012,1.05123902437673,1.09316352625762,0.0692527890060939,0.661688922427533,1.52818865708707,1.11067123826429,0.00208961435033319,1.03542779967082,1.18650890788463,0.978998453326133,0.00171772998314005,0.910061054243329,1.04565720036056,0.976561646538788,0.00171779739623086,0.907808106587098,1.04307967482383,0.981831395754558,0.00145422272186398,0.919306006809981,1.04590115107303,0.945675577200659,0.00142124074277492,0.883340088407006,1.00873438377824
"low-large","halfcauchy",1,"continuous",11,164,5555648,13519078,1,1,1,1,0.959752211034575,0.953171428818796,1.12253239956543,0.959752211034575,0.933795717672617,0.0479131882575134,0.570312050599586,1.2988027350741,0.93111936343279,0.00130295593797363,0.873402987371441,0.991643426526269,1.10517751066293,0.0611112707028336,0.696533367334254,1.50746008191628,1.12092384438875,0.00182113212006373,1.05063392550665,1.19076425105017,1.02008955364884,0.00149844125612075,0.955558403463697,1.08237240258424,1.01708727257802,0.00149848556916396,0.952775367954785,1.07927271587114,1.04261875252721,0.00126754360130123,0.98452740194801,1.10254767554686,0.998072779408578,0.00123931685045625,0.939885458144195,1.05694879762549
"low-large","halfcauchy",1,"continuous",11,165,5555648,13790699,1,1,1,1,0.959752211034575,0.953171428818796,1.12253239956543,0.959752211034575,0.946530925781651,0.0514372491268207,0.572358775475006,1.31178476149653,0.943779558550946,0.00130460032783123,0.885247079573968,1.00454305640026,1.11510744616957,0.0644883580837781,0.698717648119361,1.53691130892137,1.13171195537197,0.00183112486042979,1.06118979153756,1.20268454838529,1.05136908124911,0.00150308724609038,0.986802140517308,1.11366545030071,1.04837342967936,0.00150315446628524,0.984018805522525,1.11058053243795,1.00255023887669,0.00127228959078038,0.94438323578863,1.06239088156427,0.958102630158218,0.00124363095707414,0.899789860768341,1.01708421870021
"low-large","halfcauchy",1,"continuous",11,166,5555648,13241064,1,1,1,1,0.959752211034575,0.953171428818796,1.12253239956543,0.959752211034575,0.913715862086524,0.0623147518665475,0.511269526534138,1.31837929585128,0.911520850251779,0.00138974201314902,0.85024397851255,0.974149255131317,1.22390741421616,0.0790985558151909,0.753328399701923,1.69640217615148,1.24363271454596,0.00194661584497736,1.17035255187879,1.31736609744147,1.04367010725691,0.00160015951821435,0.977123415695163,1.10798010272404,1.04081527010752,0.00160020273397253,0.974301354849599,1.10488825584809,1.0491598227272,0.00135515010591377,0.988978676417149,1.11111844349199,1.00680153051031,0.00132398721328635,0.946594003682535,1.06764982519921
"low-large","halfcauchy",1,"continuous",11,167,5555648,15644026,1,1,1,1,0.959752211034575,0.953171428818796,1.12253239956543,0.959752211034575,0.938233521546468,0.050397904567168,0.568975451073628,1.30072450319572,0.935281241517774,0.00134530913111182,0.874974427003015,0.996776749705481,1.18152999225768,0.0639206779422525,0.767061015331976,1.59137571315964,1.19879705197534,0.00188652858990983,1.12675918686944,1.27001650346522,0.958114124946744,0.00154955164417744,0.892465400856453,1.02132793404228,0.955323801467169,0.00154960893823476,0.889831449836808,1.01855073942647,0.961922259103287,0.00131093224682026,0.902824300414812,1.02279377051828,0.920521180462944,0.00128180981530727,0.86134479461622,0.980417444407689
"low-large","halfcauchy",1,"continuous",11,168,5555648,9906504,1,1,1,1,0.959752211034575,0.953171428818796,1.12253239956543,0.959752211034575,1.01407766531471,0.0585482993882862,0.620878191333315,1.4018588195956,1.0112029455198,0.00149885265955624,0.948277187848191,1.07602533552057,1.07878794135911,0.0745117825891213,0.630031054513997,1.52216512848773,1.09543682800288,0.00210058393271115,1.01957862041197,1.17144705409619,1.02712908039957,0.00172496428830057,0.957996761944203,1.09392984915785,1.02372823927879,0.00172508924310179,0.954838650754643,1.09049105136092,0.998014730121755,0.00146128588247333,0.935421167198696,1.06211196522646,0.947555171681436,0.0014273663983263,0.885085577033256,1.01077526527589
"low-large","halfcauchy",1,"continuous",11,169,5555648,11590309,1,1,1,1,0.959752211034575,0.953171428818796,1.12253239956543,0.959752211034575,0.950709132401148,0.060771489901525,0.54612989534012,1.35285914066439,0.948436963567828,0.00149196832527713,0.886223385840451,1.01329846498065,1.10013572030278,0.0775655689044847,0.645431086312696,1.55899941906886,1.11779084855851,0.00208725296536518,1.04149755478924,1.19384190668597,0.901358982716145,0.00171661507014631,0.83223276757964,0.967957402014666,0.898399030712988,0.00171665989493483,0.829463506716929,0.964977473294606,1.0689359924186,0.00145307533220333,1.0065919169731,1.13282142223094,1.02501807159279,0.00142005082249984,0.962725688895689,1.08804852531693
"low-large","halfcauchy",1,"continuous",11,170,5555648,14052849,1,1,1,1,0.959752211034575,0.953171428818796,1.12253239956543,0.959752211034575,0.994992222377125,0.0535051776691398,0.621548058405241,1.37017535942622,0.992465800598014,0.00152520908542639,0.928420857493487,1.0580384571757,1.09600841007823,0.0680979414282602,0.657734623806007,1.51764504361922,1.11256466724024,0.00213672408320396,1.03627466028108,1.18885636200489,0.950399932533183,0.00175562962898679,0.880472855017482,1.01772751420948,0.947474683909163,0.0017557112464889,0.877758475369234,1.0147780271338,1.06503668509663,0.00148569859268573,1.00185400944248,1.12981490056931,1.02163367135571,0.00145237456127968,0.958635007228438,1.0853637960941
"low-large","halfcauchy",1,"continuous",11,171,5555648,248439,1,1,1,1,0.959752211034575,0.953171428818796,1.12253239956543,0.959752211034575,0.999574410155743,0.0586687056658642,0.607718416549236,1.39368675345567,0.997323976588007,0.00140467569577945,0.936656081621137,1.06025149487159,1.10483380657346,0.0750911939587412,0.647124422674638,1.55600569763606,1.12283147764317,0.00196649009549904,1.04942875530201,1.19659347784761,0.947713917292893,0.00161711503416015,0.880750402764723,1.01234215692569,0.943892143144712,0.001617218193677,0.877034295806387,1.00836820024785,1.01248424496979,0.00136954487606251,0.95189828402026,1.07470488174606,0.955779144929353,0.00133811477358124,0.89525246514012,1.01695651138873
"low-large","halfcauchy",1,"continuous",11,172,5555648,299033,1,1,1,1,0.959752211034575,0.953171428818796,1.12253239956543,0.959752211034575,0.933290192682755,0.0608867513596529,0.525349740198859,1.33171227073541,0.93167753420346,0.00141734373615921,0.870283067424905,0.995048696750411,1.01369306713372,0.0781420624079623,0.555925225443621,1.4849358198056,1.03090910066765,0.00198424966106902,0.956794964287788,1.10493323210623,0.967515587198955,0.00163098286074145,0.900157569235454,1.03244874423677,0.96489058006544,0.00163104157944894,0.897683212279385,1.02972582629421,1.04452232826511,0.00138110566710316,0.983719009263435,1.10701598184335,1.00557411041093,0.00134961507645189,0.944812290464985,1.06702225630549
"low-large","halfcauchy",1,"continuous",11,173,5555648,16581033,1,1,1,1,0.959752211034575,0.953171428818796,1.12253239956543,0.959752211034575,0.914112562120813,0.0485311288746777,0.553265060497382,1.2801533060879,0.911167456551842,0.00149641900319529,0.848470770712225,0.975859798739513,1.17393300478624,0.061845912010221,0.761679578731449,1.57344612722176,1.19104666531196,0.00209271734182382,1.11499286472005,1.26689106515514,1.04409234049421,0.00172237222271159,0.974633205709148,1.11086765614015,1.0409861207951,0.00172243009983693,0.971752215699395,1.10766581877046,1.03010745562299,0.00145750661660717,0.967867348407569,1.09438056300322,0.984019305994926,0.00142438595170674,0.92159576772496,1.04711563195741
"low-large","halfcauchy",1,"continuous",11,174,5555648,3347999,1,1,1,1,0.959752211034575,0.953171428818796,1.12253239956543,0.959752211034575,0.999066592624697,0.0527366214879073,0.622382804983146,1.36963630134789,0.996282972570741,0.00146635311982646,0.933599024019694,1.06028432104003,1.10363265827623,0.0670077600203874,0.673713976500248,1.53860455348726,1.11978194489675,0.0020510432392214,1.04535439076515,1.19485037934256,0.990522471091326,0.00168501771764402,0.922036651103453,1.05646325001987,0.987388830633317,0.00168509896664954,0.919086047823841,1.05337333121456,1.02052566391888,0.00142596752414083,0.958880017986598,1.08405449714756,0.974030662180821,0.00139394989025428,0.912287533187278,1.03650602304375
"low-large","halfcauchy",1,"continuous",11,175,5555648,5587681,1,1,1,1,0.959752211034575,0.953171428818796,1.12253239956543,0.959752211034575,1.00673958709193,0.0573452474677871,0.618439973661024,1.38915192336356,1.00405669217752,0.00147140501966056,0.941617322832442,1.06843030154227,1.07924485304022,0.073124825939253,0.624917613567251,1.52436465937846,1.09610517117653,0.00206029630713593,1.02090228947046,1.17142234220149,0.975826115924052,0.00169274378744785,0.90733571980009,1.04188982387398,0.973558891078509,0.00169280042574351,0.905259287260894,1.03966325516459,0.940610845214613,0.00143299991068442,0.878770596096074,1.00422745706338,0.906971177694783,0.00140040801351766,0.845111914778174,0.969540891624701
"low-large","halfcauchy",1,"continuous",11,176,5555648,589117,1,1,1,1,0.959752211034575,0.953171428818796,1.12253239956543,0.959752211034575,0.959617749899077,0.0598962772962549,0.565048027040646,1.36540725380517,0.956615736318377,0.00151137484636979,0.893399255298784,1.02180586848507,1.09838100775668,0.0768915772766331,0.640757236171494,1.55710784796906,1.1155462614423,0.0021141093033493,1.03961047717405,1.19223869907635,1.03558438777068,0.00173794330155504,0.966143782873724,1.10262207790934,1.03258405733964,0.0017380112274636,0.963231503238163,1.0995872215572,0.993956122003178,0.00147086304539733,0.931059076689834,1.05826861057451,0.949439091260424,0.00143827268417802,0.886702824405911,1.01289104731581
"low-large","halfcauchy",1,"continuous",11,177,5555648,8849927,1,1,1,1,0.959752211034575,0.953171428818796,1.12253239956543,0.959752211034575,0.970253755922895,0.0641483483422181,0.56587445796736,1.37624487971142,0.966919394182194,0.00136059348525691,0.9065255360736,1.02902864123934,1.09116800574196,0.0816145344341224,0.610251149866649,1.57178460457014,1.11005790614254,0.00190764985032184,1.03743485840166,1.18313159065938,0.978852660435191,0.00156666207445335,0.912911508479693,1.04252225671154,0.975313351585541,0.00156672950950221,0.909451471257848,1.03877513950128,1.06322446056998,0.00132727084677895,1.00359770883555,1.12447255710924,1.01071040437204,0.00129646588931506,0.95119487557217,1.07093562682159
"low-large","halfcauchy",1,"continuous",11,178,5555648,14153130,1,1,1,1,0.959752211034575,0.953171428818796,1.12253239956543,0.959752211034575,0.936708681154573,0.0543124048959097,0.555594457516409,1.31515627432843,0.932297018687013,0.00137786013305633,0.871366148288807,0.994716431302915,1.11762990447894,0.0697177999039668,0.675850990043768,1.56088051759652,1.1356171782441,0.00192775966082406,1.06356734708759,1.2088126693614,0.951321943567146,0.00158434946368951,0.884969027800371,1.01533147138724,0.948197910870467,0.00158444685633122,0.881982647976796,1.01211297531997,0.977649662523993,0.0013416195481068,0.917678075655245,1.03941647467675,0.931297214753337,0.00131099276424063,0.871428331897716,0.991873661597548
"low-large","halfcauchy",1,"continuous",11,179,5555648,8612565,1,1,1,1,0.959752211034575,0.953171428818796,1.12253239956543,0.959752211034575,0.985189780875565,0.0544864547919556,0.60023303518565,1.3659516221153,0.981927078637726,0.00134639501055777,0.923117734447776,1.04363444373676,1.02193315959352,0.0691834861210506,0.589708650218108,1.44583819173706,1.0393658573865,0.00188442489703697,0.967864169495634,1.11152264545978,1.01762049124834,0.00154905635911118,0.952096449241188,1.08094649433086,1.0137652598566,0.00154915015300629,0.948458183352454,1.07698470526976,1.04320516207371,0.00131136750781418,0.98393606591155,1.10405692214895,0.986003644330556,0.00128164592356254,0.926792557688181,1.04590120213633
"low-large","halfcauchy",1,"continuous",11,180,5555648,6057194,1,1,1,1,0.959752211034575,0.953171428818796,1.12253239956543,0.959752211034575,0.924254086589105,0.0509124829650418,0.556224836045605,1.29416719515013,0.921882554357632,0.00139560707799837,0.860853909010225,0.98446816175937,1.10778586754507,0.0650545962783326,0.688761785218987,1.525844755205,1.12353226984155,0.00195373387581111,1.05008836908998,1.19676857070658,1.02732359498706,0.00160549012892754,0.960606171018343,1.0917225592824,1.02450708913506,0.00160554302648551,0.957759566859378,1.08894267318037,1.02149799391806,0.00135879320406382,0.961384234320404,1.08350544106807,0.979708437573326,0.00132814005341988,0.919498051396326,1.04070774185768
"low-large","halfcauchy",1,"continuous",11,181,5555648,7739066,1,1,1,1,0.959752211034575,0.953171428818796,1.12253239956543,0.959752211034575,0.955204880111773,0.054304820996053,0.574526652763154,1.33866968498642,0.951706533513129,0.00142934825938906,0.890048754177672,1.01541081468263,1.12091714189966,0.06954413024152,0.690890818150688,1.55641023890378,1.1376963850856,0.00199954863476368,1.06316997205528,1.2118712991846,1.03460928285458,0.00164325988341552,0.967019054490427,1.09984003637417,1.03250446107242,0.00164334737516541,0.965064572618072,1.09753988315974,1.00950428460191,0.00139116450040002,0.94855590218553,1.0721614513434,0.978274252397702,0.00135957810515165,0.917309387106969,1.03994735715971
"low-large","halfcauchy",1,"continuous",11,182,5555648,13491472,1,1,1,1,0.959752211034575,0.953171428818796,1.12253239956543,0.959752211034575,0.899611818912494,0.0551140493317809,0.511437568671335,1.28295797394785,0.896506637251327,0.00143718449201556,0.834825542152433,0.960197509150092,1.07456639100022,0.0709077853885385,0.631683128370458,1.51518307356716,1.09230932979496,0.00201070053531456,1.01726560157152,1.16686548430775,1.10114443115535,0.00165188317910603,1.03335239319509,1.16646251941064,1.09813255677428,0.00165198688742516,1.03051692792171,1.16345385875649,1.00968712839941,0.00139929800267272,0.948566409243663,1.07249168728961,0.964998815729404,0.00136705692986583,0.903866989846813,1.02684740736075
"low-large","halfcauchy",1,"continuous",11,183,5555648,8060464,1,1,1,1,0.959752211034575,0.953171428818796,1.12253239956543,0.959752211034575,0.940398281872425,0.0588894386342041,0.551402775005784,1.34344290117039,0.935658858610482,0.00156151603336496,0.871049013744404,1.00210252247328,1.06250956734971,0.0756983826893158,0.601093663701113,1.51232150046411,1.07949286787517,0.00218395773780032,1.00249845148045,1.15713265843988,0.975184967618756,0.0017967782118733,0.904537920710001,1.04337275931514,0.971687682700626,0.00179692033212563,0.901389440272338,1.03980161010867,1.01459951021906,0.00152187693099081,0.950819147309947,1.07997226915836,0.962708978894262,0.00148657385975839,0.898991693569979,1.02726133059804
"low-large","halfcauchy",1,"continuous",11,184,5555648,13186769,1,1,1,1,0.959752211034575,0.953171428818796,1.12253239956543,0.959752211034575,0.988446868681566,0.0598396095031168,0.596225208122524,1.3880444869213,0.98636826029134,0.0014807514376714,0.923458707791845,1.05093749106676,1.11939353439769,0.0751605087945218,0.663556333850442,1.56887787872655,1.13689464718605,0.00207559206433256,1.06132714162056,1.21253814632729,0.992212691743533,0.0017043845025746,0.923294494818809,1.05866556309622,0.989959916772674,0.00170446063469092,0.921222044093724,1.0563199178596,0.966732806390713,0.00144321252331894,0.904554239674298,1.03054670046809,0.933307537094775,0.00141027649304795,0.871208390434614,0.996128663304011
"low-large","halfcauchy",1,"continuous",11,185,5555648,16105327,1,1,1,1,0.959752211034575,0.953171428818796,1.12253239956543,0.959752211034575,1.00820827421085,0.0581217667531192,0.611560067739505,1.40561807616506,1.00540515449575,0.00140073258044045,0.944902374696924,1.06830773045755,1.01981703592743,0.0740936642822144,0.566407772920788,1.46796609581652,1.03638077561805,0.00196027439270497,0.962749551097947,1.10980848822936,0.938215935488043,0.00161211963973929,0.871396865763121,1.00284519597721,0.935438086223295,0.00161221018959999,0.868664828481181,0.999966540936606,1.05648596614502,0.00136489738507889,0.996094668238433,1.11856027792056,1.01526997212041,0.00133383408576715,0.954891426334449,1.07637669259839
"low-large","halfcauchy",1,"continuous",11,186,5555648,5672340,1,1,1,1,0.959752211034575,0.953171428818796,1.12253239956543,0.959752211034575,0.882308804985662,0.057636896277654,0.490892343849341,1.27548196951952,0.880121539079963,0.00151071612390321,0.816388633077794,0.945386570553519,1.09338186670091,0.0731848913157086,0.64075309134827,1.54026979774365,1.11048684810554,0.00211547132300267,1.03426307519431,1.18698102760892,0.983258001592069,0.00173980154230256,0.913794887430324,1.05037291774888,0.980496147599758,0.00173992839929007,0.911091230201458,1.0474808060133,0.984041729023784,0.00147305966011467,0.921327121075353,1.04826178203315,0.943063062870629,0.00143943586652775,0.880314801903745,1.00648091480982
"low-large","halfcauchy",1,"continuous",11,187,5555648,580904,1,1,1,1,0.959752211034575,0.953171428818796,1.12253239956543,0.959752211034575,0.971374784654945,0.0544607861869113,0.588655705865219,1.35872646239177,0.967720314291654,0.00138360828492927,0.907018650386754,1.03024039999851,1.15609919347184,0.068361873653662,0.727047400917431,1.58664668032593,1.17300134830162,0.00193698624719176,1.10049353797082,1.24531154792882,0.964001084448097,0.00159233723560284,0.897497019618621,1.02825135445753,0.961107529478654,0.00159242285194135,0.894743062096412,1.02530172167931,1.01199483250378,0.00134834243308492,0.95221034052282,1.07366233400436,0.969062069432773,0.00131759656372109,0.90901796052574,1.02976607664319
"low-large","halfcauchy",1,"continuous",11,188,5555648,11055974,1,1,1,1,0.959752211034575,0.953171428818796,1.12253239956543,0.959752211034575,0.946180215779047,0.0489449353456124,0.582304055554908,1.30618156688938,0.943116516587449,0.00142815264003253,0.881150689428672,1.00625654045327,1.10836796803919,0.0618953105513462,0.699415953668176,1.51201008675109,1.124667329935,0.00200261160382599,1.05032284987294,1.19871845755953,1.02839948824135,0.00164418414057298,0.960521156013691,1.09363751707872,1.02582473451119,0.00164426650197836,0.958314535497018,1.09098728163892,1.01112458686824,0.00139084423255111,0.950490739762056,1.07361539403004,0.972921997655125,0.00135981527102822,0.912016931636138,1.0346497960077
"low-large","halfcauchy",1,"continuous",11,189,5555648,452295,1,1,1,1,0.959752211034575,0.953171428818796,1.12253239956543,0.959752211034575,0.937916000255318,0.0551088964162926,0.549723273282756,1.31939665431633,0.935224362322659,0.00145833052863308,0.872674198083528,0.999309560282665,1.13108158616461,0.0714761715952492,0.686877726362704,1.57718061038293,1.14829380285466,0.00204176277857514,1.07388243846155,1.22345626462253,0.966591186172526,0.0016769861812788,0.897997680114679,1.03241675109262,0.964070961726872,0.00167705544826612,0.895949153689986,1.02989191346489,1.01409696739811,0.00141987928677107,0.952551089047277,1.07740742345911,0.976703449682478,0.00138746838117976,0.915112425294714,1.03900129007745
"low-large","halfcauchy",1,"continuous",11,190,5555648,775779,1,1,1,1,0.959752211034575,0.953171428818796,1.12253239956543,0.959752211034575,0.924568649403227,0.0560820013788458,0.536947497039095,1.30388040648824,0.921519164500633,0.00142251183026623,0.86036356302189,0.984976183746776,1.13739082404867,0.0712908659932032,0.704932530347865,1.5686136567317,1.15466060842894,0.00199319733434729,1.08057225536812,1.22883524395779,0.93510369712521,0.00163751738832512,0.867687811687683,1.0001429222084,0.931794319606318,0.00163758494787869,0.86446461569635,0.996734715583518,1.01759742479359,0.00138592881938899,0.956903666937742,1.08015936572599,0.968494946205297,0.00135473211822315,0.907608404129446,1.03003519963231
"low-large","halfcauchy",1,"continuous",11,191,5555648,8427308,1,1,1,1,0.959752211034575,0.953171428818796,1.12253239956543,0.959752211034575,0.894857931768031,0.0542538292032879,0.516276229399124,1.27738223820313,0.891296639519024,0.00137797841516681,0.830602690963036,0.953621213043398,1.07770916480992,0.0690250269475841,0.643423410183466,1.50492578216402,1.09452872464841,0.00192833882636919,1.02221447838889,1.167263479205,1.02113501221263,0.00158526446607741,0.95477799400086,1.08517166386055,1.01809153065365,0.00158539635976948,0.951935504210117,1.0820255452777,1.02865310148357,0.00134208100758051,0.968934354302695,1.09026143806406,0.983495821230505,0.00131163779974557,0.923586642977586,1.04406343499864
"low-large","halfcauchy",1,"continuous",11,192,5555648,7173404,1,1,1,1,0.959752211034575,0.953171428818796,1.12253239956543,0.959752211034575,1.01411493867892,0.0580719823357383,0.618009097486184,1.40047906607005,1.01242798975238,0.00145484115603159,0.950139837170215,1.07657668049644,1.10524622077364,0.0741070038108727,0.652885015395043,1.54596120979843,1.12277826196382,0.00203743221499367,1.04847211446725,1.19776377782476,0.969210480667707,0.00167484020219409,0.901078014350738,1.03491609561354,0.966368806960179,0.00167495104925707,0.898283968591289,1.03204560072734,0.999466827992611,0.00141821004117407,0.937919159539019,1.06274937538504,0.957303846712204,0.00138571876307334,0.895733351614418,1.01955392761741
"low-large","halfcauchy",1,"continuous",11,193,5555648,10420380,1,1,1,1,0.959752211034575,0.953171428818796,1.12253239956543,0.959752211034575,0.942307987306323,0.0527222646259814,0.566920051343958,1.32034534468941,0.939507270945508,0.00163253692606158,0.873470377215752,1.00716951776217,1.06122094521451,0.0665162673848152,0.632716182512676,1.47983124445859,1.0776065719491,0.00228392465522592,0.998776871550284,1.15639394181959,0.994562070794338,0.00187825312151325,0.922317708735184,1.06424362044107,0.991162139383263,0.0018783666197412,0.91908224748522,1.0608187835609,0.995264553143405,0.00158991966125928,0.930128037807137,1.06228821574156,0.944818492408142,0.00155400593326413,0.879677641683017,1.01074394214879
"low-large","halfcauchy",1,"continuous",11,194,5555648,2131358,1,1,1,1,0.959752211034575,0.953171428818796,1.12253239956543,0.959752211034575,0.93314026472891,0.0510478790108886,0.565911951685576,1.30027231505103,0.930748297842643,0.00126053342562692,0.872823780377662,0.990375695310162,1.0758087566028,0.0652446597179963,0.650280317618954,1.48567906551339,1.0919501358223,0.00176995633235615,1.02275963461497,1.1607556781495,1.06952987694072,0.00145240441430918,1.00605818832079,1.13076449497801,1.06646191084843,0.00145248556203577,1.0030053167684,1.12770780544576,1.03284146924868,0.00122957231517151,0.975708576476779,1.09156748783475,0.987320902768649,0.00120158905143971,0.930031617337842,1.04530921193101
"low-large","halfcauchy",1,"continuous",11,195,5555648,12682766,1,1,1,1,0.959752211034575,0.953171428818796,1.12253239956543,0.959752211034575,0.959795062423275,0.0530704174462159,0.583650901071002,1.33147551935194,0.956167506479789,0.00134626165633647,0.896331755747726,1.0178892646248,1.15898535543209,0.0672412432907548,0.727437303200809,1.57810648506103,1.17601580383576,0.00188609572201753,1.10428318285775,1.24812110217445,1.03433743990831,0.00154946414142515,0.968874082581509,1.09758069107838,1.03111918053654,0.00154954423899996,0.965867018184145,1.0943966236138,0.980868375914711,0.00131218856803042,0.921608754027673,1.04176265885103,0.933117851536023,0.00128226900294115,0.873906696846306,0.993025392302844
"low-large","halfcauchy",1,"continuous",11,196,5555648,2475796,1,1,1,1,0.959752211034575,0.953171428818796,1.12253239956543,0.959752211034575,1.02354586508396,0.0590068201030714,0.622615421315048,1.42273480823512,1.02073890197472,0.0013923201889397,0.959629734207716,1.08339544905573,1.14391957403733,0.0747895972309257,0.686037527044591,1.59793956444771,1.16232057631244,0.00194867652854934,1.08900765412491,1.23566387157912,0.968784201877258,0.00160118211195817,0.902126837725651,1.03318993920044,0.965888493353802,0.00160124720959816,0.899279469433936,1.03017468694963,0.971553276817038,0.00135585516391456,0.91134666905398,1.03327539073812,0.928588560655395,0.00132490242742715,0.868436756969264,0.989488371975015
"low-large","halfcauchy",1,"continuous",11,197,5555648,4298260,1,1,1,1,0.959752211034575,0.953171428818796,1.12253239956543,0.959752211034575,0.952698030266461,0.0521422498757791,0.579785470639344,1.32584569719604,0.949557162422243,0.00163524523446712,0.883507184451975,1.0171287100518,1.14674944577903,0.0664838840428161,0.719762022468843,1.57186389834314,1.16352990652569,0.0022909102223542,1.08399461555945,1.24185442785253,1.00166106960925,0.00188235131979976,0.92954562946914,1.07138151858857,0.998906716576629,0.00188242177497208,0.926668735157209,1.06862180424182,1.0081159050392,0.00159286251275898,0.942953544427325,1.07527418762962,0.967248533445312,0.00155714107663692,0.901973452778589,1.03319839392638
"low-large","halfcauchy",1,"continuous",11,198,5555648,2394761,1,1,1,1,0.959752211034575,0.953171428818796,1.12253239956543,0.959752211034575,1.05955299661969,0.0634323120402313,0.650587502090455,1.46279174354741,1.05704499811282,0.00142133595297083,0.995652489857964,1.12071201404043,1.14988614603203,0.0801456536261597,0.671786865334456,1.61722257207591,1.16877469030726,0.0019901306672444,1.0946991028392,1.24327971127252,0.980984535797869,0.00163579122147752,0.913699397872557,1.04600641603019,0.977715375263547,0.001635868157396,0.910472731714362,1.04257943198028,1.05468499626991,0.00138531868355931,0.993841919756699,1.11716774766366,1.00617923220345,0.00135358930969824,0.945331631486524,1.06769939979443
"low-large","halfcauchy",1,"continuous",11,199,5555648,694600,1,1,1,1,0.959752211034575,0.953171428818796,1.12253239956543,0.959752211034575,0.980743991809382,0.0554181063490575,0.592176318864957,1.35949081531457,0.977183043996301,0.00132950497248416,0.918297781655507,1.03863722259546,1.10277715185785,0.0712091784590519,0.655243424641315,1.5433619801974,1.1208880856324,0.00185891453930017,1.04993260219779,1.19232381388291,1.03211340569433,0.00153023336728267,0.96700036455446,1.09498578337823,1.02940107952001,0.00153028281011943,0.964526217857893,1.09222987642545,0.981163224212753,0.00129598644085957,0.922343130839381,1.0416527624379,0.94091942091784,0.00126630500787335,0.882062832340246,1.00044533702719
"low-large","halfcauchy",1,"continuous",11,200,5555648,11218881,1,1,1,1,0.959752211034575,0.953171428818796,1.12253239956543,0.959752211034575,0.988328384812393,0.0571206423058906,0.600340785586633,1.38514268937736,0.985182773798632,0.00139861228059546,0.924703205110095,1.04795049127079,1.1772669855301,0.073530001683601,0.710789117258827,1.6246022155405,1.19571444749923,0.00195624370177215,1.12217796320044,1.26910307428777,0.998697645250122,0.00160875332650481,0.931914055319511,1.06319720998131,0.995290492268304,0.00160890515745352,0.928586456560484,1.05960074974583,1.02816433525177,0.00136200632179845,0.967704846404306,1.09013208010579,0.977611125356029,0.00133104920156445,0.917263545964133,1.03862327807311
