"excessvar","re.type","num.re","response","run","rep","design.seed","error.seed","beta_int_true","beta_row_true","beta_col_true","beta_dyad_true","delta_int_true","delta_row_true","delta_col_true","delta_dyad_true","beta_int_mean","beta_int_var","beta_int_5q","beta_int_95q","delta_int_mean","delta_int_var","delta_int_5q","delta_int_95q","beta_row_mean","beta_row_var","beta_row_5q","beta_row_95q","delta_row_mean","delta_row_var","delta_row_5q","delta_row_95q","beta_col_mean","beta_col_var","beta_col_5q","beta_col_95q","delta_col_mean","delta_col_var","delta_col_5q","delta_col_95q","beta_dyad_mean","beta_dyad_var","beta_dyad_5q","beta_dyad_95q","delta_dyad_mean","delta_dyad_var","delta_dyad_5q","delta_dyad_95q"
"ind-large","halfcauchy",2,"continuous",29,1,3797369,1311132,1,1,1,1,1.00028369132167,0.954841325145605,1.00086892702581,1.00028369132167,0.984416983904086,0.0934921756708658,0.474594721441776,1.48196111851106,0.984306258764615,0.00159745214280772,0.917571114219231,1.04949728712802,0.993120005670134,0.0657587210925914,0.571263307824601,1.41070440544448,0.996192570204101,0.00196193121637273,0.923730314135255,1.07152160660581,0.913777922431851,0.0524673723070499,0.540068751423949,1.28279114177969,0.925965275316832,0.00189117518205101,0.853982203791756,0.998013266043734,0.988497110752904,0.00171328505711336,0.922784154247412,1.05640420193521,0.938318701068652,0.00162301287671696,0.87543646923097,1.00438411356149
"ind-large","halfcauchy",2,"continuous",29,2,3797369,4897291,1,1,1,1,1.00028369132167,0.954841325145605,1.00086892702581,1.00028369132167,1.0701607802767,0.094513844926135,0.559358319918552,1.57001359342165,1.06925515110943,0.00158910113411611,1.0033458797613,1.13506566032485,1.06734598818757,0.0707040881202421,0.628621250817222,1.51455546214157,1.06938567693358,0.00197075437968437,0.996397572174398,1.14288304754322,1.03133284272521,0.0498767138151694,0.671578172736471,1.39165953508028,1.04299961281664,0.00185323159141648,0.97165039656366,1.11499135614947,0.962734155591108,0.00169017697159227,0.8968259171363,1.03122664599833,0.923480070413261,0.00159341503101716,0.861162538811162,0.98876489887356
"ind-large","halfcauchy",2,"continuous",29,3,3797369,4681604,1,1,1,1,1.00028369132167,0.954841325145605,1.00086892702581,1.00028369132167,1.0175807845569,0.094776939378952,0.509973409489775,1.52046022777293,1.0170435224498,0.00161177070455324,0.950362110578134,1.08290661326123,0.954223305664589,0.0657917079163525,0.525476390625414,1.37451641291781,0.956269186566355,0.00200240586868325,0.883753404796769,1.03035415353662,1.06164483047647,0.0544018480939554,0.688492334867686,1.4443521943688,1.07512555646244,0.00192681409028735,1.00369710004131,1.15035550365771,0.93712391098591,0.00175771771673013,0.870484520454918,1.00597853805464,0.887598498438487,0.001672550589072,0.823545942349436,0.954633037479649
"ind-large","halfcauchy",2,"continuous",29,4,3797369,386833,1,1,1,1,1.00028369132167,0.954841325145605,1.00086892702581,1.00028369132167,1.00908799263341,0.0983301240692485,0.488291517374587,1.52183346467872,1.00866424562121,0.00182897041141085,0.9374565164895,1.0784755328648,1.08070267095177,0.0711059826966629,0.635546599874402,1.51970963554407,1.08379406809574,0.00221159074222952,1.00604112145245,1.16262949098862,1.03668278811323,0.0547821750975241,0.655690543353785,1.41151779734,1.04926053382426,0.00211172581003646,0.974054827138267,1.12599751800001,1.02616442688706,0.0019255484875752,0.95676858678818,1.09811523287709,0.970471002955584,0.00183005553420031,0.903577928390449,1.04040755114874
"ind-large","halfcauchy",2,"continuous",29,5,3797369,4863674,1,1,1,1,1.00028369132167,0.954841325145605,1.00086892702581,1.00028369132167,1.03723999401013,0.0968657274281716,0.517377188619291,1.53145869420604,1.0367594542157,0.00148097481621346,0.972915900102525,1.10073098908619,1.07737858648818,0.0740754594756179,0.629791430085925,1.52686121814037,1.08056376059172,0.00186213246144929,1.00946702411783,1.15169811087019,0.982245678496324,0.0472828363208894,0.630923863864882,1.3301829648679,0.994230312013035,0.00171552279151854,0.926746273632345,1.06333610881128,1.04456308357474,0.001591721714289,0.980723921668098,1.11063625278497,0.98428071238087,0.00150700812851997,0.923527411272927,1.04796028523159
"ind-large","halfcauchy",2,"continuous",29,6,3797369,10432643,1,1,1,1,1.00028369132167,0.954841325145605,1.00086892702581,1.00028369132167,1.02946435748556,0.091765271010459,0.532268719046584,1.51353022136606,1.02895222392102,0.0014412139837658,0.965158762964873,1.09085636476767,0.970446895888172,0.0705558913626088,0.532634858706496,1.41566957208161,0.97288129750626,0.00174291328190051,0.903353530442357,1.04310596832875,1.00044947671134,0.0466938625786789,0.645920042473779,1.3534209295057,1.01286034525313,0.00163914799224796,0.945308886932986,1.08156039794363,1.02153374951715,0.00151849063721907,0.959204510013758,1.08606964571151,0.982350937117652,0.00143368118443637,0.92290697382018,1.04419123372617
"ind-large","halfcauchy",2,"continuous",29,7,3797369,16243646,1,1,1,1,1.00028369132167,0.954841325145605,1.00086892702581,1.00028369132167,0.914989599040417,0.0911159485060512,0.41060029392327,1.40104681049671,0.913824062072962,0.00166890956174687,0.845730876838131,0.981124197299426,1.03064359039545,0.0716522728912148,0.59019151274359,1.48019744576733,1.03346446964481,0.00201894113678111,0.95851205397176,1.10932980521811,0.9981067442395,0.0455595224197544,0.645855789341569,1.34701715166126,1.00859753325612,0.00191101023042153,0.936530182896626,1.08192864833467,0.980576557348181,0.00176386603620773,0.914194618941757,1.05003013274565,0.93576568444519,0.00166626426598026,0.87180964698474,1.00255014068604
"ind-large","halfcauchy",2,"continuous",29,8,3797369,14952855,1,1,1,1,1.00028369132167,0.954841325145605,1.00086892702581,1.00028369132167,1.03856715114242,0.0972493084685551,0.513767881113593,1.53157001487226,1.03846961995958,0.00165897118300023,0.971253663468449,1.10488282427248,1.01946962287952,0.0701723275000975,0.589441769772922,1.46194542634826,1.0216930605346,0.00204326418883925,0.947345984627593,1.09623385454694,0.942994870041132,0.0532100802895699,0.569350607032981,1.31383730169377,0.95527934176889,0.00192712742791615,0.883195531213127,1.02895235761057,0.983171261520932,0.00176370366274921,0.916631774369697,1.05255850618869,0.936354988573132,0.00168505221157067,0.872532223549836,1.00328378982032
"ind-large","halfcauchy",2,"continuous",29,9,3797369,8549801,1,1,1,1,1.00028369132167,0.954841325145605,1.00086892702581,1.00028369132167,0.937521213212195,0.0944442618117546,0.422656697708289,1.43043507616345,0.936745310875271,0.00157954948921462,0.869912790585743,1.00176544962695,1.01565162080482,0.0663360405519509,0.579546036196261,1.43373855664503,1.01712153176455,0.00199439609493707,0.944030035788358,1.09074184324158,1.02625057846425,0.0544290595059881,0.651708386399219,1.39956608036179,1.04016984268255,0.00189941459661938,0.969446652423036,1.11328119053126,0.976648687358559,0.00169382698352536,0.911302564983371,1.04479239308051,0.940622890830403,0.00161083366610682,0.877678785608223,1.00662639204725
"ind-large","halfcauchy",2,"continuous",29,10,3797369,9961067,1,1,1,1,1.00028369132167,0.954841325145605,1.00086892702581,1.00028369132167,1.01127180896402,0.0898379001226784,0.511079341003822,1.49943422361602,1.01118711171352,0.00162176237715605,0.944709694821055,1.07895237129244,1.08745065209546,0.0674307017850268,0.651077969200319,1.51439526081467,1.09053393432691,0.00198274781719599,1.01710095728715,1.16460423364387,1.00366770975717,0.0464904739019499,0.654433022832881,1.3622673021429,1.01419479056464,0.00188045203393408,0.942759108390944,1.08766226984214,0.967339832147571,0.00172225735930727,0.901132411427541,1.03604176744046,0.919221942485804,0.00162501635029858,0.85633059073522,0.985489874305912
"ind-large","halfcauchy",2,"continuous",29,11,3797369,16369601,1,1,1,1,1.00028369132167,0.954841325145605,1.00086892702581,1.00028369132167,1.05313439313312,0.0962759731916754,0.531763214459744,1.55123200798641,1.05193073082411,0.00154375769945375,0.98632097101666,1.11779199755167,0.961995335366093,0.0713317783939128,0.519003360955539,1.40839239553256,0.964417770720601,0.00191392618220241,0.893422951124437,1.03826600039703,0.989667728612744,0.0517515751612482,0.625262871251643,1.35167652468967,1.00257476603498,0.00184281590696099,0.931003707201845,1.07383668017048,0.976108123393407,0.00166584108154422,0.911194953810359,1.04369884297239,0.923180228376944,0.00157569045204664,0.860924357994066,0.988099656363375
"ind-large","halfcauchy",2,"continuous",29,12,3797369,7007055,1,1,1,1,1.00028369132167,0.954841325145605,1.00086892702581,1.00028369132167,1.03785236079739,0.0902501201045764,0.538590662014629,1.52802257930739,1.03781800160645,0.00149518104661181,0.973776901093386,1.10099359162627,0.995969753937498,0.0668827260408363,0.563651842206059,1.42532470182888,0.998755219437348,0.00184534021025359,0.927623577792809,1.07157620376579,0.98399797035925,0.0480446010543331,0.628598456903922,1.33408995296741,0.997224175488754,0.00175491507196544,0.929438920215422,1.06814984303168,0.993089305439959,0.00158044858728935,0.92984983160753,1.0582164516672,0.932660827293003,0.00149368827098617,0.872022238219268,0.996175963302485
"ind-large","halfcauchy",2,"continuous",29,13,3797369,9940554,1,1,1,1,1.00028369132167,0.954841325145605,1.00086892702581,1.00028369132167,1.09917666648559,0.0964741519513631,0.578350269541734,1.59787148977761,1.09865155296461,0.00160930176833538,1.03222970220743,1.16491614380117,1.05025822916446,0.0735316188186261,0.607316541984255,1.50584845307529,1.05279361083503,0.00198640904965759,0.978954629268237,1.12600618059393,1.04696204560293,0.0493056574346285,0.686948613505535,1.40874079514533,1.058453527108,0.00185805963283522,0.987981673950754,1.12969212653288,1.0138275083364,0.00171611055529957,0.947808133058,1.08225368677846,0.951871962352157,0.00161900237164708,0.888440816602184,1.01752660108324
"ind-large","halfcauchy",2,"continuous",29,14,3797369,6615476,1,1,1,1,1.00028369132167,0.954841325145605,1.00086892702581,1.00028369132167,1.0251877999466,0.0879014088941506,0.538573385381632,1.50912612414349,1.02420097105179,0.00163293989088571,0.955895345636753,1.09170537759409,1.05359426046175,0.0662988696938944,0.6343797730346,1.47207218452725,1.05532842425583,0.00196097217269617,0.98222880541034,1.1310709388658,1.01689205806352,0.0459575634997218,0.662413979380614,1.36981944245229,1.02808412932633,0.00193240850866856,0.955683690838495,1.10173152252523,0.955151856690924,0.00173547723970231,0.888907556598093,1.02375446427662,0.91126583032858,0.00162924375649958,0.847758388757283,0.97760354517147
"ind-large","halfcauchy",2,"continuous",29,15,3797369,12504836,1,1,1,1,1.00028369132167,0.954841325145605,1.00086892702581,1.00028369132167,1.01924560873217,0.0961797365924867,0.496912463316083,1.52077981968766,1.01829561230794,0.001476754027192,0.953381271633952,1.08137763634068,1.07659183342262,0.0718218566220453,0.63769625610702,1.52219338104871,1.0787335421417,0.00180072583265514,1.009568051294,1.14904433711779,1.0372425529376,0.0494852406165461,0.670260084643224,1.40022817400422,1.04974416786467,0.00175685584887475,0.981138989296054,1.12056436750444,0.980667421495772,0.00154500300555571,0.9179529151346,1.04585515650855,0.959115086643896,0.00146420978831625,0.899199865813617,1.02195213579331
"ind-large","halfcauchy",2,"continuous",29,16,3797369,4116637,1,1,1,1,1.00028369132167,0.954841325145605,1.00086892702581,1.00028369132167,0.945818652283936,0.100035543656129,0.420030495306135,1.4543334558894,0.945086035207586,0.00160693087133165,0.878366240094731,1.00983633799726,0.971095413387954,0.0714807659489266,0.516892303892178,1.41326205791569,0.973737362485378,0.0019467041060754,0.901416199076626,1.04780528885934,0.922916930620302,0.0544523331025726,0.550079583546935,1.29585098296392,0.936009848863478,0.00186828049292681,0.864174524323461,1.00947851488559,1.07136728837915,0.00170358079585313,1.00578608315737,1.14006306720022,1.02860652146519,0.00162618187677608,0.965607032127985,1.09444124350041
"ind-large","halfcauchy",2,"continuous",29,17,3797369,7394751,1,1,1,1,1.00028369132167,0.954841325145605,1.00086892702581,1.00028369132167,0.970733533956769,0.0858036109142994,0.483999075047311,1.44039046318838,0.969193462646173,0.0014153334437316,0.906442545902571,1.03127812292113,0.924179352295436,0.0646476247884339,0.503152117645666,1.34646710447594,0.926037264041562,0.00171350022245947,0.85747567291463,0.99517688456756,0.938618006718993,0.0448769816417496,0.592599566006119,1.28728892456119,0.949723594964809,0.00169023552421278,0.882061543552403,1.01928517174873,0.948292880553258,0.00152688723830701,0.885654310995084,1.01299251951451,0.912411468818331,0.0014435115634746,0.85281391164092,0.974873490144096
"ind-large","halfcauchy",2,"continuous",29,18,3797369,6592879,1,1,1,1,1.00028369132167,0.954841325145605,1.00086892702581,1.00028369132167,1.02131240092887,0.0984698740155048,0.506830194007348,1.53209380173477,1.01999437374035,0.00160015895203695,0.952660527788008,1.08564320950911,1.01232547261575,0.0721428872070941,0.571184892446153,1.45748710817177,1.01412448464295,0.00191736634459106,0.941824970927393,1.08524769736306,1.00799351828782,0.0533864532212055,0.631535207088131,1.37838069150057,1.02211651951554,0.00190018580967328,0.950176723343927,1.09620619484324,0.979077030202054,0.00170497578230166,0.912668270199577,1.0473576549304,0.939647244899582,0.00162653011480164,0.876878989592114,1.0056870836509
"ind-large","halfcauchy",2,"continuous",29,19,3797369,1607185,1,1,1,1,1.00028369132167,0.954841325145605,1.00086892702581,1.00028369132167,1.01561373662828,0.093777342372706,0.511586383530837,1.5107299112123,1.01558460563948,0.0016035957956824,0.948726644075139,1.08112265329325,1.09832971133772,0.0672573502369298,0.665994035586129,1.52078167956308,1.10218538253268,0.00199148593479986,1.02957060769414,1.1752415908082,0.992479527493083,0.0517229295182715,0.623549297908362,1.35880113273686,1.00486804775298,0.0018853351431741,0.933972770016493,1.07856481766543,1.02686163775412,0.00174417891324453,0.960490504012028,1.0952601081111,0.972739690135481,0.00165181522046919,0.909196956611348,1.03934970787106
"ind-large","halfcauchy",2,"continuous",29,20,3797369,16001957,1,1,1,1,1.00028369132167,0.954841325145605,1.00086892702581,1.00028369132167,1.01590157201398,0.0942844366560318,0.507478334292685,1.51381008150342,1.01457832587575,0.00156532882352451,0.949012479968385,1.07960278222343,1.00582675619123,0.0701832687803497,0.574878293799833,1.44199747285284,1.0077041808569,0.00198872273917133,0.934416079915419,1.08211927932639,1.01211466582994,0.0521013511417619,0.644120834084745,1.37661080713582,1.02396988715106,0.00186845771799133,0.953100268074519,1.09558075321961,1.02924062578967,0.00170676840864102,0.963409915517571,1.09779069508097,1.00622370722135,0.00161176333620395,0.94352909827625,1.07229095300926
"ind-large","halfcauchy",2,"continuous",29,21,3797369,11516167,1,1,1,1,1.00028369132167,0.954841325145605,1.00086892702581,1.00028369132167,0.996820144844452,0.0921344131028628,0.49986872922442,1.48644029333785,0.995250431510551,0.00154063682859608,0.930502266131084,1.05975620365176,1.02582961393903,0.0719769011582195,0.585893006941546,1.47485273803833,1.02839920251439,0.00183277153550024,0.956837527806079,1.10056549147583,1.01216310507417,0.0445734044604184,0.666221380854078,1.35438022706823,1.02277614579484,0.00175112578089446,0.953386762027458,1.09185783752273,1.00857245469929,0.00161291905975284,0.944047312483217,1.07532089777046,0.976558714004139,0.00152753517630048,0.915543316052952,1.0409667303046
"ind-large","halfcauchy",2,"continuous",29,22,3797369,10645103,1,1,1,1,1.00028369132167,0.954841325145605,1.00086892702581,1.00028369132167,1.05307476117283,0.0946939642986927,0.537982700772529,1.55353348490112,1.05259112782273,0.00166822510714355,0.984725123802571,1.11868860628103,0.94122488187057,0.0661546820940075,0.520221199855673,1.36171279307016,0.943677854659865,0.0019581117088987,0.870948480106799,1.01774541996288,0.916696397308356,0.0546357916892738,0.533469544898337,1.29385140474841,0.928237310686899,0.00191850139311397,0.856404866964678,1.0032631392927,0.966511736316454,0.00174014362429274,0.900017455820631,1.0350471518491,0.930314790762107,0.00164413288742573,0.867119275211461,0.996530025311305
"ind-large","halfcauchy",2,"continuous",29,23,3797369,15132615,1,1,1,1,1.00028369132167,0.954841325145605,1.00086892702581,1.00028369132167,1.05550289609547,0.0946302560284888,0.549933811020579,1.55120005476089,1.05673810746043,0.0015616712974675,0.990685900949056,1.12028793265563,0.980250758996246,0.058649566142303,0.576368219062666,1.39893865815416,0.980963384443028,0.00189382922738381,0.908370587137516,1.05521115929232,1.09434685840411,0.0589293752772933,0.699877012729129,1.48786216848716,1.10940878112553,0.00184085915866412,1.03904705473378,1.18098174777204,0.982513904210022,0.00168044600233656,0.917302416243396,1.04975641024473,0.941606527338673,0.00158972975518868,0.879276219964623,1.00665871175466
"ind-large","halfcauchy",2,"continuous",29,24,3797369,10005591,1,1,1,1,1.00028369132167,0.954841325145605,1.00086892702581,1.00028369132167,0.96769174164064,0.0891303723990102,0.471049131781912,1.44824195903648,0.966825591167035,0.0014622057287414,0.90387213038269,1.03023536883509,0.983602063502428,0.0613649001228355,0.576297560929657,1.38862915774086,0.986241926499892,0.00179208244456926,0.916380337329948,1.05708793400499,0.996880720027182,0.0511069191012772,0.626278560433706,1.35802550004507,1.00976154251919,0.00176008823898819,0.941407607632937,1.08262174546709,0.947334863326429,0.00158549472389146,0.884316439745777,1.0124462210435,0.893625299590807,0.00148476359778756,0.832945227677644,0.957015269544976
"ind-large","halfcauchy",2,"continuous",29,25,3797369,1198697,1,1,1,1,1.00028369132167,0.954841325145605,1.00086892702581,1.00028369132167,1.030705615042,0.0998468136090004,0.499515433530756,1.54137823144795,1.02980683729212,0.00162448846963374,0.962373416403317,1.09644656329724,0.988947512412958,0.0767105901647231,0.526342597868764,1.45690091765079,0.99329737761886,0.00201497818623423,0.91995589872371,1.06967952972506,1.02162709106991,0.0505969402920957,0.660691006263338,1.3877101104258,1.03363148238961,0.0019268526454964,0.960883456514597,1.10776673427259,0.956351146908733,0.00174510425821963,0.889921635724696,1.02554947231549,0.89973508112232,0.0016404398195956,0.83641211071958,0.966150636868421
"ind-large","halfcauchy",2,"continuous",29,26,3797369,15122483,1,1,1,1,1.00028369132167,0.954841325145605,1.00086892702581,1.00028369132167,0.965458624061284,0.0932361245360036,0.464874861449978,1.44945558946009,0.963999956237506,0.00150320736875772,0.899117243124092,1.02787920068348,1.04154186898732,0.0720571112546395,0.595557640217466,1.48819267339813,1.04451132073637,0.00182174386000685,0.97552443325703,1.11579614663209,0.95697769830643,0.045845780997721,0.605611854317126,1.30827589146164,0.969024520732218,0.00176107397361905,0.899962932189257,1.03868686101457,0.977110674167265,0.00159242319577338,0.913355217123112,1.0433332861416,0.934799321248302,0.00150937460276344,0.874091456628309,0.998346741616213
"ind-large","halfcauchy",2,"continuous",29,27,3797369,9321945,1,1,1,1,1.00028369132167,0.954841325145605,1.00086892702581,1.00028369132167,1.00952121705544,0.0913359777662867,0.51144195104095,1.49226244524508,1.00985910389923,0.00156678130328626,0.943533324483423,1.07494695333419,0.916977438579331,0.0673788043456457,0.479828845202837,1.34375863368083,0.918049142826988,0.00188524854515176,0.848179257507137,0.990417237052521,1.03220388829022,0.0498507210766104,0.670718097864256,1.39527139890069,1.04449550830376,0.00182200114111759,0.974366589831827,1.11602197433192,0.994523005466014,0.00169761662093888,0.929344663903825,1.06255133946147,0.954617227570382,0.0016025549087226,0.892174647167774,1.02053667784903
"ind-large","halfcauchy",2,"continuous",29,28,3797369,591443,1,1,1,1,1.00028369132167,0.954841325145605,1.00086892702581,1.00028369132167,1.01272508568411,0.092916102833276,0.501775160836943,1.50012548367858,1.01307358654246,0.00160341834821053,0.946627014646015,1.07838597711745,0.995321057149688,0.0662852635443659,0.576616862828189,1.41291371845597,0.997334589685851,0.00201394271338446,0.924668814090999,1.0722477916336,0.985563283942148,0.0521662391263183,0.615887047820345,1.35491156706034,0.998119203922958,0.00194999639906808,0.925630576369124,1.07445534405228,0.983859328087686,0.00172893675024691,0.917920066030004,1.05208246261671,0.945413079534195,0.00163405744400364,0.883074082472872,1.01166635812372
"ind-large","halfcauchy",2,"continuous",29,29,3797369,6071843,1,1,1,1,1.00028369132167,0.954841325145605,1.00086892702581,1.00028369132167,1.01334451479147,0.0989152597562859,0.483983873263854,1.52013027964554,1.01262155264668,0.00154343870356681,0.947276910075777,1.07765410950337,1.00974766894882,0.072745345090664,0.564211959070385,1.45669321112335,1.01339211179234,0.00189326071357618,0.942322559191702,1.08760590707788,0.998761114171351,0.0531295867857051,0.633059589202931,1.36921742649787,1.01083431937026,0.00188209606989801,0.938579946366159,1.08333510867449,0.966837264619647,0.00164620758303791,0.902080461666082,1.03392135707492,0.927667964069669,0.00157036443870305,0.86579043952697,0.992214707047552
"ind-large","halfcauchy",2,"continuous",29,30,3797369,12262061,1,1,1,1,1.00028369132167,0.954841325145605,1.00086892702581,1.00028369132167,0.989830651657635,0.0989694697760725,0.469587536458336,1.49349412824906,0.989480621771202,0.00155701768445502,0.925045653596434,1.05397905813766,0.89653840699353,0.0714787424650881,0.458850498758006,1.33916061962524,0.898299836430201,0.00191581692539714,0.826256590693471,0.97018767256146,0.952361673037256,0.0534745019378576,0.584510719620584,1.32375505667031,0.965719947782444,0.00181411748696368,0.894807189147587,1.03655481065386,0.933990684534581,0.00165823677781519,0.869421212674658,1.00120825422849,0.903048762191272,0.00157280660388792,0.84089433133903,0.967597505289491
"ind-large","halfcauchy",2,"continuous",29,31,3797369,4403918,1,1,1,1,1.00028369132167,0.954841325145605,1.00086892702581,1.00028369132167,0.960963748094081,0.0956899093041455,0.445265466774857,1.45300968275227,0.960741990907668,0.0017822864638956,0.891589589078858,1.02960795743922,1.0207558400118,0.0651138484986093,0.599180067108732,1.44373424477757,1.02401854733955,0.00211896990931985,0.94748635140186,1.10146457540371,0.987471189436162,0.055692750186684,0.60470160621293,1.3670101784858,1.00081485931195,0.00209181596548547,0.926129420425089,1.07925022420474,0.956797249003877,0.00187277513435101,0.887808856884174,1.02757694534693,0.91490913649341,0.00178337649282735,0.849138526923707,0.984090801342618
"ind-large","halfcauchy",2,"continuous",29,32,3797369,7419627,1,1,1,1,1.00028369132167,0.954841325145605,1.00086892702581,1.00028369132167,0.964543344711787,0.0968213997888327,0.45468487684012,1.46225269386984,0.963772973271436,0.001535900441165,0.897048876666674,1.0281843359306,1.02986334762232,0.0734318939098424,0.586640965389633,1.48491649208482,1.0309905915197,0.00186281045926988,0.960996997573424,1.10228991358272,0.962725300654114,0.049820260680525,0.59881947794971,1.32661411452198,0.97414833637967,0.00181226295809464,0.903816226620168,1.0461227121799,1.07158945996317,0.00162304805568143,1.007226945953,1.13853555973911,1.04000092029153,0.0015415201649981,0.978779954809315,1.1043256762944
"ind-large","halfcauchy",2,"continuous",29,33,3797369,9428865,1,1,1,1,1.00028369132167,0.954841325145605,1.00086892702581,1.00028369132167,0.952258463623265,0.0947501896040604,0.445637377663237,1.44477442611713,0.951663587979862,0.00165152631701301,0.884286212608036,1.01879345939276,1.03664849890241,0.0714431555380715,0.592637612886127,1.48676206207617,1.03840765761742,0.00207379074894869,0.964021668631636,1.11352578356857,1.03097483478027,0.0491337653091497,0.671855036462542,1.38895640801342,1.04245329059347,0.00193294112230443,0.969568167623216,1.11605786743872,1.00359259648866,0.00176605013838151,0.936616233496438,1.07339514148737,0.961759404032964,0.00166670988349942,0.897757018366587,1.02824841905598
"ind-large","halfcauchy",2,"continuous",29,34,3797369,1014356,1,1,1,1,1.00028369132167,0.954841325145605,1.00086892702581,1.00028369132167,0.986496726384219,0.0970480859464534,0.463333502783885,1.49922639297342,0.9855800935715,0.00143318603857688,0.923837399015225,1.04826205870517,0.958048301200162,0.0691607880659414,0.525440785762981,1.4018629935846,0.959723758646008,0.00175065205725177,0.890351073458264,1.02951249547528,0.985993221143345,0.0550845905346742,0.610737725724021,1.36991749548572,0.999819464767814,0.00172136409726969,0.932463652387807,1.068913745313,0.964991565993042,0.00154105884911165,0.902501083229308,1.02965278668885,0.944612232554138,0.00146053449655512,0.884993018006471,1.0067699475745
"ind-large","halfcauchy",2,"continuous",29,35,3797369,5544362,1,1,1,1,1.00028369132167,0.954841325145605,1.00086892702581,1.00028369132167,1.04239170408583,0.0939146520674506,0.531426824643032,1.53611061067022,1.04133149078205,0.00160714320489957,0.973665861122517,1.10754456374717,1.05361436478808,0.0714633469541326,0.612614653470542,1.49773090523565,1.056125750591,0.00192877630233505,0.984000544678464,1.12934637659457,0.934675466766555,0.0468917724071449,0.586711129167505,1.27838373119152,0.945529117461455,0.00187826946275609,0.874713588793506,1.01772996633426,0.977721306921671,0.0016823607091621,0.911996077156299,1.04567953235701,0.928853792495414,0.00159431480714262,0.866299128161115,0.994232794459003
"ind-large","halfcauchy",2,"continuous",29,36,3797369,10671547,1,1,1,1,1.00028369132167,0.954841325145605,1.00086892702581,1.00028369132167,0.981837132283771,0.0967690485604957,0.463658675941951,1.48276514985912,0.98161974886282,0.00152345782674496,0.916478681429604,1.04486565058369,0.945993641868085,0.0685586011315668,0.51067705247727,1.37547765027594,0.947884869060638,0.00181145320688512,0.877285462314677,1.01703363704552,0.982835660750977,0.0549511635192352,0.607596118360007,1.3630100705631,0.995230971262197,0.0017977087028352,0.925502122046577,1.06656106364359,0.977617647019639,0.00162460050585163,0.913566514501336,1.04407181544425,0.934296318689972,0.00154389066206377,0.872847567897462,0.998703434955308
"ind-large","halfcauchy",2,"continuous",29,37,3797369,429758,1,1,1,1,1.00028369132167,0.954841325145605,1.00086892702581,1.00028369132167,0.99896751683946,0.0996660730358977,0.473340276156481,1.51049801216761,0.997468365490425,0.00158805231394334,0.930184182368556,1.06414334671879,0.968407231436965,0.0752895604329224,0.513263508658703,1.42263697341833,0.970110039991194,0.0019678217903212,0.897497442142745,1.04459587387363,1.01347335978419,0.0499996850656217,0.646310164701873,1.372596742188,1.02642086581739,0.00182152060058662,0.955681248449493,1.09895942975302,1.02606163128162,0.00166792790202761,0.960397175028594,1.09351408818808,0.995761517914563,0.0015829840818592,0.933646751057025,1.06138016242323
"ind-large","halfcauchy",2,"continuous",29,38,3797369,8931820,1,1,1,1,1.00028369132167,0.954841325145605,1.00086892702581,1.00028369132167,1.02627768436711,0.105571440271902,0.481773614804882,1.54826856382236,1.02544951200839,0.00158768639900138,0.958439251903583,1.09083453360616,0.989748959619018,0.0763363032601318,0.533121562224196,1.45303705662261,0.991986185791104,0.00193345050766782,0.917982151607997,1.06485319523119,0.998376591375304,0.0564601340519513,0.613530487765173,1.37090270656934,1.01168545079341,0.001882490231794,0.939559709875236,1.08198710901713,0.98261148586957,0.00167404834478239,0.916831117023046,1.05029432578057,0.945550408208788,0.00157813862953193,0.883177844819799,1.01001087148999
"ind-large","halfcauchy",2,"continuous",29,39,3797369,10336356,1,1,1,1,1.00028369132167,0.954841325145605,1.00086892702581,1.00028369132167,0.977740637238633,0.0967119047093702,0.466123074303796,1.47969302393542,0.977296555367941,0.00165516608674131,0.908178352688565,1.04428012327798,1.0532692629515,0.0711650177681218,0.610612145245698,1.4939131333743,1.05643850292476,0.00197851775866046,0.983976683532945,1.13154079049655,0.960032792586512,0.0517170431856957,0.591610981650309,1.32961801342527,0.972072120226744,0.00195236137980447,0.900096820735819,1.04677671659304,0.922876569239092,0.00173237948533924,0.857018286401174,0.992069734538887,0.876677286813363,0.00163750968080489,0.813655409992857,0.943645346893324
"ind-large","halfcauchy",2,"continuous",29,40,3797369,1560429,1,1,1,1,1.00028369132167,0.954841325145605,1.00086892702581,1.00028369132167,0.916062316813419,0.0945501768211649,0.411892996317227,1.41416940891575,0.916234021669847,0.00163329004001851,0.849871313106815,0.982453616325368,0.897223132790122,0.0668960470759774,0.474548154515196,1.31986576697102,0.8978638191191,0.0019895358205619,0.826182387637605,0.974094272519388,0.958893117309065,0.0548837580952567,0.584223120922657,1.33542763069371,0.971798205307049,0.00194077238147279,0.899496162722033,1.04678975290066,0.99594078197358,0.00174025312933956,0.929658061247801,1.06535340370234,0.956300999110589,0.00165099665764912,0.892738261109123,1.02284995328819
"ind-large","halfcauchy",2,"continuous",29,41,3797369,11541941,1,1,1,1,1.00028369132167,0.954841325145605,1.00086892702581,1.00028369132167,0.975146387166711,0.100683347606596,0.442882167140373,1.47809444491417,0.974555544529335,0.00146897329048857,0.910383188767733,1.03773615261204,1.06288289094483,0.0773300568017555,0.59760854624925,1.53326953067746,1.0685059446461,0.00181274256638573,0.998796551461975,1.14009627775906,0.987284503872561,0.0513463824423805,0.6233550475333,1.35145509689607,1.00063138077059,0.00172186829865408,0.931238567289687,1.06891487647938,0.999835141758174,0.00155032812819228,0.936959225478879,1.06519913852641,0.938498656782644,0.00146013626339446,0.87849991888617,1.00132899391048
"ind-large","halfcauchy",2,"continuous",29,42,3797369,891916,1,1,1,1,1.00028369132167,0.954841325145605,1.00086892702581,1.00028369132167,1.05588131544886,0.0884685153569374,0.561029700381328,1.54028765120947,1.05554741924749,0.00161562439184407,0.989762438358178,1.12159824873377,1.03319035804816,0.0676670965828094,0.602733427207928,1.46091439192442,1.03623760526013,0.00197869141826295,0.962205136774667,1.1115027301026,0.859558602834105,0.0464742532875395,0.50535232804563,1.20393712495034,0.870605282074358,0.00187896075787535,0.799188513919853,0.944720896104961,1.00699413669022,0.00171490701313087,0.94068468369586,1.07588716555419,0.964248092466475,0.0016172760691744,0.901092857934881,1.03021586611597
"ind-large","halfcauchy",2,"continuous",29,43,3797369,10421954,1,1,1,1,1.00028369132167,0.954841325145605,1.00086892702581,1.00028369132167,1.02064137048665,0.106900907796851,0.475072653126318,1.55131217168011,1.01930472244516,0.00163022659028865,0.951577882749413,1.0858514054171,1.01486583246739,0.0767151483774852,0.554880208339649,1.4808032651335,1.01700098468882,0.00198386356021708,0.943036792194909,1.09209814234742,0.949586078059634,0.0598438329406174,0.551792202691973,1.34357965925837,0.962229945985167,0.00195089605890659,0.890094547194063,1.03620214653322,0.954185529068051,0.00178786617351383,0.886901395151125,1.02369320218916,0.912723616795286,0.00169235744142269,0.848252202361091,0.980437127910263
"ind-large","halfcauchy",2,"continuous",29,44,3797369,14380143,1,1,1,1,1.00028369132167,0.954841325145605,1.00086892702581,1.00028369132167,0.955346673166038,0.0965169548065629,0.436041530935944,1.44894706009851,0.954418122862597,0.00154957786700041,0.887663826762676,1.01863125663255,0.9854538190535,0.0716573572175973,0.540658966199092,1.4306496733349,0.987390861999784,0.0019287411877149,0.91654977867875,1.06091658071252,0.965154911638675,0.0523252251050829,0.599142424295259,1.33497230973504,0.977122447509351,0.00184186876375551,0.906528820302961,1.04887395381926,1.04331589759219,0.00165616910714594,0.978543404829161,1.11015995359549,1.01082011488423,0.00158488705458967,0.948194891087884,1.07602064760906
"ind-large","halfcauchy",2,"continuous",29,45,3797369,14548764,1,1,1,1,1.00028369132167,0.954841325145605,1.00086892702581,1.00028369132167,0.973283485889644,0.0967302038706755,0.453132312542884,1.47640700899223,0.972936279298996,0.00179602790696829,0.903113937037853,1.04208853257031,1.00599887935632,0.0714924414002567,0.564658786956305,1.44822717715699,1.00740472908919,0.00214093848600596,0.933149721702668,1.08522271557351,0.896728838158549,0.0516960643515119,0.530007398033227,1.26596960844678,0.90775248534769,0.00204379917339777,0.834015609671323,0.983158644398004,1.01286454907012,0.00183957832154485,0.944486749769757,1.08347442568585,0.964458874601893,0.00174353476785695,0.898998850837321,1.03259455684712
"ind-large","halfcauchy",2,"continuous",29,46,3797369,15666532,1,1,1,1,1.00028369132167,0.954841325145605,1.00086892702581,1.00028369132167,0.988376301203896,0.0934536359874463,0.486112496729085,1.48211446171816,0.98770127075682,0.0015885114478737,0.921522119840067,1.0533651335753,1.01783999036585,0.0733214493066384,0.577853432810868,1.4793222096753,1.01923853897788,0.00197100897231522,0.946558988419433,1.09440870726975,0.993101044886432,0.0461688773071486,0.646366033638227,1.34892801673327,1.00412184654481,0.0018891243666975,0.932544020714293,1.07706704461922,1.00226218750479,0.00169383687253692,0.937033834512946,1.0702864797507,0.946794240439079,0.00160365537249108,0.88416529662192,1.01232124293461
"ind-large","halfcauchy",2,"continuous",29,47,3797369,16246451,1,1,1,1,1.00028369132167,0.954841325145605,1.00086892702581,1.00028369132167,0.998941549816253,0.095244770727494,0.490814670952543,1.49548066399778,0.997973490486906,0.00168383827855406,0.930090795445162,1.06549923687558,0.968107574211775,0.0695780395539929,0.530897469297151,1.41260661836517,0.969816257227185,0.00206378291544208,0.896401926049343,1.04592254305392,1.01179832241402,0.0521338411125836,0.648141953615117,1.37835912821335,1.02470783327228,0.00196022141176491,0.951440118851687,1.09977060341839,1.02421109543892,0.0017678448924157,0.957206915426079,1.09345318873172,1.00081798584035,0.00168400392126516,0.936684973542618,1.06777952740056
"ind-large","halfcauchy",2,"continuous",29,48,3797369,645987,1,1,1,1,1.00028369132167,0.954841325145605,1.00086892702581,1.00028369132167,1.04947249603186,0.0932113044649117,0.544479139705692,1.54764570230383,1.04984827310321,0.00160496991157134,0.985202136888254,1.1162053093385,0.966404370987343,0.0679073643542876,0.528152816410149,1.39536395444026,0.968525751953751,0.00195269206576131,0.895616537552836,1.04024781134436,1.0070897696382,0.0522956316060495,0.639360756658009,1.37314059929123,1.0202134556015,0.00189871808040288,0.948160801545812,1.09368322557514,1.00240697783535,0.00173861567397486,0.936237960838368,1.0707560047451,0.953671112194598,0.00163628850044471,0.890466909810097,1.02022803572011
"ind-large","halfcauchy",2,"continuous",29,49,3797369,15940750,1,1,1,1,1.00028369132167,0.954841325145605,1.00086892702581,1.00028369132167,0.990300826743087,0.0967822760944489,0.476018789643958,1.50083318785503,0.988158525036555,0.00157123938121796,0.921772512791463,1.05338014776152,0.959055758013301,0.0705229913855041,0.525165810711397,1.41119477911351,0.962227015153326,0.00195420224879563,0.8896975119974,1.03689176749751,0.944794767131364,0.0524677998885155,0.573540897229339,1.31434572767236,0.957622873825731,0.00185119599447271,0.886344610972972,1.03001061814129,1.01916069267282,0.00167736094034351,0.954401977908473,1.08625487183159,0.970872321332096,0.00159868702957848,0.908394486360774,1.03611301814362
"ind-large","halfcauchy",2,"continuous",29,50,3797369,9277747,1,1,1,1,1.00028369132167,0.954841325145605,1.00086892702581,1.00028369132167,1.01045036361327,0.0914249647031033,0.515024262908405,1.50913638337299,1.00904292314794,0.00154879414099729,0.941590669308971,1.07388306424423,0.947446004839592,0.0679869928000624,0.516725796760238,1.37715630350395,0.948960974976385,0.00191874344679451,0.876273761968699,1.02272206536302,0.897480008101459,0.0489781495485929,0.535170230899758,1.25931288011594,0.909658511841156,0.00180922510811937,0.840492227614893,0.98247928503628,0.972322369947805,0.00165621117848951,0.907042790203924,1.0394585428798,0.950164785009526,0.00156110064684642,0.888060849957529,1.01515514061152
"ind-large","halfcauchy",2,"continuous",29,51,3797369,7694810,1,1,1,1,1.00028369132167,0.954841325145605,1.00086892702581,1.00028369132167,1.04228152817178,0.0932055933065668,0.534859209811048,1.54463005530092,1.04216301412784,0.00169789327579361,0.975672874641324,1.10921170891414,0.99855353925756,0.0640499669733872,0.581863434499165,1.41133473702241,0.999489189400571,0.00207817735349989,0.924057614159532,1.07572047698784,1.02403693637087,0.0545821490123439,0.650322043812704,1.39943640708477,1.03690676859331,0.00202774960077395,0.962690974300336,1.11223173466371,0.996505520358871,0.00182025507421703,0.928657279849953,1.06661850731982,0.954589451704818,0.00175284611929552,0.889179000230414,1.02310894246723
"ind-large","halfcauchy",2,"continuous",29,52,3797369,8459275,1,1,1,1,1.00028369132167,0.954841325145605,1.00086892702581,1.00028369132167,1.03914540074946,0.087309706654413,0.555815462292006,1.51429557615646,1.03823694406675,0.00148461335391879,0.974331164073638,1.10185767472891,0.97355331943609,0.070790628529865,0.537555336946796,1.41627765256237,0.976633692160676,0.00184255178277268,0.906525373537976,1.04816862831316,0.946914243144855,0.0418450305905801,0.610234449984175,1.28653797049031,0.958079684140642,0.00175372775629362,0.88805978591759,1.02713734783965,1.0303118328983,0.00158987019324882,0.966160416729654,1.09635618144623,0.979091439031359,0.00150946950496159,0.918069408781935,1.04207643743937
"ind-large","halfcauchy",2,"continuous",29,53,3797369,15973936,1,1,1,1,1.00028369132167,0.954841325145605,1.00086892702581,1.00028369132167,1.03543943092549,0.0944924748110908,0.526376267433855,1.53607139355931,1.03432896895852,0.00163444083694676,0.96750366540498,1.09982555539909,0.997481664233901,0.0686940417905472,0.566088262154587,1.42851785447805,0.998831601742004,0.00204591656283426,0.925113021255596,1.07575888907104,1.03219553323706,0.0530687897900955,0.660427477676818,1.4017760727732,1.04451128868777,0.00194085858195426,0.972242855551029,1.12008730916644,1.00775755146879,0.00176880090668878,0.941096464948073,1.07696938873635,0.967718880547101,0.00167630593016437,0.903768570227272,1.03484312011453
"ind-large","halfcauchy",2,"continuous",29,54,3797369,14826420,1,1,1,1,1.00028369132167,0.954841325145605,1.00086892702581,1.00028369132167,1.02719196509759,0.09579511801784,0.506278161821503,1.5213358426604,1.02743188120102,0.00169266725591676,0.95771593148216,1.09552461844154,0.973057747197674,0.0708227485745557,0.537411778697119,1.4171535203953,0.974876021025193,0.00209841841954053,0.899781345138932,1.05076129782032,1.06894244342752,0.04941586238375,0.711280215910871,1.43699788545542,1.08129763187149,0.00198151920726632,1.00923093461798,1.15569442104559,0.981394332265291,0.00176787234287757,0.914817462844008,1.0506912831965,0.926700593954115,0.00168885431816505,0.862471042184693,0.994443460581541
"ind-large","halfcauchy",2,"continuous",29,55,3797369,8165615,1,1,1,1,1.00028369132167,0.954841325145605,1.00086892702581,1.00028369132167,0.981068293675209,0.104002971750064,0.440665472403062,1.50451681471271,0.978788441742782,0.00159030048314949,0.911163520757051,1.044961090409,1.03526067249825,0.0795423750933127,0.568633971747776,1.50740987993672,1.03818563746683,0.00196775816421462,0.96486976427023,1.11359570671592,1.01959125178688,0.0517962389568055,0.65667753542987,1.38626969409882,1.03306429798688,0.00186011821150446,0.961221528881242,1.10448846607781,1.00077246368247,0.00169517001012099,0.935203784195012,1.06836611652542,0.961512881931787,0.00160254357419019,0.899010865684682,1.02672404057204
"ind-large","halfcauchy",2,"continuous",29,56,3797369,5827004,1,1,1,1,1.00028369132167,0.954841325145605,1.00086892702581,1.00028369132167,1.03571636786963,0.0952957352188962,0.519637440796922,1.53981877230311,1.03516171760083,0.00156898154140172,0.966644500200988,1.09973771951157,1.0022909911772,0.0682271909882682,0.566007798627271,1.43773106760361,1.00372838249639,0.0019158412141174,0.931499285163366,1.07636038708005,1.05721340778273,0.0545258116198077,0.688611732269248,1.43995838473997,1.0704458298025,0.00183097668303218,1.00051381081928,1.14228491870456,0.970063290854832,0.0016728263956228,0.905449750507215,1.03785282939192,0.922357315624592,0.00158707668409357,0.860048799418618,0.987442807052941
"ind-large","halfcauchy",2,"continuous",29,57,3797369,13145265,1,1,1,1,1.00028369132167,0.954841325145605,1.00086892702581,1.00028369132167,1.004514166689,0.0928550210514589,0.495818450942391,1.49816210698322,1.00434206408492,0.00161836241345328,0.938074725518755,1.070095803869,0.892169366162221,0.0702237367644949,0.452408974851607,1.3295715988705,0.893567506269133,0.0019453581022839,0.820648980105102,0.967819957283004,1.01201513883443,0.0481175572992232,0.652387674744521,1.36664205519966,1.02444101150878,0.00183671832754225,0.954799026645478,1.09570972141517,0.947381285894536,0.00168527687991136,0.881825059017295,1.01565328966552,0.911602619345177,0.00159024841645214,0.849046084300169,0.976949674193049
"ind-large","halfcauchy",2,"continuous",29,58,3797369,10269143,1,1,1,1,1.00028369132167,0.954841325145605,1.00086892702581,1.00028369132167,1.0052790240084,0.102807219079681,0.46384972730587,1.52042099247967,1.00415364506432,0.00177662014075432,0.932811264966746,1.07261042979781,1.04112869000575,0.0761574712338895,0.592202840002278,1.50460899988987,1.04370768231491,0.00218616062206505,0.965438817651576,1.1216405195447,0.982750074715314,0.0554928176369168,0.597963559159032,1.3599505705083,0.995136132075467,0.00206565667876915,0.917693989508416,1.06959173146458,1.01271861514146,0.00185522579846324,0.944219014575458,1.08362300605768,0.947771883392644,0.00175856364858612,0.882188207593531,1.01598734053262
"ind-large","halfcauchy",2,"continuous",29,59,3797369,6868696,1,1,1,1,1.00028369132167,0.954841325145605,1.00086892702581,1.00028369132167,0.989073073490977,0.0939419599208359,0.481536135658899,1.4818217144632,0.98748718617456,0.00147205290996119,0.922465736916322,1.05108682393248,1.05246825122877,0.0755748922261996,0.596263817144591,1.50781107175888,1.05578061824626,0.00181427918325133,0.985174138549723,1.1274280147929,0.92807807859004,0.0448190608082963,0.576426513356334,1.26740113481106,0.939066541649837,0.00173371561836352,0.87070816270873,1.00851263608687,1.07623225975108,0.00155232798846778,1.01350421559384,1.1415594659489,1.02095044442025,0.00147581443378185,0.96109246168894,1.08385640032289
"ind-large","halfcauchy",2,"continuous",29,60,3797369,10036562,1,1,1,1,1.00028369132167,0.954841325145605,1.00086892702581,1.00028369132167,0.931466890739929,0.0954849254834286,0.41466334282359,1.4337701209273,0.929873565426838,0.0016187423240488,0.862391358003705,0.995877388587118,0.96044961488401,0.0715137177991747,0.506312622795992,1.39903245127514,0.963312308096312,0.00197706503421439,0.890314812251828,1.03824908615489,0.999904723676744,0.0495756268476161,0.633936379725044,1.36205618354939,1.01135246679136,0.00191695340055667,0.93949212459217,1.08427859633705,0.956959547523904,0.00170513253895848,0.891584385354437,1.02517790891782,0.908455182162037,0.00162160498938129,0.845500419502925,0.974229323359862
"ind-large","halfcauchy",2,"continuous",29,61,3797369,11685385,1,1,1,1,1.00028369132167,0.954841325145605,1.00086892702581,1.00028369132167,1.02007122865421,0.0993673095880361,0.492646985460436,1.53054044697643,1.01926910823334,0.00171639399174109,0.949824703754131,1.08742555377074,1.0059918061846,0.0730022845188341,0.561505805252457,1.46165207649747,1.00697561813042,0.00213879225589281,0.931668773604431,1.0861079918533,1.00048416933141,0.0531818391295958,0.623296472359228,1.36694367234394,1.01404565624996,0.00200362961511204,0.940635982541148,1.08807380065135,0.974334643486282,0.00182932281383362,0.905920862725668,1.04504192503469,0.933417503800693,0.00173282079420622,0.86841702613571,1.00158643061311
"ind-large","halfcauchy",2,"continuous",29,62,3797369,11174306,1,1,1,1,1.00028369132167,0.954841325145605,1.00086892702581,1.00028369132167,0.987858986258858,0.0958563880674819,0.480955387864296,1.48546953103797,0.986249744491254,0.00177625319167375,0.914766500060955,1.05708194888713,1.01681465565665,0.072144180682056,0.56554655682154,1.4647093848743,1.01889177448039,0.00215074805666819,0.9426465388931,1.09703000835698,1.01505871050171,0.050571375400793,0.649393753502054,1.37826062438836,1.02655748266881,0.0020612620870776,0.95132050207941,1.10128430736503,0.987001839274955,0.00185540338798335,0.918345436968178,1.05863696589859,0.930095128051437,0.00176013705749037,0.864366480624811,0.998683308344723
"ind-large","halfcauchy",2,"continuous",29,63,3797369,2792655,1,1,1,1,1.00028369132167,0.954841325145605,1.00086892702581,1.00028369132167,0.985077715513745,0.0947298275527298,0.481478432172341,1.47634136839573,0.983568582877937,0.00152034708435984,0.91859512359754,1.04643340543561,0.969700745680985,0.0710465959501504,0.529822258463845,1.39855564503763,0.971523905461909,0.00185820728367876,0.900375508571429,1.04418824891285,0.989470196985685,0.0493548334145261,0.632365009243299,1.34968254390866,1.00112063631662,0.00175769217417699,0.932138237225358,1.06994209396869,1.04514726092449,0.00158866883384453,0.981619742111468,1.11097419980897,1.00825852484823,0.0014970666381718,0.947523441091223,1.07153637715876
"ind-large","halfcauchy",2,"continuous",29,64,3797369,7775989,1,1,1,1,1.00028369132167,0.954841325145605,1.00086892702581,1.00028369132167,0.991219563556971,0.0979201594855307,0.469500719651204,1.49953339330386,0.990578176736561,0.00157979500165427,0.922309531936452,1.05522761687122,1.01133277070488,0.0729439773961294,0.561267840477812,1.45241340542782,1.01495919150975,0.00197501459505176,0.942415319771148,1.08892152109073,0.970169333082673,0.0516983245653632,0.605840653312171,1.32738060770354,0.982770780401946,0.00187449733665384,0.911702083080513,1.05462312387,1.00929424233213,0.00166986247434261,0.944548313409822,1.07710297968845,0.95111297004676,0.00158609512180154,0.888917851829748,1.01672507462523
"ind-large","halfcauchy",2,"continuous",29,65,3797369,2118637,1,1,1,1,1.00028369132167,0.954841325145605,1.00086892702581,1.00028369132167,0.968815631034549,0.0895195903466036,0.471401387537732,1.45402113374219,0.968268938687957,0.00159285105328524,0.900672958377214,1.03403791846716,1.10720722750053,0.0685597073809449,0.672666850821742,1.54832573972251,1.10930017978329,0.0019334694173471,1.03672814129548,1.18303678627465,0.982046088271084,0.0465730825786113,0.627412935654036,1.33100014931203,0.992133917846604,0.00186551327758284,0.920936481643002,1.06471414872738,1.04358684896731,0.00166675473979116,0.978390547379229,1.11130505096131,1.00385596680052,0.00157125183515804,0.941916002167958,1.06897453772498
"ind-large","halfcauchy",2,"continuous",29,66,3797369,2067606,1,1,1,1,1.00028369132167,0.954841325145605,1.00086892702581,1.00028369132167,0.951064555265561,0.091234168678499,0.443486324823699,1.43897397607472,0.950626140753613,0.00158659825944694,0.88694524361574,1.01661856070214,1.07711558764113,0.0659154699360666,0.662885252410089,1.50659324317481,1.07928381192764,0.00198416574996327,1.00730251055262,1.15340049941168,0.953056189841511,0.0511982313053334,0.588441184590121,1.32025964156989,0.965322200897428,0.00190459945314649,0.894073087026113,1.03859509803372,0.991798840933117,0.00174293371931227,0.92560191942855,1.06032354573772,0.9598554695678,0.00166110009173207,0.89609537659144,1.0269585694152
"ind-large","halfcauchy",2,"continuous",29,67,3797369,7381390,1,1,1,1,1.00028369132167,0.954841325145605,1.00086892702581,1.00028369132167,0.980219541368298,0.09166242315484,0.480862298117379,1.46217482602968,0.979566396498784,0.00152311873722375,0.915410145651568,1.04384491681865,0.952827685332978,0.0685025070814761,0.520293527276216,1.37905706101611,0.954500221457845,0.00187325880897309,0.884135036291282,1.02640032877533,1.04244481969484,0.049310568288031,0.687435696017664,1.40263742210813,1.05428164710757,0.00173154796224413,0.985341931329538,1.12345141904038,1.00296794634792,0.00160442533922873,0.939284478000115,1.06929270667633,0.954922273404598,0.00151406136017277,0.894069825902771,1.01826621470641
"ind-large","halfcauchy",2,"continuous",29,68,3797369,13440635,1,1,1,1,1.00028369132167,0.954841325145605,1.00086892702581,1.00028369132167,1.01755065602778,0.0884101636793326,0.524606162568302,1.49962035548345,1.01670154399715,0.00150613050889737,0.951192671882013,1.07946940625547,1.02464232834905,0.0579075164017088,0.616982842893852,1.42540359291255,1.02685611120885,0.00182999084212298,0.95618564087772,1.0986071270886,0.956178164775699,0.054668474199172,0.579631585326048,1.32938741140038,0.968771237412415,0.00180062160766958,0.898876478950356,1.03960160572808,0.938500147508605,0.00162956118258689,0.874377261354044,1.0052210216809,0.907082587879716,0.00153655262130752,0.84382991584846,0.970534586450698
"ind-large","halfcauchy",2,"continuous",29,69,3797369,11356604,1,1,1,1,1.00028369132167,0.954841325145605,1.00086892702581,1.00028369132167,0.958440716521641,0.101627021380185,0.431287704419975,1.46591749343976,0.957534592050758,0.00162961309543209,0.889994988188699,1.02374673880488,0.978224529338667,0.0743625614259149,0.532059258275327,1.43828793723637,0.97947840006782,0.00203613294964764,0.906366283942638,1.05562852996183,1.05577729416538,0.0536501711234565,0.688267866256433,1.42567771298725,1.06905345945066,0.001919456085152,0.996727709869577,1.14153718475606,0.923616887752916,0.00172467081317366,0.857626825124317,0.992600956138646,0.880720629299555,0.00163483874822315,0.817553331749118,0.947045944245542
"ind-large","halfcauchy",2,"continuous",29,70,3797369,7634572,1,1,1,1,1.00028369132167,0.954841325145605,1.00086892702581,1.00028369132167,1.01149875395396,0.100547352386312,0.486024855247861,1.5194365066611,1.0115047315624,0.00169998318581169,0.94300847777256,1.07930711900201,1.06695979287293,0.0729885555341386,0.621270787661473,1.51421278430885,1.06933370876119,0.00207436374159852,0.994466068576154,1.14403014235826,1.00564314621437,0.0535121434169707,0.633905891942384,1.37745306402769,1.0187788400855,0.00205682703116786,0.944034593334248,1.09565323524965,1.03287166875672,0.00180909489303574,0.96532468211336,1.10336733215716,0.975469574910367,0.00172550535754241,0.910689828091351,1.04337175033473
"ind-large","halfcauchy",2,"continuous",29,71,3797369,4489208,1,1,1,1,1.00028369132167,0.954841325145605,1.00086892702581,1.00028369132167,0.949429574907546,0.0982548370133392,0.427386992840101,1.45375254523752,0.947321677525222,0.00160460377273256,0.87888106815945,1.01265325163725,0.894417755944391,0.0737360128854296,0.446063609930562,1.3501723661361,0.895440435167954,0.00199730680551537,0.822194864322845,0.969714198810319,0.9763280042777,0.0523122583097911,0.61045838233225,1.34690363794532,0.98772070959412,0.00188506593755091,0.916341312318161,1.06088080806908,0.983402180230214,0.00169306034363528,0.917885433245884,1.0515133940494,0.933959904346665,0.00159888644408201,0.871717213060161,0.999124459431877
"ind-large","halfcauchy",2,"continuous",29,72,3797369,10910066,1,1,1,1,1.00028369132167,0.954841325145605,1.00086892702581,1.00028369132167,1.04440742655075,0.0937824336839164,0.541572959656848,1.53363626558942,1.04319036501939,0.0014339008263439,0.980365849909564,1.10532830507824,1.06790856128535,0.0693678745421711,0.634501777710784,1.50371437675165,1.07054338300811,0.00170008125568242,1.00357216009687,1.14039415197297,1.0191020444567,0.0517638911752308,0.650861814694382,1.38558738393919,1.03117771195508,0.00165330433855422,0.964504795048223,1.09902574909845,1.00581611824787,0.00153364799256614,0.943523952825495,1.07111216803217,0.960022864553141,0.00145375517748055,0.900200449283117,1.02243898376694
"ind-large","halfcauchy",2,"continuous",29,73,3797369,734808,1,1,1,1,1.00028369132167,0.954841325145605,1.00086892702581,1.00028369132167,0.969894624426685,0.0951151195417371,0.468374894415045,1.46342719134732,0.969125873021518,0.0014791036902628,0.905801316244062,1.03313114699363,0.967901189670555,0.0710171596492728,0.534264717363719,1.41624300384403,0.969474832216248,0.0018325793943859,0.899722701525957,1.04042043930749,0.957168845997533,0.0504668939002767,0.587609759565696,1.32655756221744,0.969126456021846,0.00179044773962838,0.899822925975291,1.0410796838274,1.01730882373696,0.00158524949600778,0.953561062089376,1.08337926279458,0.979400267058105,0.00150006082915825,0.91907755688794,1.04273026020858
"ind-large","halfcauchy",2,"continuous",29,74,3797369,16280313,1,1,1,1,1.00028369132167,0.954841325145605,1.00086892702581,1.00028369132167,0.935606454900662,0.0970592208550446,0.411899011988991,1.43913263653548,0.935181578256296,0.00175968660783449,0.864013189187753,1.00547635690551,0.926794120060273,0.073900694925223,0.475088019099259,1.38059740034521,0.928898194786965,0.00211922241349787,0.853873250673282,1.00629037103869,0.931589681722201,0.0498620490450638,0.568396136444109,1.29186168462756,0.943314933810357,0.00203182511473674,0.86928832332196,1.0189922587112,1.03046874603919,0.00185461983891435,0.961724709412704,1.1020618400633,0.969799138971102,0.00175337823332023,0.904341058898686,1.03847223837655
"ind-large","halfcauchy",2,"continuous",29,75,3797369,1947816,1,1,1,1,1.00028369132167,0.954841325145605,1.00086892702581,1.00028369132167,1.0359565366498,0.0985638467686662,0.513455869273639,1.53854804141516,1.03487934820324,0.00156454714452807,0.967231123545286,1.10052346586425,1.03747062154927,0.079188351635878,0.570850438841494,1.5040749023022,1.04211838533179,0.00196535449243183,0.969466880447245,1.11689291554661,1.00369311893061,0.047082308877945,0.646303919970273,1.35967469797349,1.01479258247739,0.0018560730532183,0.942774759438331,1.08688732773278,1.01750517697103,0.00167233450621164,0.952583495815805,1.08520461707613,0.971104140118348,0.00157415981798216,0.908968127297132,1.03590953268934
"ind-large","halfcauchy",2,"continuous",29,76,3797369,16084930,1,1,1,1,1.00028369132167,0.954841325145605,1.00086892702581,1.00028369132167,0.992698776654505,0.0943900678995684,0.484207031877654,1.48497564847361,0.992529706931925,0.00141102058731947,0.930364534367279,1.05409842861029,0.992159065413395,0.0710677169221312,0.547016049443726,1.43684332299111,0.994466936733308,0.00174342387196636,0.926232991368422,1.06466273880294,0.945874626873686,0.0502896137717455,0.573684134077912,1.30431331057209,0.959014802033688,0.00168880716945533,0.891592146118131,1.02907478972499,1.00214010180688,0.00150883837723544,0.940027462614659,1.06602051481149,0.969014678840752,0.00144023286389131,0.909749439672587,1.03133887217154
"ind-large","halfcauchy",2,"continuous",29,77,3797369,14149868,1,1,1,1,1.00028369132167,0.954841325145605,1.00086892702581,1.00028369132167,0.984364530764381,0.102644450069729,0.443132337613645,1.50650664363859,0.982576939519479,0.0014870541090166,0.91790889147212,1.04629098804239,1.03487415276668,0.0780199576044853,0.579919664226238,1.50803717041543,1.03850584015015,0.00189142558872722,0.968437839431165,1.11267136165072,0.967279182862719,0.0513766401432756,0.607833169661107,1.3382284683002,0.977865996188492,0.00180734018915557,0.908319120589939,1.04728514208202,0.999648247327561,0.00162432406696059,0.935605429662032,1.0664249766505,0.963375315831845,0.00153769836865903,0.902250820839507,1.02768208369328
"ind-large","halfcauchy",2,"continuous",29,78,3797369,5281065,1,1,1,1,1.00028369132167,0.954841325145605,1.00086892702581,1.00028369132167,1.03035916885281,0.0890479947689093,0.537213269088586,1.51165030911429,1.02913614747255,0.00164665176588,0.960712901304311,1.09620712499862,1.02563603626966,0.0687995951236676,0.595075639655524,1.45938666653572,1.02713053189947,0.00203110129552004,0.952624834552385,1.10167971841792,1.00097083809376,0.0459268630892634,0.651465324978579,1.34850474278839,1.01238187708226,0.00188091120628807,0.941378544191207,1.08549472615291,1.03848564617355,0.00173692689541778,0.972201200475849,1.10769279337465,0.990797699069914,0.00163958078501372,0.927211399089908,1.05783092063121
"ind-large","halfcauchy",2,"continuous",29,79,3797369,7382739,1,1,1,1,1.00028369132167,0.954841325145605,1.00086892702581,1.00028369132167,0.940765541193659,0.093920945789996,0.433002350984726,1.4365593019078,0.940661550440194,0.00175610089951848,0.870158427617853,1.00934597804303,0.98451431625664,0.0712106551747214,0.542594924666538,1.43368843028999,0.985687246277066,0.00213180289887544,0.908772014966553,1.06209049050763,1.01359168264125,0.0478643413245908,0.650477121191499,1.37253219362607,1.02557354031583,0.00209668885302072,0.950930470928575,1.1038505017453,1.03209923456573,0.00185946605032629,0.962996591546727,1.10367165132924,0.986513602524184,0.0017582314516471,0.921141357856063,1.05517505612015
"ind-large","halfcauchy",2,"continuous",29,80,3797369,13121786,1,1,1,1,1.00028369132167,0.954841325145605,1.00086892702581,1.00028369132167,0.983257168323888,0.0898461767101263,0.490578084041423,1.47620902044161,0.982412614079539,0.00156725967196746,0.916919760692021,1.04814737776867,0.963965919788078,0.0694800582282687,0.528700837278943,1.40094463699812,0.965490734156218,0.00190606264880852,0.893329939753626,1.03758985610354,1.02295856941124,0.0462650820046441,0.666248567104329,1.3681069835166,1.03475486572594,0.00183302525230265,0.964282578345661,1.10716823787466,0.964622603813031,0.0016483383816814,0.900256858575011,1.03228392339291,0.915470969363629,0.00155427809205897,0.853744451459641,0.979968121080045
"ind-large","halfcauchy",2,"continuous",29,81,3797369,13706193,1,1,1,1,1.00028369132167,0.954841325145605,1.00086892702581,1.00028369132167,0.979841766783188,0.0913632386833646,0.483690965463895,1.47056383000429,0.977684388789622,0.00157034405242114,0.911743844048831,1.04334727735387,1.0529806606212,0.0662802710702652,0.62274796082058,1.47736645971207,1.05482186024481,0.00196783823371386,0.982570945246075,1.12814905894286,1.07367022225266,0.0513048109229252,0.701107118766845,1.44228154509918,1.08561845461551,0.00190606339144831,1.01515819438235,1.1588967971249,0.966158105902483,0.00172230647480683,0.900302354302594,1.03461032310473,0.915650254552944,0.00162198816281764,0.852491564217891,0.982283638421876
"ind-large","halfcauchy",2,"continuous",29,82,3797369,15060123,1,1,1,1,1.00028369132167,0.954841325145605,1.00086892702581,1.00028369132167,0.950161830155858,0.0980261305379685,0.434964117844805,1.45330845875284,0.949727005330501,0.00176812565081393,0.879463025058562,1.01961199570463,0.963761810417285,0.0708959589682905,0.525485467960994,1.41153521950962,0.96500158083371,0.00221563667603783,0.888184615852945,1.04376258018119,0.95266138660834,0.0543531193022548,0.572500207429734,1.32921628050033,0.964453758347149,0.00207024653027525,0.889424810151344,1.04113643803211,0.981801830401995,0.00187971602961657,0.912986531319702,1.05337937094458,0.932891683413162,0.0017944612881535,0.866537715667198,1.00207714889282
"ind-large","halfcauchy",2,"continuous",29,83,3797369,7789811,1,1,1,1,1.00028369132167,0.954841325145605,1.00086892702581,1.00028369132167,1.0407313447164,0.0905137248343998,0.55298688711124,1.5260389578809,1.03956557179809,0.0017025466139945,0.970910687422446,1.10795196864235,1.00139962791171,0.068209432011488,0.569286441400299,1.43321281671336,1.00306429124394,0.00207184953384822,0.927670035821818,1.08085654644782,0.95222436162602,0.0478170254593369,0.59458630913062,1.31104238490168,0.963472323713741,0.00202195732040797,0.889565485423485,1.03910877247178,0.985589528976996,0.00181265547578024,0.917649699605553,1.0564563384273,0.939894149029122,0.00169985234689348,0.874821388327793,1.00779494518244
"ind-large","halfcauchy",2,"continuous",29,84,3797369,15810727,1,1,1,1,1.00028369132167,0.954841325145605,1.00086892702581,1.00028369132167,0.976996001859765,0.0959873544500722,0.464161541122402,1.47791712834194,0.975648023161103,0.00149748451194949,0.909119651815893,1.03984343983905,1.00070176976321,0.0712777478465607,0.558439361918404,1.44341672733727,1.00218137907846,0.00184256727506095,0.93297816028115,1.07527062392395,0.915054375244754,0.0510832318469362,0.549683237675708,1.28399570880891,0.926684751050311,0.00184065072063876,0.856262789673859,0.999017929827127,1.03651069808446,0.0016182686774677,0.972544729136211,1.10322913739274,0.977331006959072,0.00152620485489713,0.91615152777285,1.04147851229787
"ind-large","halfcauchy",2,"continuous",29,85,3797369,13195104,1,1,1,1,1.00028369132167,0.954841325145605,1.00086892702581,1.00028369132167,1.00814476600653,0.0999981982200235,0.479906301988551,1.52344043986164,1.00690346058832,0.00160250697445181,0.938803915024052,1.07279912599191,1.03296082215991,0.0715431386053842,0.58948493413207,1.47494073691345,1.03597072530074,0.00188050912197989,0.965642419918295,1.10917607318934,0.976262312806018,0.0557917901065805,0.598218784831595,1.34750117249695,0.988539668111644,0.00184315658763416,0.91830031073764,1.05896193481942,0.996796335451525,0.00169713405453962,0.931230801030054,1.06455762305703,0.94913657425508,0.00162019955988247,0.886367970010988,1.01477119479806
"ind-large","halfcauchy",2,"continuous",29,86,3797369,16649242,1,1,1,1,1.00028369132167,0.954841325145605,1.00086892702581,1.00028369132167,0.988219562825358,0.0885019253088569,0.499005595664651,1.47538120270344,0.987465629010764,0.0014753161846925,0.923085440131364,1.0509800638458,1.10285312956789,0.0675458323773621,0.668691863492759,1.52852881061112,1.10578476091183,0.00181460708306687,1.0352186034649,1.17816541241904,0.989398661168906,0.0463972219859057,0.633210512420794,1.33894137489288,1.00075508224298,0.00177079521463858,0.931672805027703,1.07178335672623,1.0071239813687,0.00158859002028789,0.943707482307019,1.07314829192519,0.963718848767411,0.00149282727267652,0.903481978888714,1.02738400296491
"ind-large","halfcauchy",2,"continuous",29,87,3797369,2090023,1,1,1,1,1.00028369132167,0.954841325145605,1.00086892702581,1.00028369132167,0.999741565193094,0.104852890090031,0.460353704778394,1.52408472330769,0.999634561208638,0.00148102262684606,0.935372796860374,1.06298931328963,1.0229127017834,0.0756191957781567,0.562162995967604,1.47961036588741,1.02569496543334,0.00182634952282613,0.955262158141984,1.09669503992165,0.984863875180737,0.0564429988285757,0.596097824393888,1.35806611405561,0.997989759020254,0.00172390498449837,0.930060085761287,1.06715164638255,1.10119891891167,0.00156493553091132,1.0376948049921,1.16696598716713,1.06576712843678,0.00148521251579991,1.00549321025931,1.12876804357945
"ind-large","halfcauchy",2,"continuous",29,88,3797369,5182597,1,1,1,1,1.00028369132167,0.954841325145605,1.00086892702581,1.00028369132167,1.08028200981458,0.0974883040735997,0.564391661265864,1.58408578758903,1.0797262050479,0.00157953058697935,1.01263501842349,1.14564400034341,1.02292353874268,0.0726875034160532,0.575323382263539,1.47048900639071,1.02526582214475,0.00194042487408055,0.953139242311302,1.09970861748233,1.04232761123431,0.0519740294220577,0.680302029379789,1.41249107986179,1.05502420895082,0.00188150479207597,0.98317820641984,1.12721444367613,1.02100165688928,0.00169089566222176,0.955152833486043,1.08890890273859,0.976294575596408,0.00161105987967407,0.913611719391889,1.04175381126518
"ind-large","halfcauchy",2,"continuous",29,89,3797369,15564432,1,1,1,1,1.00028369132167,0.954841325145605,1.00086892702581,1.00028369132167,1.01728928483316,0.0943724115541139,0.499814934512166,1.52457289659315,1.01629730315484,0.0015839094140823,0.949286062836239,1.08194018109771,0.904273532531089,0.067888516518545,0.479338081384556,1.34441025721271,0.904725808782975,0.00194551530510104,0.832382193049599,0.978385426957365,0.990998174137372,0.0523509133753282,0.620067927811837,1.36303453810148,1.00363402637671,0.00182354653286761,0.933633400590289,1.07382296343522,1.02206323598146,0.0016904889834834,0.956659563462937,1.08992785854693,0.987895886862661,0.00159777964814979,0.925098697615597,1.05343916367208
"ind-large","halfcauchy",2,"continuous",29,90,3797369,12110344,1,1,1,1,1.00028369132167,0.954841325145605,1.00086892702581,1.00028369132167,0.945043528992559,0.0929400496569171,0.444121270881818,1.43425397794349,0.944091535339936,0.00159216496353828,0.876708970981053,1.00984085410665,1.00127846945391,0.0691338006891705,0.560839457754548,1.44241285642183,1.00230437282185,0.00198823501207532,0.928511649420917,1.07588209829815,1.02106235558227,0.0492462532938216,0.663746873095348,1.37320150244062,1.03328471994908,0.00186874481169983,0.962676325489003,1.10570744590026,1.01744856106883,0.0017174240214006,0.951398179298117,1.08622493019339,0.976263306312527,0.00161619550640474,0.913066377522921,1.04116378200037
"ind-large","halfcauchy",2,"continuous",29,91,3797369,7692774,1,1,1,1,1.00028369132167,0.954841325145605,1.00086892702581,1.00028369132167,0.998347194378711,0.0914756029563929,0.495825349461987,1.48617780474025,0.996983964885518,0.00165794734179801,0.928427853210235,1.06373098679385,1.02751332236144,0.0685187054654129,0.595553383725094,1.45372955162563,1.02974698691276,0.00196614542328083,0.956278075580501,1.10326116868401,0.959291938710586,0.0493912670217446,0.601856789482867,1.31626399877887,0.968574425069839,0.00193563681579401,0.896984355893618,1.04201108140273,0.996154488918391,0.00174852738893132,0.928973081726746,1.06480112679418,0.951751689682946,0.00165618149024677,0.888342655115636,1.01900293796108
"ind-large","halfcauchy",2,"continuous",29,92,3797369,16459876,1,1,1,1,1.00028369132167,0.954841325145605,1.00086892702581,1.00028369132167,1.01803036756935,0.0882160015075586,0.525935028290806,1.49660952183418,1.01816012552635,0.00168452416525999,0.950591287588474,1.08590064857779,0.982617189724524,0.065616234614378,0.564694318979017,1.40545980943144,0.984478333688627,0.00208068291099469,0.908562520090601,1.06064836826032,0.970928697910615,0.047281628384861,0.617418140256556,1.32776169910859,0.980919139898201,0.00202489217273501,0.90813797365755,1.05859048754459,1.0610444737179,0.00183456383973215,0.992782556078135,1.13177400516513,1.00708408856882,0.00173571442314697,0.941863477862393,1.07559252686124
"ind-large","halfcauchy",2,"continuous",29,93,3797369,16536991,1,1,1,1,1.00028369132167,0.954841325145605,1.00086892702581,1.00028369132167,0.966247614774898,0.0918578865285308,0.46550670101128,1.45098979494578,0.964965933824309,0.00159662379769246,0.898570494789763,1.02990781718716,0.949096044147083,0.0640478963923442,0.542517757945748,1.37313125434307,0.950218541917845,0.00190787617757189,0.880189111699837,1.02271450185576,0.961235963552682,0.052536335796958,0.588509056148256,1.32965590749633,0.973441551778586,0.00186112822603818,0.901736221049085,1.04695890892717,1.0312044576616,0.00168738046282369,0.966072128986372,1.09847401288807,1.01253035440229,0.00159101210361036,0.950198153323887,1.07829361567682
"ind-large","halfcauchy",2,"continuous",29,94,3797369,2421259,1,1,1,1,1.00028369132167,0.954841325145605,1.00086892702581,1.00028369132167,1.00961614969125,0.0857243944638414,0.519635216267036,1.48994440890016,1.0092874828732,0.00163646557649864,0.942892083314372,1.07642658460654,0.936565208808032,0.0639153150994622,0.524513297387202,1.35838083778934,0.938254642728205,0.00194972485861387,0.864643329051828,1.01132895232072,0.963858261191363,0.0467709910723241,0.606096069123595,1.30694020591647,0.975533300576892,0.00191457466564048,0.903948203369461,1.04974016143025,1.01447419454905,0.00174202260122086,0.948018189092228,1.08322114205131,0.975916213880993,0.00163443499850932,0.912201519408581,1.0422467912782
"ind-large","halfcauchy",2,"continuous",29,95,3797369,6108375,1,1,1,1,1.00028369132167,0.954841325145605,1.00086892702581,1.00028369132167,0.96720628239749,0.093155928868423,0.465868827688366,1.4641166522085,0.965082498127833,0.00169303662117094,0.8954699134348,1.03341743964116,1.01476329944822,0.0723182167287965,0.574631803799539,1.4600037345244,1.01698944648994,0.00207217656637415,0.941813626855584,1.092310959567,0.928716042838709,0.0460080044400296,0.567563738419391,1.28550881549896,0.940295427253649,0.00197319707550987,0.866925497242788,1.01449249490408,0.953083561570985,0.0017953361421842,0.885829871884495,1.02369905387738,0.8962334933632,0.00170180143338813,0.831573711918006,0.963977055304932
"ind-large","halfcauchy",2,"continuous",29,96,3797369,14886579,1,1,1,1,1.00028369132167,0.954841325145605,1.00086892702581,1.00028369132167,0.957294643711934,0.0924522275025325,0.446945992930858,1.45307013325971,0.956444975948652,0.00170841920643098,0.88672016561094,1.02373716075304,1.00333647845943,0.0688674933204155,0.5669315511565,1.43802537893768,1.00621848113733,0.002033947650969,0.932211321435217,1.08139731713903,0.957155469387933,0.0491132112926141,0.597558546514476,1.3114978233869,0.968339372342331,0.00193832764008547,0.896500642244491,1.04194349708764,1.00964636176586,0.00176386732126996,0.942817632482595,1.07918811115464,0.971980202543817,0.0016771347059592,0.908375068448229,1.0380978905838
"ind-large","halfcauchy",2,"continuous",29,97,3797369,6551242,1,1,1,1,1.00028369132167,0.954841325145605,1.00086892702581,1.00028369132167,0.985021692630214,0.102941471986081,0.445962843724986,1.50399191696098,0.983061628639149,0.00158771869319599,0.914960954167656,1.04878168589738,0.996428914321791,0.0775954577737721,0.532767473996188,1.46500423282678,0.999624095091567,0.00193614274454749,0.927080043169411,1.07427996598099,0.978571259575449,0.0525821928941268,0.603712498718807,1.34627628697358,0.991391943795752,0.00182354554971214,0.921132599677297,1.06266225223861,1.01140971624079,0.00167048278516076,0.9464334896522,1.0792060768398,0.952647327146949,0.00158408906928445,0.890362132884136,1.01787730282283
"ind-large","halfcauchy",2,"continuous",29,98,3797369,5859392,1,1,1,1,1.00028369132167,0.954841325145605,1.00086892702581,1.00028369132167,1.06419609243165,0.0856003037859059,0.576385671769463,1.5369977601742,1.06369980566878,0.00170670095454456,0.994081294863553,1.13097228665542,0.97035402842765,0.0604567012928644,0.578025899197644,1.38424827375442,0.970732960667715,0.00208139017433681,0.895638941442181,1.04720137966341,0.975495285064507,0.0490421930324514,0.616503614554988,1.33084754545509,0.987651864525956,0.00196772326587508,0.914514671013439,1.06205418251478,0.992449810873512,0.00178031718842332,0.925134008427382,1.06192206227526,0.970989824038618,0.00168587146589268,0.90675308790392,1.03862553034829
"ind-large","halfcauchy",2,"continuous",29,99,3797369,2311267,1,1,1,1,1.00028369132167,0.954841325145605,1.00086892702581,1.00028369132167,1.02579005707339,0.091309519487678,0.530892603577464,1.51962739205372,1.02454604497098,0.00158788645959454,0.956873102554482,1.08996987910381,0.966559758165939,0.0680992379427914,0.529605384731065,1.40452611505104,0.968135001560475,0.00194881163675037,0.89559136252606,1.04426682900437,0.983626202096833,0.0487324975833186,0.626770081020056,1.33806321040753,0.996354103502803,0.00182657334870735,0.92564354244929,1.06913085225535,0.986555182640399,0.00167733836419682,0.921696947507361,1.05370472806254,0.931606561129753,0.00158006228000766,0.869185715916196,0.99692180587295
"ind-large","halfcauchy",2,"continuous",29,100,3797369,5887655,1,1,1,1,1.00028369132167,0.954841325145605,1.00086892702581,1.00028369132167,1.0541456660578,0.0992101915267452,0.527404551022718,1.56245675919951,1.05340549965182,0.00142655300216664,0.990348273261145,1.11714574275733,0.989630813981022,0.0750511865725256,0.532982704042468,1.44747916776865,0.991853203397148,0.00174154308433522,0.924343841823714,1.06150164689521,1.01120441252369,0.0505472302633257,0.63713376281257,1.37536809777832,1.02356792012093,0.00168811021924809,0.955165187554086,1.09216730663215,0.959736217496981,0.00152196579547045,0.897726855172931,1.0239067455037,0.945527321598458,0.00144039680790524,0.886298956047543,1.00780738498487
"ind-large","halfcauchy",2,"continuous",29,101,3797369,3163816,1,1,1,1,1.00028369132167,0.954841325145605,1.00086892702581,1.00028369132167,0.932589863271198,0.0949258090439,0.419473242837909,1.42834666913041,0.931976857948877,0.0014830921822458,0.867138669076097,0.995484722971509,1.03035350569438,0.0714810381416304,0.589395295358653,1.47247336534876,1.03266127615073,0.00184622811169881,0.96172264131979,1.10552646934877,0.984775206765723,0.0487670945980956,0.620807581621309,1.3408623245395,0.99631161113052,0.0017745034918237,0.926876072132585,1.06859596573484,1.05264988277102,0.0015792992119797,0.98863863082171,1.11857979556354,1.00193280355851,0.00149497005812917,0.941304553188018,1.06518741477342
"ind-large","halfcauchy",2,"continuous",29,102,3797369,356832,1,1,1,1,1.00028369132167,0.954841325145605,1.00086892702581,1.00028369132167,1.00553163655726,0.0957601023491906,0.491650655187999,1.50303582164086,1.00533447961209,0.0015114463080618,0.940276234985359,1.06868274184758,0.924818890395672,0.0719382941626305,0.480423832198075,1.38146011298978,0.926203629926193,0.00182090798418857,0.856148106269188,0.996640239596308,1.05252587108635,0.0490443693344546,0.702799400466796,1.41239373178425,1.065066076439,0.00176227957102471,0.99607013463861,1.13562606695693,0.990049994708448,0.00159809964442026,0.926458707615788,1.05620934059201,0.940753968037854,0.0015148276317946,0.8800361542206,1.00438842501078
"ind-large","halfcauchy",2,"continuous",29,103,3797369,15339654,1,1,1,1,1.00028369132167,0.954841325145605,1.00086892702581,1.00028369132167,0.996777776784382,0.0990875740953401,0.473670000146595,1.50248124879212,0.996708483046787,0.00155326874530785,0.930795187115485,1.06241961498043,0.991316659281534,0.0712827554176575,0.547577510602791,1.43431428802464,0.994080554152836,0.00194310919595826,0.921392967637316,1.06697805162251,1.01285904046989,0.0532654939200037,0.640966474951899,1.38287155214642,1.02642919688339,0.00184798381254559,0.956445586314261,1.09847051036531,0.997496831629357,0.00167892284699205,0.932027622637075,1.06520722988885,0.96028995282653,0.00159387427329068,0.89786141874207,1.02584588868783
"ind-large","halfcauchy",2,"continuous",29,104,3797369,10493262,1,1,1,1,1.00028369132167,0.954841325145605,1.00086892702581,1.00028369132167,1.03852054297772,0.090315501901805,0.545576558748698,1.52722214042062,1.03824752642424,0.00154536605002463,0.972562708061338,1.10227800157794,0.965808076395663,0.0643500429538765,0.548263230437183,1.37717532028816,0.967684740589993,0.00187326002194654,0.896650274681823,1.04129720021031,0.976694593866329,0.0513976783830811,0.603277222181159,1.34539623488733,0.988587953500569,0.00182074534000262,0.917433646082888,1.06083106822921,1.06773921347487,0.00163782371102624,1.00314395012102,1.1343112127073,1.01844275402214,0.00155246656470757,0.956863123838359,1.08362885038019
"ind-large","halfcauchy",2,"continuous",29,105,3797369,5616777,1,1,1,1,1.00028369132167,0.954841325145605,1.00086892702581,1.00028369132167,1.0390007817995,0.088972034103136,0.543775461389728,1.52633291811511,1.03798079650874,0.00164798793575116,0.969511709455689,1.10487718575893,0.985276315331974,0.0722094143035845,0.538877406606024,1.42884912777869,0.988330245995929,0.00201907524215702,0.914275878080584,1.06304466817152,1.04302257500604,0.0428883763090411,0.70930533014547,1.38964796610942,1.05404949037284,0.0019417914885676,0.980688540239871,1.12817031556762,0.957806308289539,0.00173483449398682,0.891983132451607,1.0267611078601,0.90679490739044,0.00163736012655362,0.843399413816787,0.972718978425711
"ind-large","halfcauchy",2,"continuous",29,106,3797369,16391249,1,1,1,1,1.00028369132167,0.954841325145605,1.00086892702581,1.00028369132167,0.966700343089871,0.10266574576248,0.430867636489424,1.48772284842182,0.963693429620482,0.00167195638709827,0.894409820863989,1.03206224741372,1.039183199938,0.0781696067748912,0.575757413496432,1.50852965948461,1.0433928557897,0.00204320910131829,0.970460717382692,1.12040732058505,1.02178046319935,0.0513688857492477,0.658640066909527,1.38873692581639,1.03346306312026,0.0019602898690298,0.961135070199848,1.10780290380709,0.993230570543756,0.0017751765326563,0.926091953288702,1.06249503562153,0.93779660926493,0.00167878661434424,0.873867150717725,1.00511189898186
"ind-large","halfcauchy",2,"continuous",29,107,3797369,5269304,1,1,1,1,1.00028369132167,0.954841325145605,1.00086892702581,1.00028369132167,0.983437476567532,0.101924583897773,0.447181376888996,1.50062186878911,0.982710168800446,0.00158916376983811,0.915442438350646,1.04846624497475,0.938873388329824,0.0821989397238228,0.471748646666958,1.42155104824965,0.941205103249991,0.00192090385119371,0.869645771390621,1.01437287985699,0.994327033855364,0.0484661444087368,0.625152614010721,1.35827672407597,1.00551587732702,0.00181255878876246,0.934998389102276,1.07711601983863,1.00930317830307,0.00166227689407337,0.944649856228385,1.07624679993391,0.958857561029554,0.00157607341536321,0.896959153995435,1.0241435570593
"ind-large","halfcauchy",2,"continuous",29,108,3797369,15263142,1,1,1,1,1.00028369132167,0.954841325145605,1.00086892702581,1.00028369132167,1.05194131001558,0.0951639805103964,0.540665775819264,1.54938940327647,1.05103697203149,0.00167815454777222,0.98236512249,1.11768706964539,1.03282214831811,0.072193193558999,0.587395790894374,1.48170358829521,1.03536607652741,0.0020437964781316,0.960589153763978,1.11050239730485,1.01727550456833,0.0491166156864962,0.660970197974906,1.37897778043477,1.02824706559985,0.00196052234364545,0.955672953600227,1.10334384574351,1.04000558529313,0.00177289602001395,0.973106536314274,1.10997583361893,1.00402012989423,0.00168216983068617,0.939870505459037,1.07124993734936
"ind-large","halfcauchy",2,"continuous",29,109,3797369,6944094,1,1,1,1,1.00028369132167,0.954841325145605,1.00086892702581,1.00028369132167,1.02428385704043,0.09865630792046,0.49460836940234,1.53341607658896,1.02326071608288,0.0015370911653266,0.957201350276282,1.08828294260166,0.973673126624964,0.0768948528546468,0.517151268089085,1.43671859800785,0.977482291241886,0.00190548946070315,0.905672349269032,1.050756848523,0.984594495131855,0.0501565955619406,0.623957044052608,1.34875633071247,0.995626536869218,0.00182173381473459,0.926088907966837,1.06812388677248,1.01207494976669,0.00160939807760544,0.948168825981755,1.07847154394971,0.97333644749209,0.00151727171442559,0.912364446515702,1.03714770804425
"ind-large","halfcauchy",2,"continuous",29,110,3797369,2200788,1,1,1,1,1.00028369132167,0.954841325145605,1.00086892702581,1.00028369132167,1.03088694942166,0.0925591875171739,0.524174929297556,1.52514035507651,1.02917578084326,0.00145846542380785,0.965874711279886,1.09231069694216,0.917864456508241,0.0738307528171092,0.474768898413399,1.37144385804123,0.918817878054124,0.00184043186807453,0.847830043726884,0.989837354807121,0.992989635855407,0.044452331053498,0.644905172509578,1.33468863164924,1.00497804262655,0.00174774192565179,0.935738909080058,1.07442929589786,0.976549955921341,0.0015762362103658,0.913650297371034,1.04271672326111,0.936840054142474,0.0014937228587155,0.876518521064976,1.00030973369919
"ind-large","halfcauchy",2,"continuous",29,111,3797369,16558576,1,1,1,1,1.00028369132167,0.954841325145605,1.00086892702581,1.00028369132167,1.04756985517318,0.0991648130692492,0.521945793230347,1.55281883189635,1.04700259345966,0.00144827851717004,0.985047286362181,1.10951203096382,0.932563986757629,0.0696573145674639,0.498885450762215,1.36694867260334,0.934129289917021,0.00173257030862927,0.864686587822312,1.00340733327033,1.02022623704114,0.0579074081715467,0.624944445891252,1.40319692794833,1.03484098735893,0.00166000431630375,0.967568820639811,1.10271968071964,0.906532550831044,0.00153212150779106,0.844069962985006,0.97122466578235,0.872843334167128,0.00145322061676945,0.813140748681051,0.934137224570973
"ind-large","halfcauchy",2,"continuous",29,112,3797369,8640188,1,1,1,1,1.00028369132167,0.954841325145605,1.00086892702581,1.00028369132167,0.964771555172927,0.0994280963647094,0.442571650962107,1.46728589010949,0.964133921322495,0.00154536602584434,0.897464118113662,1.02938914344967,0.938555381519793,0.0734098833087428,0.489892203669288,1.38356965648315,0.942236631212509,0.00193986530695039,0.870642948640211,1.01606910352133,0.936725203633423,0.0524903260647538,0.574297841365201,1.3057800267703,0.948332685623291,0.00183495947020859,0.87816890747439,1.02052050589163,0.963518077431788,0.00165517727879674,0.8988500774448,1.03084651824008,0.903925307123948,0.00156194339151345,0.842098832523471,0.968663486120428
"ind-large","halfcauchy",2,"continuous",29,113,3797369,7667983,1,1,1,1,1.00028369132167,0.954841325145605,1.00086892702581,1.00028369132167,1.01920762987826,0.0971049091753442,0.505135087532298,1.52389080479471,1.01888735450265,0.00154546098350731,0.953624343572003,1.08409687585893,0.96606715508219,0.071006793920841,0.526144942638006,1.40751816105077,0.967283561708962,0.00191650556931809,0.896150962739153,1.04139902067152,1.05950806539594,0.0534837288751258,0.68071755331346,1.42595385810892,1.0723589810636,0.00187143566365954,1.00114856347364,1.14393098767802,0.962689888235882,0.00168839984141751,0.89703619011812,1.03113795378493,0.929107734488069,0.00161571737009709,0.866245553760092,0.994904717452619
"ind-large","halfcauchy",2,"continuous",29,114,3797369,8430162,1,1,1,1,1.00028369132167,0.954841325145605,1.00086892702581,1.00028369132167,0.98344558487156,0.0952210604223254,0.467520023784351,1.4835639948959,0.981787882972308,0.00153230375238762,0.917026331776514,1.04712753172537,1.03474195442424,0.0704835693203495,0.59353345298799,1.46948455487435,1.03936366020989,0.00193490588589045,0.967477093459576,1.11421016401278,0.960425629171602,0.0510569261913951,0.59573387128926,1.32687561172589,0.972164751648229,0.00185945506846085,0.901180665733637,1.04679700069762,1.00042580686716,0.00168134063097691,0.935494793575194,1.06802980994865,0.953350082852219,0.001586404389962,0.890934311278722,1.01907012564426
"ind-large","halfcauchy",2,"continuous",29,115,3797369,7988116,1,1,1,1,1.00028369132167,0.954841325145605,1.00086892702581,1.00028369132167,1.08976832199267,0.0955862882304075,0.57896261857799,1.5909675714548,1.08954622855086,0.00159003613855652,1.0227821491132,1.15570994811362,1.03834565228528,0.0700704485142103,0.597165730414073,1.4829489485,1.04040856403328,0.00196994219997631,0.968168334908587,1.11566864838427,1.02646996470673,0.0513436671482703,0.655698204856737,1.39110532280564,1.03964644440268,0.0018640215560688,0.968579663564144,1.11298372462084,1.02340032335163,0.00169723460737891,0.957995245343852,1.09177791252412,0.981996575325741,0.00162064476102802,0.919270607535131,1.04809570817519
"ind-large","halfcauchy",2,"continuous",29,116,3797369,13466556,1,1,1,1,1.00028369132167,0.954841325145605,1.00086892702581,1.00028369132167,1.0583965431282,0.102380261660868,0.526723534151349,1.57601381500774,1.05724721889211,0.00147541706322106,0.992355893660686,1.12001562256126,0.993699049964089,0.076437943088388,0.539042854914393,1.45831147551014,0.997196496884332,0.00180709017822762,0.928339438600748,1.0706181046591,1.03311179321875,0.0518014296899023,0.668691067802402,1.40003948263607,1.0459188872438,0.00171432143011553,0.976747415779739,1.11510989606559,0.994761403974047,0.0015758659612806,0.93106691299163,1.06030981924703,0.965221856134866,0.00149115604684921,0.905069207641667,1.02831879628732
"ind-large","halfcauchy",2,"continuous",29,117,3797369,12774617,1,1,1,1,1.00028369132167,0.954841325145605,1.00086892702581,1.00028369132167,1.07041710251868,0.0938195315961346,0.564265476820204,1.56787485428468,1.06970891464561,0.00155702454190111,1.00452811961391,1.13459789386292,0.975546793467665,0.0716297388307954,0.535171941630496,1.432054725946,0.977279457248442,0.00194159059504288,0.904864044998973,1.04973384789421,1.03615689829026,0.0482992352729715,0.677687879420132,1.38845269550654,1.04826521722557,0.00182497505184557,0.978160007015223,1.11999627729188,1.03633898982899,0.00165894602047522,0.97157352523467,1.10408086897399,0.989328334434049,0.0015667942311027,0.926803650978781,1.05420503830825
"ind-large","halfcauchy",2,"continuous",29,118,3797369,13797587,1,1,1,1,1.00028369132167,0.954841325145605,1.00086892702581,1.00028369132167,1.00477253582428,0.0960041707176772,0.484108739633242,1.50187380787213,1.00439063830881,0.00148385711381556,0.940053102416011,1.06778801103553,0.928846878536663,0.0713803279865455,0.481140752228145,1.37418033823253,0.931463608246163,0.00186540340445806,0.861036678760167,1.00391234575097,0.93864509874398,0.0516218812494033,0.578133714862884,1.30705160465004,0.950829357759718,0.00174320477717486,0.881801176242408,1.01997000449756,1.00852931473105,0.00159239070977488,0.94511924243195,1.07495569267774,0.961159870013233,0.00151792441333821,0.900567499534732,1.02469259863065
"ind-large","halfcauchy",2,"continuous",29,119,3797369,5576785,1,1,1,1,1.00028369132167,0.954841325145605,1.00086892702581,1.00028369132167,1.06994946270883,0.100588578766062,0.542611267344647,1.57851478811508,1.06859521664003,0.00176025386708894,0.997780734924427,1.13820905556235,0.882889242207613,0.0732728583235358,0.442495081388633,1.33941633346541,0.882782145938397,0.00207507157412499,0.808199137296929,0.957929553036397,1.02974469968947,0.0543095723525497,0.65381220010496,1.39814485990557,1.0444931641231,0.002066792927994,0.969167938765065,1.12113640188748,1.08378323998065,0.00184700921918358,1.01519561412173,1.15498258620028,1.05189132807241,0.00176338066948403,0.986464584098409,1.12027321183216
"ind-large","halfcauchy",2,"continuous",29,120,3797369,401493,1,1,1,1,1.00028369132167,0.954841325145605,1.00086892702581,1.00028369132167,1.07596945323204,0.0945689335877061,0.563112060193947,1.56720704296635,1.0758481482326,0.00170695515888098,1.00727793958203,1.14467397731445,1.00242880867473,0.0708298191203077,0.562102249642143,1.44611542358024,1.00459321533759,0.00204769246251315,0.931073750936222,1.08009210915973,1.0578341589905,0.0511397727399102,0.693210409969667,1.42569103134119,1.07014606343281,0.00202552635819762,0.996163150097268,1.14660776366243,0.974859479510716,0.0017835841090962,0.907843812891678,1.04504183874364,0.923226390976124,0.00168152005723536,0.859140997166186,0.990664701262232
"ind-large","halfcauchy",2,"continuous",29,121,3797369,9083646,1,1,1,1,1.00028369132167,0.954841325145605,1.00086892702581,1.00028369132167,1.06594356199953,0.0900447394937968,0.561684951281323,1.55224605135934,1.06556363152593,0.00160473191860121,0.998590842452843,1.13186308372714,1.02306021444454,0.0672909030319631,0.592029826746413,1.45229355857525,1.02518954696154,0.00198075417015339,0.952721757464634,1.09981635875176,1.03134998401704,0.0486556602735319,0.668646832091501,1.39351069611969,1.04315682994821,0.00190879442298098,0.971453755999778,1.11947654993455,1.03017819031298,0.00171019972614054,0.964432674295215,1.09810237529721,0.986825419843196,0.00161970185931127,0.924042422566458,1.05337812118472
"ind-large","halfcauchy",2,"continuous",29,122,3797369,15984343,1,1,1,1,1.00028369132167,0.954841325145605,1.00086892702581,1.00028369132167,1.04141216255191,0.0955878468526395,0.523340589211575,1.53794656613141,1.04004442415646,0.00165218531656727,0.971114969052438,1.10672558968438,0.957992340292343,0.0711562404337483,0.521446215825365,1.39532493623086,0.960066650160968,0.00205640094794949,0.885955225834173,1.03764259686594,0.928492311019586,0.0515241040291045,0.563560995892737,1.29345578270826,0.941038195094792,0.00196848471277309,0.867575329226327,1.01310796871468,1.01326097204277,0.0017798302844615,0.946081639293622,1.08294832398301,0.965834855643724,0.00168746742154729,0.901779703613887,1.03310005258385
"ind-large","halfcauchy",2,"continuous",29,123,3797369,5083660,1,1,1,1,1.00028369132167,0.954841325145605,1.00086892702581,1.00028369132167,1.00799051000323,0.106115918987445,0.46351154512006,1.53982826837156,1.00651257439176,0.00168928483352691,0.938537571692204,1.074701776092,1.04525475557814,0.0777430702564048,0.580138835825038,1.51749253842974,1.04718902044727,0.00214009661400004,0.971431778762776,1.12497222745494,0.94895616871149,0.0564299685884609,0.562978977559379,1.33480564653531,0.961010562890614,0.00198137146716125,0.886505094994415,1.03413548358782,0.977453036902026,0.00178773680331842,0.909845521830603,1.04703904384181,0.960100934621037,0.00169615273244416,0.895305053118592,1.02697864537453
"ind-large","halfcauchy",2,"continuous",29,124,3797369,13509932,1,1,1,1,1.00028369132167,0.954841325145605,1.00086892702581,1.00028369132167,0.951234871509518,0.0952344646777908,0.427002520630904,1.45033959362098,0.950799161972913,0.00150056886198583,0.886055919405905,1.0133185189094,1.07808081804418,0.0682254646277623,0.645335931635897,1.50930379758503,1.079925533315,0.00183407823106766,1.00970653788974,1.15186879840774,1.0214941304841,0.054412969242366,0.64989611438535,1.39576513383207,1.03447288113896,0.00173995979850686,0.964952068098295,1.10639950578328,1.10159072081302,0.00158793264479223,1.03834434566948,1.1669710459722,1.04407946113988,0.00151887724185952,0.983357040819255,1.10738449379404
"ind-large","halfcauchy",2,"continuous",29,125,3797369,13566209,1,1,1,1,1.00028369132167,0.954841325145605,1.00086892702581,1.00028369132167,0.984877424235294,0.0825416230146716,0.495701304313293,1.45274565714063,0.984035743356596,0.00171931459132604,0.914171576126564,1.05164572179145,0.965888529415207,0.0543979598022003,0.576347506841215,1.35394421215911,0.967816815163856,0.00204395748015826,0.893007048447769,1.04449226986159,1.00013136606301,0.0509641421088941,0.634629328397448,1.36643924079346,1.01162094027337,0.00203641057361371,0.938179035616861,1.08590831853702,1.01036330262341,0.00181938551625619,0.943129954636016,1.08101443216539,0.963681322717026,0.00170404438780689,0.89869920695338,1.03108471934233
"ind-large","halfcauchy",2,"continuous",29,126,3797369,6327567,1,1,1,1,1.00028369132167,0.954841325145605,1.00086892702581,1.00028369132167,1.03182760297336,0.097264322595649,0.515539877701175,1.53953522215832,1.03149937644388,0.00166174200545553,0.963372472610416,1.09803571864311,0.954140561251525,0.0724289414871554,0.503821803428386,1.40812979095701,0.956541900717992,0.00202122367969147,0.883692646130999,1.03210823240534,0.985037002684042,0.0508244618636801,0.62208775133894,1.34471912157669,0.997826178171176,0.00195138298106904,0.925164842414549,1.07207888399324,0.965123474379264,0.00175994670483289,0.898459723058827,1.03479597787265,0.916289668816228,0.00167456535479955,0.852411843417314,0.983196566648456
"ind-large","halfcauchy",2,"continuous",29,127,3797369,8014476,1,1,1,1,1.00028369132167,0.954841325145605,1.00086892702581,1.00028369132167,1.00481580121171,0.0888292357860352,0.512634145891587,1.49033162329976,1.0039495833155,0.00171784967477732,0.933463322422021,1.07231925281917,0.950959027206696,0.0676321197062027,0.519713469893272,1.38573739467484,0.952572717614409,0.00205637363570166,0.8780790922409,1.0290001979839,0.884692390960176,0.0464773083229,0.535314118414318,1.23829831317342,0.895699299419897,0.00192812166412773,0.823795908759178,0.972077331452054,0.963298292776864,0.00177018040366154,0.896236110443302,1.03335529363975,0.909136163082275,0.00166962332949619,0.844770840898883,0.976247214383719
"ind-large","halfcauchy",2,"continuous",29,128,3797369,11329296,1,1,1,1,1.00028369132167,0.954841325145605,1.00086892702581,1.00028369132167,1.01494822532969,0.0895014265346042,0.52268330883059,1.4978778733959,1.01475441811297,0.00156546837641017,0.949816050180356,1.07967050738954,0.923847922769772,0.0652625768170991,0.50416813583117,1.33456878110128,0.926077806296932,0.00191226866680023,0.853606587983196,0.99970495030554,0.972082521776368,0.0492839415365309,0.607743817230826,1.32551001999254,0.98508296547589,0.00181509412997231,0.9141396954365,1.05803298075912,0.969742348533272,0.00165208826157283,0.904556911945505,1.03666164067338,0.938369632878325,0.0015723351562801,0.876238854426622,1.00336141382315
"ind-large","halfcauchy",2,"continuous",29,129,3797369,5068381,1,1,1,1,1.00028369132167,0.954841325145605,1.00086892702581,1.00028369132167,1.02126625965148,0.0982688910324509,0.508806344317278,1.52680670543629,1.01975432577591,0.00170546264708036,0.948756663892238,1.08720363875663,0.994821279370634,0.0735152539147589,0.546648046560991,1.44990520820369,0.996448284129404,0.00208931766065291,0.922681033676032,1.0736902872506,1.03355912542262,0.0519479125605465,0.668864721941466,1.40060533389819,1.04533359661633,0.00204609388598593,0.971356087289249,1.12221689875585,0.98201043206943,0.00181342274871004,0.913696047544569,1.0524989945585,0.945208045952823,0.00170749309244953,0.880471748720571,1.01305550531513
"ind-large","halfcauchy",2,"continuous",29,130,3797369,1130896,1,1,1,1,1.00028369132167,0.954841325145605,1.00086892702581,1.00028369132167,1.00843465445484,0.0982905026464733,0.483999995124908,1.5164927745121,1.0079707517171,0.00164508160213904,0.939191855093887,1.0754320298141,1.03628933898335,0.075485739458593,0.584501117752958,1.50362394667337,1.03939531430713,0.0019931412855628,0.966177936117259,1.11396114551433,1.00810060948141,0.0499976369570522,0.64631204540661,1.37062527296175,1.02100238363682,0.00191674281414599,0.9486849937714,1.09338747052646,0.953827487378155,0.00173805897708404,0.887325908660796,1.02280356076908,0.90384134318892,0.00164860505674932,0.840217500021499,0.970145141070628
"ind-large","halfcauchy",2,"continuous",29,131,3797369,3050110,1,1,1,1,1.00028369132167,0.954841325145605,1.00086892702581,1.00028369132167,1.01865135094177,0.0864117654263324,0.533331925181465,1.49669963706815,1.01784633020383,0.00136462835303378,0.958773189680639,1.07869134821452,1.01953776086651,0.0572197740707838,0.629729253170327,1.41399621189682,1.02159182305271,0.00164662285588524,0.956992344231341,1.09028998016035,1.01958712594989,0.0528942787391512,0.647422091771403,1.38796950176139,1.03268614859189,0.00157007015857396,0.966860282802416,1.09867243155679,1.02601201541668,0.00146353335593871,0.965546017640627,1.08883391079513,0.976073246384716,0.00136987072760456,0.917528015562077,1.0369178467348
"ind-large","halfcauchy",2,"continuous",29,132,3797369,15711600,1,1,1,1,1.00028369132167,0.954841325145605,1.00086892702581,1.00028369132167,0.926138466694394,0.0965086994780544,0.4126507083726,1.4366008931994,0.925550333630321,0.00166570993256913,0.857484591572548,0.991948163119989,1.03876204886353,0.0686868793098317,0.608844808912555,1.48824551204134,1.0404600638333,0.00199201615494856,0.966148239590663,1.11427039679478,0.959841679740331,0.0550389936822386,0.58155076697701,1.33681310707516,0.973161744252463,0.00197761697444967,0.899402428995555,1.04871136195982,1.01177682991395,0.00177680396007316,0.944675017154731,1.0813904791205,0.977156196054151,0.00168366166839427,0.913249810283962,1.0439213921578
"ind-large","halfcauchy",2,"continuous",29,133,3797369,13419362,1,1,1,1,1.00028369132167,0.954841325145605,1.00086892702581,1.00028369132167,1.08468082649996,0.0970303005380323,0.56615127837281,1.58884697984702,1.08325780655301,0.00172961787529591,1.01239247564297,1.15163224304272,0.984907152733414,0.0724827730446637,0.536041957354466,1.43815927661739,0.986782290632562,0.00206618672551156,0.912695454090395,1.06165881611303,1.01882093650407,0.0509482293926399,0.650504893274854,1.3820668792709,1.0307161508789,0.0020011922738151,0.955831048534721,1.10431941413895,0.954374021431929,0.00180845280664486,0.886837919581936,1.02521776865661,0.92288764923213,0.00170924777736898,0.858392396043997,0.990800631662994
"ind-large","halfcauchy",2,"continuous",29,134,3797369,10082731,1,1,1,1,1.00028369132167,0.954841325145605,1.00086892702581,1.00028369132167,1.09538318805586,0.0971165954746873,0.572772565597947,1.5881290747514,1.094459152054,0.00170279116247172,1.02461848291424,1.16371709532478,1.01664587405945,0.0804998772124785,0.550136432770465,1.48591269901938,1.01989197623845,0.00203154833002646,0.945867899456007,1.09497480847533,0.996089941631925,0.0435264738329729,0.646226456719233,1.33822073101541,1.00585248657497,0.00195639222539392,0.932313991865348,1.07920853185747,0.991367310629039,0.00176057273339096,0.92434721447324,1.06051144169981,0.941865940680305,0.00167507066849408,0.877943765036218,1.00879165454203
"ind-large","halfcauchy",2,"continuous",29,135,3797369,8789606,1,1,1,1,1.00028369132167,0.954841325145605,1.00086892702581,1.00028369132167,0.961482978419972,0.0918900456966723,0.464827889749211,1.45403706650982,0.959830349159805,0.00187621908996183,0.885610874084161,1.03005140541302,0.996086049759331,0.0700951451901421,0.558259753784523,1.4369144473336,0.998439165665869,0.00228762245451432,0.920063177527644,1.07934009265132,0.931444110001827,0.0484188296323354,0.574884793954695,1.29142542764211,0.942413107412555,0.00218416596961473,0.865247305398966,1.02031486310593,0.980688384832358,0.001977806387112,0.90976724079633,1.05464209769783,0.943379925020724,0.00188073826517161,0.875517553085218,1.01421550804311
"ind-large","halfcauchy",2,"continuous",29,136,3797369,5223536,1,1,1,1,1.00028369132167,0.954841325145605,1.00086892702581,1.00028369132167,1.00124998707383,0.0913098508946764,0.505839855897553,1.488870301911,1.00089862665692,0.00170482966602489,0.930425005188792,1.06872674776232,1.0178419414381,0.0636531016848826,0.600673041276478,1.42555034876974,1.01851827861724,0.00210061674005979,0.942579412283701,1.09687832286224,1.08749832355062,0.0525733284380598,0.715671969930627,1.45812191697998,1.10137887635023,0.00204950272179246,1.02689755305067,1.17928923639912,0.985477330088813,0.00182153798885498,0.917338580933048,1.05605201139243,0.952655865060733,0.00174142153315905,0.887453814904265,1.02130438639679
"ind-large","halfcauchy",2,"continuous",29,137,3797369,5060286,1,1,1,1,1.00028369132167,0.954841325145605,1.00086892702581,1.00028369132167,0.959623804939131,0.0966567644888436,0.444399761041513,1.45921011342879,0.958447790663196,0.0016320287356157,0.89021134375795,1.02600609253573,0.936313121979856,0.0752788817742679,0.480154580766741,1.39204092181322,0.93908874389303,0.00205324070033059,0.864807450384172,1.01466780737979,0.968420504024626,0.0459212392415705,0.621668090240913,1.32023073686595,0.979598035459222,0.00192919094597637,0.908329614636704,1.05332074676209,0.992922262011856,0.00175990916803542,0.9253675804776,1.06241822749334,0.945278895800433,0.00165655663400098,0.881419700703032,1.01207219609726
"ind-large","halfcauchy",2,"continuous",29,138,3797369,10062976,1,1,1,1,1.00028369132167,0.954841325145605,1.00086892702581,1.00028369132167,1.01184303995713,0.0938199975706874,0.505720679808989,1.50673133207111,1.01096979885107,0.00157177641241288,0.945615074150299,1.07631942277904,1.0173572998045,0.0719873370135199,0.57375955097169,1.46150905687412,1.02044839522168,0.00196613084238164,0.948200159162694,1.09419225567928,1.00810861202669,0.0495461645280605,0.646278300480942,1.36836156447019,1.01921931659366,0.00181128885141734,0.948969768368762,1.0898207047155,1.04421976443117,0.0016675254550847,0.979433861225701,1.11110783985603,0.988074338869894,0.00157733548968151,0.925680798702011,1.05326714851663
"ind-large","halfcauchy",2,"continuous",29,139,3797369,11888179,1,1,1,1,1.00028369132167,0.954841325145605,1.00086892702581,1.00028369132167,1.07316556015908,0.09190465735812,0.572906210183998,1.56149697613054,1.07182341524614,0.00159458681698456,1.00536745143746,1.1365486110426,0.983804473445433,0.0681661196633153,0.55321641742412,1.40964206391147,0.98469423131018,0.00187442010019027,0.914410387562801,1.05690439538149,1.00558215246516,0.0489624491369424,0.649135294651133,1.36341730662619,1.01730571795272,0.00183030918041496,0.94646582459592,1.09023574482524,0.988951511552132,0.00166416868144917,0.924627813363423,1.05648867933392,0.951365266117111,0.00157679265177247,0.889617381510629,1.01612209684373
"ind-large","halfcauchy",2,"continuous",29,140,3797369,9440962,1,1,1,1,1.00028369132167,0.954841325145605,1.00086892702581,1.00028369132167,1.0285941417242,0.0960110343113927,0.508743155083045,1.53148422720463,1.0280452971203,0.0016274478798081,0.961106727344068,1.09461283788674,0.934892323283415,0.0710655413289261,0.498767629690365,1.37743867060362,0.935974550258131,0.00198152732640018,0.861917403674669,1.01065868158835,1.04771969458453,0.0509790220114998,0.684592129316701,1.40967032135834,1.06014781640741,0.00188614127173814,0.989155183580376,1.13339374359895,0.951905779995319,0.00173023240679574,0.8851559276427,1.02086931406051,0.936011819109396,0.00164680163770161,0.872570445384131,1.00229917547765
"ind-large","halfcauchy",2,"continuous",29,141,3797369,608624,1,1,1,1,1.00028369132167,0.954841325145605,1.00086892702581,1.00028369132167,0.98218963033818,0.0930504468646245,0.472722062011386,1.46627117812605,0.982652494685413,0.00153215808354279,0.916798918600203,1.04722427561501,0.978555105761153,0.0662317865933702,0.560999890072449,1.39843652855215,0.98081018061528,0.00195822102777288,0.909007492393135,1.05404692411914,0.956225699216862,0.0528123004151057,0.589405452204656,1.32718499765387,0.969032427348327,0.00182402951699389,0.8992917415134,1.03917736339613,0.976795804622063,0.00168447189392272,0.911354609269824,1.04383601082937,0.930621938878761,0.00158784371466334,0.86767579122509,0.99626654370203
"ind-large","halfcauchy",2,"continuous",29,142,3797369,10711134,1,1,1,1,1.00028369132167,0.954841325145605,1.00086892702581,1.00028369132167,0.987372810883306,0.096789312034976,0.47241875361686,1.48320429052182,0.986682667581954,0.0014757678466508,0.923486218871321,1.04961582816549,1.02721562165725,0.0716336587602166,0.590900849750565,1.46679509390809,1.0309760396072,0.00178994125237778,0.961533762259167,1.1024717642088,0.964600599710537,0.0513670825292611,0.597666472640745,1.3317653139864,0.976255654514886,0.00176240877713509,0.9064831800764,1.0448294910752,1.00575682952837,0.00155767850393661,0.942683567214336,1.07107438549946,0.942963548158371,0.00147028718556701,0.882739647549447,1.00566762712813
"ind-large","halfcauchy",2,"continuous",29,143,3797369,9765605,1,1,1,1,1.00028369132167,0.954841325145605,1.00086892702581,1.00028369132167,1.02530050212198,0.089932247412518,0.535412632593657,1.51304211692858,1.02506570479895,0.00179867325407067,0.953713379975917,1.09431145979041,1.04550325424143,0.0619852596701167,0.638082638195603,1.45320686887937,1.04721618957935,0.00218798290721461,0.970559340266546,1.12461138411719,1.01880390523939,0.0526905658697595,0.65480047638053,1.38523984225235,1.03148432157954,0.00214215335279288,0.955122654332507,1.11099776730029,1.00999258896018,0.00191950842380625,0.940519674557529,1.08257053634953,0.975534089821344,0.00182309312140113,0.90763345424293,1.04558946036899
"ind-large","halfcauchy",2,"continuous",29,144,3797369,4371069,1,1,1,1,1.00028369132167,0.954841325145605,1.00086892702581,1.00028369132167,0.996401417590771,0.0884206776264621,0.498214351017446,1.48011664149126,0.99789975804278,0.00160342948993672,0.931062119655764,1.06301721207674,0.979389787144993,0.0638361139752085,0.571578362907595,1.38912409134842,0.981835216252926,0.00195202971421531,0.907344367745448,1.05321539230566,1.0464647593511,0.0493444811960225,0.685452981791866,1.40922746144153,1.0598857216672,0.00182032154030319,0.992369902929941,1.13472180521043,0.979005481748326,0.00172589231337111,0.912864946757926,1.04714678222462,0.922002534759129,0.0016221150268315,0.858357300198045,0.988145981978723
"ind-large","halfcauchy",2,"continuous",29,145,3797369,4074216,1,1,1,1,1.00028369132167,0.954841325145605,1.00086892702581,1.00028369132167,1.00205141314167,0.101311624052045,0.471759256955005,1.51928583850996,1.00070089255791,0.0018180279243332,0.929321807393529,1.07059292671869,0.969580105758652,0.0790984032995039,0.501103577837969,1.43984014293971,0.972218565534299,0.00225231210503213,0.894343111171563,1.05233567780435,1.0073553488971,0.0514431575777998,0.637940060280861,1.37164392465305,1.01954742023772,0.00212218835493062,0.944508766844068,1.09627694771421,1.01813788358139,0.00189485088444106,0.94872253017192,1.09047672295932,0.971921332292586,0.00178679029856167,0.905896644478374,1.04113658023334
"ind-large","halfcauchy",2,"continuous",29,146,3797369,15860151,1,1,1,1,1.00028369132167,0.954841325145605,1.00086892702581,1.00028369132167,1.02458214191241,0.0971440207116115,0.508526011138562,1.52814197790057,1.02504227552355,0.00158721336434899,0.959101879003804,1.08945283775403,0.985204966358163,0.0645852763053335,0.557039606243946,1.40073412403315,0.986871490825418,0.00189006432743005,0.914946308591524,1.05876569781774,1.03691699230744,0.058115836513759,0.652698604656372,1.43859523226711,1.05057659068483,0.00189064400998621,0.978904365675876,1.12465105346441,0.983359188515113,0.00169931033639028,0.91776078227537,1.05125957540546,0.953802109421779,0.00160998141191983,0.891104040767763,1.02008178208363
"ind-large","halfcauchy",2,"continuous",29,147,3797369,14938042,1,1,1,1,1.00028369132167,0.954841325145605,1.00086892702581,1.00028369132167,0.98382906147082,0.0971927159212629,0.467959813573551,1.4912444017037,0.982246138132613,0.00167841918625274,0.914017008687292,1.05024427949955,0.926368387729693,0.0719421174541798,0.480622952381903,1.37055239803062,0.927978871716873,0.00210880999785013,0.852969699754655,1.00399125497247,0.989447041789162,0.0528586460444717,0.611988091301916,1.35940349674389,1.00259720169968,0.00201350115904388,0.928830004332122,1.07957562090728,1.03901528196536,0.00181672717336879,0.970976199812231,1.10991702645634,0.991216469743304,0.00171671973887841,0.926739004510112,1.05910788979511
"ind-large","halfcauchy",2,"continuous",29,148,3797369,5692367,1,1,1,1,1.00028369132167,0.954841325145605,1.00086892702581,1.00028369132167,1.06301839704385,0.0951233392075795,0.542429976785355,1.56240181527363,1.06278406221775,0.00153124041577288,0.995675425451896,1.12710841545723,1.02794674015002,0.0721638478268213,0.583174612687571,1.47386482506228,1.02987006757996,0.00188987800095455,0.959185780806154,1.10308677808716,1.00841517556245,0.04970302043969,0.642253207134187,1.36857230064568,1.02030069148769,0.00175869717996989,0.951560561850588,1.09039010178402,1.02619397758226,0.00160931266148456,0.962402568979472,1.0928631523843,0.963562907562209,0.0015238268105396,0.902501171666326,1.02750030560361
"ind-large","halfcauchy",2,"continuous",29,149,3797369,16252107,1,1,1,1,1.00028369132167,0.954841325145605,1.00086892702581,1.00028369132167,1.00690079138224,0.100503043055459,0.483881789692498,1.51961881344225,1.00592798263415,0.00154569152130987,0.938240649215062,1.07045816996052,1.02729942500067,0.0725548550088281,0.586290265370424,1.47768421790897,1.02957340716408,0.00183835080251753,0.958166792290068,1.10257091053118,0.966342664432249,0.055987186138929,0.588864391972771,1.34485652076054,0.979361848668195,0.00184939002280098,0.908597634518652,1.05281233690483,0.965346020658985,0.0016225469708165,0.900890876690798,1.03228529680162,0.92229231423272,0.00154561008775403,0.861248638192523,0.986187177535777
"ind-large","halfcauchy",2,"continuous",29,150,3797369,14072821,1,1,1,1,1.00028369132167,0.954841325145605,1.00086892702581,1.00028369132167,0.969557102377028,0.0968899178772508,0.44978296737049,1.47772745134323,0.969114651257316,0.00157664991326159,0.903166092728875,1.03433424529103,0.925807336571984,0.0725370442621086,0.482146991295332,1.37278868189996,0.926919940695577,0.00200072951044127,0.852985982952746,1.0009840254089,0.928072532705061,0.0510091807830709,0.559886014715435,1.28756390117643,0.940271309259086,0.00191351803814869,0.86818304059253,1.01288291886352,0.999880195584001,0.00171652562329755,0.934076931472566,1.06794067380187,0.942331188535802,0.0016204265946583,0.879425704859781,1.00841711144484
"ind-large","halfcauchy",2,"continuous",29,151,3797369,12742527,1,1,1,1,1.00028369132167,0.954841325145605,1.00086892702581,1.00028369132167,1.02980931102512,0.0968059391696318,0.508564795841621,1.53064255097287,1.02899308980131,0.00174934580352135,0.958098426623057,1.09774296523666,1.05867437522987,0.0737421451381206,0.612169256109161,1.51077191015737,1.061026140407,0.0021032595435371,0.986454803630388,1.1381192316571,1.0237232615854,0.0499451119093467,0.65812807335896,1.38815115409298,1.03573862158145,0.00198077656400763,0.961319084417385,1.10822282358126,0.987335399842073,0.00182494439800227,0.919015387436952,1.05823960495751,0.949590155368846,0.00173033526434897,0.884665112907814,1.01702457970899
"ind-large","halfcauchy",2,"continuous",29,152,3797369,4651906,1,1,1,1,1.00028369132167,0.954841325145605,1.00086892702581,1.00028369132167,0.976593319154634,0.0951385772372868,0.464071640086837,1.48177920071742,0.974754150663894,0.00153165523918219,0.910039273126634,1.03990676978054,0.98124138880458,0.0707321929735803,0.535180951890281,1.42362665060618,0.984962746390084,0.00195940621484286,0.913098248811847,1.0598392131119,0.992005801677838,0.0502209146412113,0.626742120775561,1.34922049029893,1.00430130335116,0.0018246474872513,0.933315957235356,1.07485991864811,0.991420866212895,0.00164337991114454,0.926715299340459,1.05839013837264,0.947481031754874,0.00156518635552634,0.885582155766511,1.01222891782533
"ind-large","halfcauchy",2,"continuous",29,153,3797369,10154665,1,1,1,1,1.00028369132167,0.954841325145605,1.00086892702581,1.00028369132167,1.04875579641251,0.0892939521301417,0.551455964316917,1.53110343170086,1.04763638040799,0.00154295456778097,0.981213529180971,1.1127430759427,1.05009799072157,0.0681971380581069,0.613697335234332,1.48353772790019,1.05305118984427,0.00194513323259785,0.980494234710106,1.12687721620707,0.967125563086234,0.0458181953750592,0.622777658949655,1.3194136143044,0.977085602090479,0.00181220252089254,0.908181154441946,1.04926307305398,1.01713107284616,0.00167030742881726,0.952088825204972,1.08542595213814,0.967530799682977,0.00156694051730355,0.905074850434712,1.03232112934646
"ind-large","halfcauchy",2,"continuous",29,154,3797369,2842918,1,1,1,1,1.00028369132167,0.954841325145605,1.00086892702581,1.00028369132167,1.0633166848563,0.0878462270532178,0.573599076775085,1.5479177103645,1.06256848833608,0.00145605523028753,0.999187249052146,1.12571395930037,1.06904760100655,0.0684483425575075,0.636656444019955,1.4919518132036,1.07264531931628,0.00185848338685064,1.00222647881226,1.14530316864835,0.952933313518981,0.0449060416214678,0.600556960809997,1.29532018543687,0.963881709582565,0.00174755860868543,0.895783205182363,1.03338782074626,1.06543153173157,0.00158514934955063,1.00186376034719,1.13153578671562,1.02251730652143,0.00150462555237517,0.961818662811159,1.08605635173543
"ind-large","halfcauchy",2,"continuous",29,155,3797369,5783252,1,1,1,1,1.00028369132167,0.954841325145605,1.00086892702581,1.00028369132167,1.01706587273152,0.0982069375928257,0.502867560554944,1.52410183026749,1.01605384697812,0.00149689855601534,0.950857446532049,1.0796401574843,0.993369186432755,0.0738451211549153,0.548865710855761,1.44969139571384,0.996202042532057,0.00188900641741861,0.925651069299765,1.06939629189621,0.997148606529829,0.0497896149978229,0.631270363608432,1.35479308474878,1.0095498568137,0.00177541547869871,0.939755479082954,1.0795743419665,0.919454716738941,0.00158772128645821,0.855661156234451,0.98558628167147,0.87968814942145,0.00150256274254719,0.819112960186084,0.942899782787526
"ind-large","halfcauchy",2,"continuous",29,156,3797369,14786531,1,1,1,1,1.00028369132167,0.954841325145605,1.00086892702581,1.00028369132167,1.0003396889526,0.0987672992359435,0.466741902222455,1.50906476816054,0.998576576512021,0.0014137489485104,0.935060211280352,1.06089664187046,0.978368055700588,0.0744564254408102,0.528612969294724,1.432952388789,0.981703446905758,0.00176979808556487,0.912320005353681,1.05387690875392,0.96176825436746,0.0521381140144267,0.596856611578202,1.32924998175727,0.974378180391443,0.00167664767903064,0.906225929663877,1.04188336516948,0.976568051061449,0.00149181839139595,0.91470162418586,1.04066844526373,0.944724961001239,0.00141666151982541,0.886287705288416,1.00618557248934
"ind-large","halfcauchy",2,"continuous",29,157,3797369,6114682,1,1,1,1,1.00028369132167,0.954841325145605,1.00086892702581,1.00028369132167,0.968799304895225,0.0914578226089736,0.464249835873213,1.45405274203804,0.96844005736636,0.0017275583510323,0.900744530462494,1.03628770175804,1.09325404023476,0.0686986209746328,0.663805869992459,1.53048410100748,1.09545801777027,0.00207400238171983,1.02091234014474,1.16880812561992,0.961802252794074,0.0488435515146699,0.600940482440695,1.32753007467983,0.973383402245124,0.00197625894956376,0.901475520407215,1.04835176460098,0.974314787765476,0.00183673482847538,0.906185454234809,1.04547063972787,0.9257785575056,0.00173362367028891,0.860242379591326,0.994195505336538
"ind-large","halfcauchy",2,"continuous",29,158,3797369,806972,1,1,1,1,1.00028369132167,0.954841325145605,1.00086892702581,1.00028369132167,0.977557479606187,0.0978077916138885,0.454445482738295,1.48711705951343,0.976203472696731,0.00156612603550913,0.909462082797795,1.04104028656384,0.980145637291495,0.0731403512008721,0.534613121863673,1.42147572937165,0.982408124191976,0.00187062689530143,0.911992804358926,1.05560063680849,1.02570538227368,0.0521634084356766,0.656323245987155,1.3944555339386,1.03881919843955,0.00179066048895313,0.969021927340095,1.11022002798175,0.971512970449158,0.00161912645671626,0.907562419517396,1.03777395079466,0.915631332253654,0.00153590828319487,0.854299658098464,0.980106973642446
"ind-large","halfcauchy",2,"continuous",29,159,3797369,14205254,1,1,1,1,1.00028369132167,0.954841325145605,1.00086892702581,1.00028369132167,1.02696269284098,0.101785061764704,0.49479720556454,1.5369845500704,1.02743228519449,0.00170273975440502,0.957553539772795,1.09576457258167,1.07034757795308,0.0735676116859973,0.623750538728906,1.51485064153539,1.07396291074713,0.002035410851164,0.999761221348702,1.14974900816064,0.995662020199534,0.0545798987593799,0.619766812561391,1.36767739445636,1.00839571182413,0.00195830741372921,0.93589909950118,1.08411817682589,0.981740441540291,0.00174586337432502,0.915482649029017,1.05079107338561,0.943103311853261,0.00166920109447173,0.879284326836373,1.0099359402598
"ind-large","halfcauchy",2,"continuous",29,160,3797369,11553563,1,1,1,1,1.00028369132167,0.954841325145605,1.00086892702581,1.00028369132167,0.967550535780533,0.0892947403360277,0.47549334556642,1.45119335495047,0.967733336787562,0.00160588488046207,0.901922181627285,1.03265148832755,0.901509780293,0.0597213619543678,0.500867196132671,1.30531222561567,0.90355897117184,0.00197292635018303,0.830670246547379,0.976334650710179,0.960174128358351,0.054080288837438,0.583102079758977,1.32947542661318,0.974087747360347,0.00185735443278224,0.903610269029037,1.04653550920692,0.915987926736374,0.00172116519900985,0.850228783661329,0.984080362978926,0.884868013255491,0.00163060670010844,0.821130612600306,0.950528189554187
"ind-large","halfcauchy",2,"continuous",29,161,3797369,16631129,1,1,1,1,1.00028369132167,0.954841325145605,1.00086892702581,1.00028369132167,0.977469621259999,0.0991105410706338,0.452142989187576,1.49241612811952,0.975152760175265,0.00158332610675884,0.90684295836096,1.04043210088632,1.07227727696769,0.0752364692385916,0.62561950588943,1.53289506974281,1.0742554665228,0.00196536673987664,1.00182394060657,1.14758186516685,1.04030819755708,0.0512897450844372,0.675991425244423,1.40605321788934,1.05200629818321,0.00184172899777097,0.981181513740196,1.12308835222545,0.998788059069416,0.00168149995613605,0.933265255584647,1.0666888998919,0.957749396768915,0.00158922272021302,0.895198533954361,1.0231701976516
"ind-large","halfcauchy",2,"continuous",29,162,3797369,15108766,1,1,1,1,1.00028369132167,0.954841325145605,1.00086892702581,1.00028369132167,0.974067471209621,0.0981232206431621,0.453248870218875,1.49002383554421,0.971811857823311,0.00164608919529103,0.905711607689378,1.03766423713468,0.961155806340207,0.0699643979476558,0.524071954626676,1.4099250846134,0.962690342124464,0.00197931150605721,0.890799703415627,1.0368173803687,0.990560189256135,0.0548358025217974,0.614925833141938,1.36444669192811,1.00276266234461,0.00196959876540028,0.929056138194873,1.07768211836706,0.97972717859583,0.00172029633480258,0.913595848444405,1.04864100571569,0.960800582367799,0.00163269078609442,0.897732325897858,1.02665637154446
"ind-large","halfcauchy",2,"continuous",29,163,3797369,14496080,1,1,1,1,1.00028369132167,0.954841325145605,1.00086892702581,1.00028369132167,0.98378026132922,0.0916017034951452,0.476872419219094,1.477562832213,0.983908233481514,0.00161133243673638,0.916111254215952,1.04920274935441,1.02947002578665,0.069474328950623,0.597460883633442,1.47059745740433,1.03226565431538,0.00192164494550875,0.960053990850018,1.10407183073253,0.929428879050379,0.0480019627421404,0.569390016787978,1.28205233406203,0.9414854630812,0.00186364838284097,0.871205656065364,1.01420190890254,1.0110558298552,0.00169284203644177,0.945081970389177,1.07899217168722,0.968947445374496,0.00161638367500352,0.906129994891427,1.03443842183592
"ind-large","halfcauchy",2,"continuous",29,164,3797369,12398202,1,1,1,1,1.00028369132167,0.954841325145605,1.00086892702581,1.00028369132167,0.945949375966926,0.101454467690114,0.418344913230264,1.45510195903303,0.945235515084591,0.00169430332605584,0.87646117846139,1.01331625360491,1.02044022133517,0.0757115787452175,0.56739304523405,1.48507302892562,1.02204153862522,0.00210996834054254,0.947845703844409,1.09851780496109,1.07124977134362,0.0518550219509924,0.70305842790097,1.43912912743865,1.08439409039043,0.00200334842393521,1.01153123012782,1.16031349579231,0.925461001034083,0.00182338255105443,0.857148258323348,0.996403953064026,0.894216667673244,0.00172553866033989,0.829345384508266,0.962238072898053
"ind-large","halfcauchy",2,"continuous",29,165,3797369,1374633,1,1,1,1,1.00028369132167,0.954841325145605,1.00086892702581,1.00028369132167,1.07321322773586,0.104641010531204,0.5395558585895,1.59677056430536,1.0712372263668,0.00161099522711094,1.00318208935663,1.1375879037499,0.935020917473568,0.0808281520308405,0.466155509158932,1.40804716219378,0.937786862961433,0.00194581874757757,0.866375217039461,1.01292894700749,0.977774757659718,0.0513599035335587,0.61701243701443,1.34437088832269,0.988653632474042,0.00188357612969586,0.916816185245339,1.06037917614391,0.995150128979629,0.00171762336512371,0.929242154982778,1.06355948801065,0.950881318988086,0.00162286436685008,0.887952284357217,1.01702960493663
"ind-large","halfcauchy",2,"continuous",29,166,3797369,6985277,1,1,1,1,1.00028369132167,0.954841325145605,1.00086892702581,1.00028369132167,1.02668905490564,0.0990524071340676,0.500422860298109,1.5339185284085,1.02465574557462,0.00147902319914928,0.959374474317728,1.08900774535006,0.99643685108013,0.0722525814521185,0.556432591737258,1.44123587229383,0.999743695478941,0.00187558829725274,0.928653834960445,1.07317343609782,0.981216690236024,0.0514849769797346,0.617319528349558,1.35327378069687,0.99413256095566,0.0018080954934081,0.923900418619388,1.06475005752342,1.03014852282043,0.00159753699399694,0.966302563996019,1.09577995691046,0.971309349722667,0.00151553842599548,0.91051092909818,1.03513096731173
"ind-large","halfcauchy",2,"continuous",29,167,3797369,15369965,1,1,1,1,1.00028369132167,0.954841325145605,1.00086892702581,1.00028369132167,0.976085350876147,0.0927917449868872,0.467734642168006,1.4675699442445,0.976696482718673,0.00150477789708227,0.912067052059084,1.0408708416021,0.907106057574042,0.0693279119489088,0.469661642136197,1.33158056003243,0.90994017863339,0.00187946250539366,0.840104520891638,0.983598985229098,0.963373546594177,0.0501317254716912,0.59732998363954,1.33033195759373,0.975885792981835,0.00178319710083522,0.905961884274436,1.04632984030994,0.964733333260117,0.00161980343074922,0.900972974257762,1.0316761345338,0.903238866116013,0.00152825270849962,0.84210215036741,0.967137384442001
"ind-large","halfcauchy",2,"continuous",29,168,3797369,10839126,1,1,1,1,1.00028369132167,0.954841325145605,1.00086892702581,1.00028369132167,0.964257816683094,0.0975598176144339,0.442855369560288,1.46242977398808,0.962550404957057,0.0015923742298971,0.89668217006427,1.028554006454,0.992367732603008,0.070988753986971,0.555140067651296,1.43608441032656,0.996109601504334,0.00196293349095196,0.924010114226255,1.07006218697959,0.998218677799644,0.0539462077760783,0.631001426623214,1.37039596480589,1.01023013804653,0.00189361727409123,0.939020545990645,1.0851423879302,0.929635907865968,0.0016874278365768,0.864483739551644,0.997855347671787,0.884493038943812,0.0016032870075762,0.821740069684693,0.950366085624422
"ind-large","halfcauchy",2,"continuous",29,169,3797369,6772709,1,1,1,1,1.00028369132167,0.954841325145605,1.00086892702581,1.00028369132167,1.00842186949094,0.0908338206963234,0.505718246093843,1.49881251804932,1.00811281268525,0.00160457761206072,0.942186749951613,1.07409250335694,0.999220311404511,0.0665568899259649,0.570930857775741,1.42296350035986,1.00275675587318,0.00205542145951565,0.929133075852369,1.07804881673269,0.947496405560953,0.05078389044881,0.576861993553706,1.30644808929591,0.961267612723076,0.00192680105656582,0.889620966168753,1.03594764405006,1.00417811537493,0.00174386113684062,0.937761337222358,1.07324382137058,0.953063132810111,0.00165168069603374,0.889542377099625,1.01914892207587
"ind-large","halfcauchy",2,"continuous",29,170,3797369,8398795,1,1,1,1,1.00028369132167,0.954841325145605,1.00086892702581,1.00028369132167,0.993449837502977,0.0972472334335031,0.468261853917159,1.49849557023346,0.993220777617113,0.00171193934988241,0.921494627755401,1.06080588997537,0.96685036901855,0.0673764901782807,0.533214601585542,1.3926589428645,0.967894031216347,0.00207285822485531,0.894007265227796,1.04415637877621,0.970527919488122,0.0555527954652835,0.59030919892408,1.35413090010978,0.982351290449865,0.00198379813095204,0.908646842264419,1.05734046991179,1.01618732246042,0.00181758427934176,0.948106948245655,1.0865687106251,0.977271789963974,0.00173045126368677,0.912501343052361,1.04530567605798
"ind-large","halfcauchy",2,"continuous",29,171,3797369,7145580,1,1,1,1,1.00028369132167,0.954841325145605,1.00086892702581,1.00028369132167,0.987040479200034,0.0950094400213024,0.477001790298529,1.49176519678295,0.986226731970897,0.00162336915466677,0.918124881186186,1.05339679360289,1.05177636440806,0.0743300835274909,0.600413373321032,1.51525979478647,1.05345045819964,0.0019605147928416,0.980552663307711,1.1275964969228,0.97437330059481,0.046365161938327,0.612357704650785,1.32524106991662,0.986390702826684,0.00186838384949655,0.915111940914055,1.05786684268488,0.939709618976695,0.00169899753429737,0.873881440773217,1.00796070228079,0.902360662320117,0.00160710358298508,0.83976009824587,0.967963514485841
"ind-large","halfcauchy",2,"continuous",29,172,3797369,2568842,1,1,1,1,1.00028369132167,0.954841325145605,1.00086892702581,1.00028369132167,1.00657270563721,0.087746586732128,0.513211947620271,1.48615582413421,1.00460540104051,0.00150679300929381,0.938046756844139,1.06875443529771,1.03388798690099,0.0693331860912593,0.595813340400082,1.47115602553582,1.03817087609924,0.00181871914481777,0.967530704813979,1.10774017067446,0.933020418768412,0.0442443212407766,0.588421616058939,1.27773737760885,0.943240252380785,0.00179432116048543,0.872918847755844,1.01561023781793,0.991333551294276,0.0015942774208294,0.927246082557513,1.0569506668014,0.944062966133543,0.00151038632006884,0.883005695544749,1.00787660272254
"ind-large","halfcauchy",2,"continuous",29,173,3797369,4593187,1,1,1,1,1.00028369132167,0.954841325145605,1.00086892702581,1.00028369132167,1.08392000208892,0.0963481354433849,0.562820997459676,1.57778078457178,1.08374585278944,0.00163252206586795,1.01511306507217,1.15001839044071,0.908207113613333,0.0738882784652012,0.460985391383418,1.36653741939704,0.908645949493759,0.00201535916373354,0.834622021045636,0.983064673433601,1.0098041308693,0.0487362752255269,0.6542850714393,1.36477031534054,1.02326901824587,0.00193701190433969,0.951055669743815,1.09702654209703,1.0194774837198,0.00175612029190817,0.952555639616443,1.08857921973048,0.979643354182684,0.00166367450840211,0.915685992719714,1.04631074751144
"ind-large","halfcauchy",2,"continuous",29,174,3797369,1297113,1,1,1,1,1.00028369132167,0.954841325145605,1.00086892702581,1.00028369132167,0.951559153950408,0.0887525723079854,0.454027036060227,1.43984179448189,0.950592262315848,0.00149161737780661,0.885102414789823,1.01483518284204,0.974898966847709,0.0678192150397311,0.547349937472628,1.4167440223068,0.976182245663072,0.00184897093560382,0.905299570416415,1.04846693648044,0.849477710925948,0.0459512324162882,0.49426203038089,1.19627848332063,0.860033345078836,0.00177785421214515,0.79010516587239,0.931186186896208,1.04336825687557,0.00162696688958547,0.979209119665863,1.11048987145685,1.00418479246266,0.00153013921341334,0.942666576658009,1.06831446530582
"ind-large","halfcauchy",2,"continuous",29,175,3797369,7809725,1,1,1,1,1.00028369132167,0.954841325145605,1.00086892702581,1.00028369132167,0.978029615121547,0.083664918115145,0.499814679235901,1.43788357757063,0.977499885021033,0.00157431670277657,0.911587879513469,1.0445350436184,0.963961848597773,0.0675831394010129,0.53995896886563,1.39057261124956,0.966162904122277,0.00190971288046645,0.893905503759664,1.03940439662621,1.02476166137381,0.0408719983162291,0.698908172458523,1.36451548855118,1.03617850918043,0.00179164716576794,0.967414887274977,1.10845535305937,1.02412659181371,0.00165813315772676,0.958697964056398,1.0911885895383,0.993625350928254,0.00157750287843872,0.931533247644213,1.05870503473961
"ind-large","halfcauchy",2,"continuous",29,176,3797369,8431623,1,1,1,1,1.00028369132167,0.954841325145605,1.00086892702581,1.00028369132167,1.02088545201193,0.102202572434966,0.48930157120692,1.54179164656347,1.01995654523869,0.00160259969044461,0.952379731047008,1.08552755689997,0.960438383160918,0.0739275353600361,0.512784008181589,1.42262702381943,0.961779247608556,0.00190317769454559,0.890671647419897,1.03479960025612,0.983165084210148,0.0548637984150626,0.609506992314834,1.35997264783396,0.995557499431438,0.0018555978452581,0.92401235390405,1.0675514843282,0.93905019374458,0.0016453593794377,0.874518417238575,1.00634760172258,0.915830679525093,0.0015538296235983,0.853894033657656,0.980122596832639
"ind-large","halfcauchy",2,"continuous",29,177,3797369,5262128,1,1,1,1,1.00028369132167,0.954841325145605,1.00086892702581,1.00028369132167,0.97083047775158,0.0917715545758699,0.472413887598538,1.45643778385422,0.970213950515105,0.00148494628518217,0.906648116643323,1.03392319757938,0.9234605111598,0.0687935847236364,0.496773421496016,1.35357168125126,0.925306090047315,0.00184580502290761,0.854984263433075,0.997875219792536,1.02170801702481,0.0489019341293415,0.663933583363571,1.36944705246011,1.03390057565471,0.00173517748831708,0.9652318069878,1.10420833658816,0.959906734248957,0.00159465148872537,0.896392045139246,1.02597657858187,0.908785620289217,0.00150485282643985,0.847682823938858,0.972383214511481
"ind-large","halfcauchy",2,"continuous",29,178,3797369,11093561,1,1,1,1,1.00028369132167,0.954841325145605,1.00086892702581,1.00028369132167,1.02558826595831,0.0958273817270238,0.516535726178054,1.52697599620996,1.02555342152366,0.00154164194176358,0.957910468082987,1.08856782526419,0.982882477774265,0.0667372866261765,0.552164636156279,1.41126865688672,0.982910505707263,0.00181998635827242,0.913130941861145,1.05375289340354,1.02118205300532,0.055370914940937,0.644853607120155,1.40185642663703,1.03367355397414,0.00185511484398416,0.962826876180243,1.10530659576566,0.998292594163113,0.00166115836731841,0.933121679053474,1.06540102890289,0.971696387466455,0.00158738498324985,0.909444668195651,1.03698700525768
"ind-large","halfcauchy",2,"continuous",29,179,3797369,13182332,1,1,1,1,1.00028369132167,0.954841325145605,1.00086892702581,1.00028369132167,1.03924195018215,0.0950162953917196,0.522314659433622,1.53654213912816,1.03816552586573,0.00159170205259637,0.9711847141097,1.10314162722213,1.02654637887827,0.0678020388461503,0.596468498466757,1.44720340209456,1.02757306675329,0.00193224544931468,0.956250093036074,1.10174168043283,1.07146566525538,0.0524114617478843,0.713423463625079,1.44266665150391,1.08441268952657,0.0018840407336767,1.01287734134835,1.15813331190222,0.946960308777128,0.0016505147830519,0.882201188033929,1.01404805514915,0.911997661575051,0.00156895209471403,0.850963009442479,0.976744121080404
"ind-large","halfcauchy",2,"continuous",29,180,3797369,7663726,1,1,1,1,1.00028369132167,0.954841325145605,1.00086892702581,1.00028369132167,1.02313937128336,0.0898700091901733,0.530415471171512,1.50813501296489,1.02300702137868,0.00146295153333405,0.959715149256883,1.08595456387105,1.03242052909143,0.0625149351716101,0.619892823055127,1.44786032982687,1.03329075118528,0.00176436337197969,0.964497692533117,1.10505420534077,0.989059886786089,0.0518807777679729,0.626798969720625,1.35395662828308,1.00144602218507,0.00170248379143511,0.934050427639033,1.0725073734428,1.0234017308044,0.00156087278624386,0.960699106904693,1.08820101924566,1.00485843851282,0.00146958680158601,0.944179349392579,1.06788163815308
"ind-large","halfcauchy",2,"continuous",29,181,3797369,8933455,1,1,1,1,1.00028369132167,0.954841325145605,1.00086892702581,1.00028369132167,0.948097319560334,0.0942946254489423,0.452181682151202,1.45441845190045,0.94694013087351,0.00154672201495985,0.881284235427884,1.01204466862775,0.918964700533243,0.0692394448373932,0.479919243026352,1.35596447884823,0.920801429956131,0.00187340686367977,0.850576689096153,0.994328803744985,0.955797582356945,0.0514970601089251,0.587072563534954,1.32395422862185,0.968523428183045,0.00180815577178252,0.898325014450023,1.0395577075674,1.04114373343081,0.00163616850281244,0.976814324730515,1.10807271456729,0.999519786521302,0.00155689694109067,0.937832288121557,1.06394133591496
"ind-large","halfcauchy",2,"continuous",29,182,3797369,5901110,1,1,1,1,1.00028369132167,0.954841325145605,1.00086892702581,1.00028369132167,0.939712062679432,0.0862143529369466,0.459666660232544,1.41551869114832,0.938174474558623,0.00159055618780044,0.870519733929448,1.00307891526741,0.993030918527905,0.068307769346605,0.564506802168014,1.41942354910058,0.996031976711297,0.00193418288648441,0.92388931465691,1.07006960015457,0.961076111156762,0.0427214452277466,0.622248229397075,1.29918027337086,0.971576278133781,0.00187241866183034,0.900137035438771,1.04526660091383,1.03047294920246,0.00167444277856233,0.965464771212171,1.09864633696871,0.981335210124695,0.00160514751834941,0.918835495232042,1.04672879461048
"ind-large","halfcauchy",2,"continuous",29,183,3797369,1662250,1,1,1,1,1.00028369132167,0.954841325145605,1.00086892702581,1.00028369132167,0.942003456413882,0.0991740075374898,0.418829589967982,1.45033854246546,0.940769996040634,0.00146587239321273,0.876622756580857,1.00376961033305,0.923137569007977,0.0752909778713621,0.46706331221472,1.38797262991825,0.924354850432584,0.00181624961092555,0.855086781994064,0.995725667009896,0.967934191123495,0.0487632972267683,0.603395073547914,1.32384167349772,0.980154893135065,0.00172026346403549,0.912855726772869,1.05128891591058,0.995688606054926,0.0015516192515743,0.932669841757898,1.06098389928449,0.947176308006671,0.00146839300230217,0.887199939818662,1.00976201326738
"ind-large","halfcauchy",2,"continuous",29,184,3797369,11975069,1,1,1,1,1.00028369132167,0.954841325145605,1.00086892702581,1.00028369132167,1.00123128869025,0.0957250367161337,0.477973526534057,1.50066962813506,1.00178034199254,0.00157523873437753,0.936047378417575,1.06626308435112,1.06637551075254,0.0673508888521255,0.641815769768111,1.50081426783268,1.06970765391796,0.00197971960588978,0.996735497923543,1.14414940313878,0.9552662613118,0.0549949130882478,0.580342235269383,1.32889983469322,0.96813524353299,0.00186131111849712,0.898019645986789,1.04226922789001,1.03192631098656,0.00171328928033718,0.96590892423034,1.10012428971307,0.980569187045398,0.00162394664619607,0.917371890523715,1.04679991877208
"ind-large","halfcauchy",2,"continuous",29,185,3797369,7746264,1,1,1,1,1.00028369132167,0.954841325145605,1.00086892702581,1.00028369132167,1.03592812931755,0.0997626864294062,0.502899117179647,1.55714067159124,1.03428886041374,0.00167876290331481,0.964981167388133,1.10204832874457,1.01810027951968,0.0770787865323168,0.563713851015779,1.4858967413668,1.02189028238711,0.00209716331134925,0.947474930332522,1.10013588141149,0.954152078965941,0.0503607188782752,0.583301279393146,1.32035328347246,0.965141855096179,0.00196272476620536,0.891683524111261,1.03988741322074,0.97661301271411,0.00178585855717569,0.909250896271295,1.04663635101217,0.931959758271909,0.00169707966556204,0.867895425619725,0.999790744363427
"ind-large","halfcauchy",2,"continuous",29,186,3797369,12804495,1,1,1,1,1.00028369132167,0.954841325145605,1.00086892702581,1.00028369132167,0.987834688493582,0.0952036909098251,0.480434044064661,1.48637426928307,0.987194314441465,0.00169796204325991,0.918263152724995,1.05538391281756,0.949788628900987,0.0697419730029216,0.513623361270783,1.3861030033332,0.95064218612708,0.00204730404239862,0.876616603816682,1.02624912312451,0.947110444992772,0.0534829316203028,0.577094514581391,1.31418175208423,0.960197299612937,0.00197435045640769,0.887562059258615,1.03480404921497,0.969820746461833,0.00178740884577825,0.902454810981285,1.0398599122559,0.93625497634456,0.00169681292709336,0.871530951299823,1.00345086046312
"ind-large","halfcauchy",2,"continuous",29,187,3797369,5210258,1,1,1,1,1.00028369132167,0.954841325145605,1.00086892702581,1.00028369132167,0.960739945966868,0.0973627243802533,0.44157342323362,1.46080063723831,0.959688947329601,0.00155635324153413,0.893982283846998,1.02405207475323,0.865253796746744,0.070230424648761,0.43468598527412,1.30357718128549,0.867103176837647,0.00185462444796578,0.794802060760087,0.939128166440845,0.942951001492987,0.0539932173259169,0.570444796680212,1.31493080217355,0.955138708220203,0.00184935013652161,0.884464501363369,1.02823320482592,1.05741347424224,0.00164862456347276,0.992676732977488,1.12468388445113,0.999693206690279,0.00156832059952491,0.937658189260994,1.06445158783645
"ind-large","halfcauchy",2,"continuous",29,188,3797369,5523994,1,1,1,1,1.00028369132167,0.954841325145605,1.00086892702581,1.00028369132167,0.99578766063141,0.0955434669593615,0.487452643841909,1.49379771962672,0.995707486756363,0.00164324190980152,0.926799796513629,1.06360193975926,1.02372190340285,0.0742111231147091,0.578449558414167,1.4856938266121,1.02570131202163,0.00197719112451628,0.952208104373752,1.10114382851367,1.06155400716341,0.0469898474246191,0.708433358863697,1.41122433760475,1.07397083301051,0.00189157283350905,1.00276727130025,1.14621187527106,1.04175780699541,0.00171329710230673,0.975813772129032,1.11043857185204,0.993011930868639,0.00162044502177276,0.930165934893929,1.05858276369933
"ind-large","halfcauchy",2,"continuous",29,189,3797369,13569972,1,1,1,1,1.00028369132167,0.954841325145605,1.00086892702581,1.00028369132167,1.00560176517735,0.0975831721492705,0.479785082537254,1.51100903697674,1.00406259196614,0.00161719646474071,0.935804420667774,1.07127777136491,1.05020958778939,0.0742336663308932,0.602971750260751,1.50661315826928,1.0539639803429,0.00196630134789454,0.981775336217206,1.12812193674251,1.00670185776193,0.0507771254662421,0.637632861362608,1.36694306582879,1.01822226885368,0.00192095775404215,0.946624026787741,1.0912812043875,0.966375234420995,0.00169718139573138,0.900612807238649,1.0344641495137,0.922036995273731,0.00160783737929926,0.858997688639562,0.987504485908032
"ind-large","halfcauchy",2,"continuous",29,190,3797369,16762279,1,1,1,1,1.00028369132167,0.954841325145605,1.00086892702581,1.00028369132167,1.03146993392722,0.102544920404767,0.494728448437595,1.5424269546854,1.03029927100831,0.00144218057613261,0.966431944400716,1.09322443891966,0.988943987146778,0.0748503332467084,0.54216599780721,1.45116336354147,0.990383696577797,0.00175729353144381,0.921927040914136,1.06080271612227,1.06406243891703,0.0542150100278224,0.690806939617515,1.44251043546913,1.07645208769845,0.00171557464515299,1.00698360370861,1.14490520916689,0.985887166828115,0.00154410476069835,0.922950908800153,1.05093433677984,0.960898098453693,0.0014578617769051,0.901186500482034,1.02349996993279
"ind-large","halfcauchy",2,"continuous",29,191,3797369,10020400,1,1,1,1,1.00028369132167,0.954841325145605,1.00086892702581,1.00028369132167,0.964292515556218,0.0979275202939615,0.439608703818651,1.47925473184606,0.96402412713227,0.0017020655010647,0.89566705961406,1.03062969862578,0.974045665272508,0.0696066115782614,0.52778635526234,1.41820024215499,0.975441229173248,0.00207648622526438,0.900556860931212,1.05176898998209,0.943804408398826,0.0553199382538168,0.562045284761356,1.32433860379674,0.956819362058115,0.00199961292187414,0.882813892565107,1.03137305467024,1.01959789530032,0.00179102494748871,0.952243353923362,1.08970597248787,0.98787536282686,0.00170008361870903,0.923763777310772,1.05498842113887
"ind-large","halfcauchy",2,"continuous",29,192,3797369,9759592,1,1,1,1,1.00028369132167,0.954841325145605,1.00086892702581,1.00028369132167,0.990975944728362,0.0989592481293592,0.47259504628502,1.4992925876946,0.989775419577992,0.00162415691954639,0.923205555103702,1.05627379508499,0.973343316887933,0.0721816450212404,0.52705957471142,1.4186214260267,0.975154610795047,0.00193651497907238,0.90315332712767,1.04909843689508,0.996415310757334,0.0537941320468483,0.62433696486607,1.37110094006664,1.00808511391916,0.00192175178057893,0.935946410314709,1.08130123988456,0.98796996503189,0.00171718469499868,0.921819179537353,1.05646412375213,0.959592570197102,0.00162998863417173,0.896565416011225,1.02597502891494
"ind-large","halfcauchy",2,"continuous",29,193,3797369,14973782,1,1,1,1,1.00028369132167,0.954841325145605,1.00086892702581,1.00028369132167,1.00322491244941,0.100039582481612,0.478633945925114,1.51046236577667,1.00271629886639,0.00156836989984361,0.937171691727167,1.06777183364766,0.966772219474444,0.0722981582688482,0.526724808740367,1.40797818044587,0.969395967169071,0.00192692896355497,0.897011630450436,1.04237824568895,1.0662616970424,0.0550029496563363,0.690625998972212,1.44190107029971,1.07944381771948,0.00190556979161818,1.00702371200469,1.15368263930926,0.961496310498515,0.00166298573347393,0.896184573612295,1.02854464245721,0.902469268341111,0.00158554461790679,0.840699320171904,0.96778433399956
"ind-large","halfcauchy",2,"continuous",29,194,3797369,2012265,1,1,1,1,1.00028369132167,0.954841325145605,1.00086892702581,1.00028369132167,0.96130121883087,0.0921751057252555,0.459332818606464,1.45488016664695,0.959866832085826,0.00161286072339264,0.891509092693352,1.02516493559942,1.05642339154529,0.0708093594652098,0.613682984986276,1.50079820649243,1.05963479839887,0.00190098717792673,0.986215656499576,1.13078279880451,0.95286292481631,0.045767506569848,0.605746554490999,1.30022271885254,0.965110953602642,0.00184974967483452,0.894003660383493,1.03785749470822,0.980746315575119,0.001658371761151,0.915681802997206,1.04832259338557,0.935296546704398,0.00156719768222719,0.873243813124191,1.00049517953111
"ind-large","halfcauchy",2,"continuous",29,195,3797369,12637646,1,1,1,1,1.00028369132167,0.954841325145605,1.00086892702581,1.00028369132167,0.966581593452805,0.0919146145842936,0.472746363278504,1.46005216833797,0.965664909925887,0.00149291212560909,0.900346522564402,1.02947786854144,1.05528787730153,0.0717055585845305,0.616006621432695,1.50940755735791,1.05802521928379,0.00175092947064612,0.987846501429843,1.12715700315304,0.990940467152436,0.0458119264173306,0.638569381984742,1.34028636860781,1.00209098442076,0.00171859715638158,0.932989600955486,1.07106263136879,0.937719294130239,0.00152880434200189,0.875495684396929,1.00275687159839,0.887384740617783,0.00145505036840281,0.827827641213721,0.949885784718265
"ind-large","halfcauchy",2,"continuous",29,196,3797369,14976476,1,1,1,1,1.00028369132167,0.954841325145605,1.00086892702581,1.00028369132167,1.06750652341047,0.0998660860202431,0.538465948437518,1.57886043063813,1.06732408741181,0.00164837555152558,0.998500929369027,1.13573148403617,0.995072119697875,0.0757171460133373,0.543588230175252,1.44971992926492,0.997930394158976,0.00205286094174051,0.924555107755719,1.07272906756243,0.981980692260235,0.0510698704597986,0.616413144879027,1.34868375006795,0.994380691349712,0.00198546977667502,0.922370570281582,1.07092775356354,0.981057862761268,0.00176253238891668,0.914273545652699,1.0506533854503,0.944843903699429,0.00167380959656837,0.8811195057684,1.01179740326397
"ind-large","halfcauchy",2,"continuous",29,197,3797369,3933682,1,1,1,1,1.00028369132167,0.954841325145605,1.00086892702581,1.00028369132167,0.980727575624457,0.0931901553651991,0.476734524428715,1.478267998436,0.979008225426502,0.00163606174952791,0.909742132655755,1.04515122248468,1.03611315018262,0.0682038302961434,0.609495961358156,1.46312226287466,1.04038107780714,0.00206569734050989,0.967082993601216,1.11805814478866,0.955431899090397,0.050472920523757,0.592889772737152,1.32313482758838,0.968236303649444,0.00194054360751038,0.89667738320709,1.04220716308599,0.935218220566247,0.00175792941792371,0.868863354155746,1.00446600581365,0.888394157896,0.00166328874164796,0.824871302751051,0.955326422257143
"ind-large","halfcauchy",2,"continuous",29,198,3797369,5465304,1,1,1,1,1.00028369132167,0.954841325145605,1.00086892702581,1.00028369132167,1.06601232149999,0.0871747890762476,0.572404347089541,1.54656068044472,1.06560880567866,0.00166826927002135,1.00031201227145,1.13309474274139,0.863701031292824,0.0585192926735231,0.469506136138611,1.26679245766018,0.864858236280845,0.00207094833268347,0.790388018839527,0.942067288613178,1.01580807567796,0.0524302559294514,0.645192317746841,1.38480124194364,1.02923222249608,0.00206056952838358,0.95488463158683,1.10541376716469,0.985382364541869,0.00183918159633519,0.917248351513031,1.05614062142467,0.953191082981256,0.00172938412530221,0.887827680684879,1.0203694728247
"ind-large","halfcauchy",2,"continuous",29,199,3797369,465283,1,1,1,1,1.00028369132167,0.954841325145605,1.00086892702581,1.00028369132167,1.02803350500657,0.0917711473407307,0.522019278297183,1.509152877634,1.02843415493865,0.00171303043248696,0.959449822155102,1.09630866502648,1.00186042886608,0.0687968873389867,0.568351154143922,1.44336387007562,1.00459900840171,0.00203635490267055,0.93089790251189,1.08015455410905,0.986310821588921,0.0500423201065052,0.619703267494128,1.34735851224544,0.998872743487309,0.00197790540543198,0.926969598257527,1.07514253432072,0.96935149880903,0.00181053856853963,0.901701840276495,1.03952484279932,0.935186646611666,0.00171547457418261,0.870155456690964,1.002002502542
"ind-large","halfcauchy",2,"continuous",29,200,3797369,6037595,1,1,1,1,1.00028369132167,0.954841325145605,1.00086892702581,1.00028369132167,1.03266460189655,0.0939815769424607,0.527654265994093,1.52669369832142,1.03306559028564,0.00165253458925588,0.963969756526459,1.09921503047413,1.08232381382849,0.0671354923240941,0.653436944163573,1.5012096454133,1.08576561088079,0.00196190629638933,1.01358127293254,1.1619816203531,0.975672613179801,0.0530264783166573,0.604798974295937,1.34908339780384,0.98759921491485,0.00190843948490067,0.915427291390685,1.0605846242808,0.975157065453392,0.00173333898600247,0.909206057225261,1.04363520856699,0.922938020869713,0.00163699151597751,0.859757665745748,0.989252560642452
