"excessvar","re.type","num.re","response","run","rep","design.seed","error.seed","beta_int_true","beta_row_true","beta_col_true","beta_dyad_true","delta_int_true","delta_row_true","delta_col_true","delta_dyad_true","beta_int_mean","beta_int_var","beta_int_5q","beta_int_95q","delta_int_mean","delta_int_var","delta_int_5q","delta_int_95q","beta_row_mean","beta_row_var","beta_row_5q","beta_row_95q","delta_row_mean","delta_row_var","delta_row_5q","delta_row_95q","beta_col_mean","beta_col_var","beta_col_5q","beta_col_95q","delta_col_mean","delta_col_var","delta_col_5q","delta_col_95q","beta_dyad_mean","beta_dyad_var","beta_dyad_5q","beta_dyad_95q","delta_dyad_mean","delta_dyad_var","delta_dyad_5q","delta_dyad_95q"
"high-small","none",1,"continuous",90,1,1156497,11838381,1,1,1,1,0.693705279835161,0.995196037000922,1.52396829271068,0.693705279835161,0.727332830012245,0.00131355386406485,0.666479252261136,0.785361595294057,0.727332830012245,0.00131355386406485,0.666479252261136,0.785361595294057,1.44349276661069,0.00182560368602913,1.37307183453769,1.51357392866672,1.44349276661069,0.00182560368602913,1.37307183453769,1.51357392866672,1.01898602380264,0.00110315709689726,0.964853068512701,1.07531657417903,1.01898602380264,0.00110315709689726,0.964853068512701,1.07531657417903,1.01253968822734,0.00132987777232009,0.951535896149547,1.07323407612781,1.01253968822734,0.00132987777232009,0.951535896149547,1.07323407612781
"high-small","none",1,"continuous",90,2,1156497,11786267,1,1,1,1,0.693705279835161,0.995196037000922,1.52396829271068,0.693705279835161,0.662808150592801,0.00144687715754467,0.598940867294874,0.723710846475743,0.662808150592801,0.00144687715754467,0.598940867294874,0.723710846475743,1.56431084176973,0.00201087852666332,1.49040306364509,1.63786308838213,1.56431084176973,0.00201087852666332,1.49040306364509,1.63786308838213,1.01445045877368,0.0012151089287087,0.957637067810877,1.07357025347616,1.01445045877368,0.0012151089287087,0.957637067810877,1.07357025347616,0.942078036877198,0.00146483955990085,0.878053187894314,1.0057773838242,0.942078036877198,0.00146483955990085,0.878053187894314,1.0057773838242
"high-small","none",1,"continuous",90,3,1156497,2205797,1,1,1,1,0.693705279835161,0.995196037000922,1.52396829271068,0.693705279835161,0.691511960591131,0.00145659506640088,0.627430632528564,0.752618566083654,0.691511960591131,0.00145659506640088,0.627430632528564,0.752618566083654,1.4848049656831,0.00202436031509364,1.41064972581504,1.55860321904191,1.4848049656831,0.00202436031509364,1.41064972581504,1.55860321904191,0.952462250124616,0.00122325655670401,0.895458657472445,1.01177968025815,0.952462250124616,0.00122325655670401,0.895458657472445,1.01177968025815,1.02580472888744,0.00147465874296406,0.961566084325453,1.0897179708584,1.02580472888744,0.00147465874296406,0.961566084325453,1.0897179708584
"high-small","none",1,"continuous",90,4,1156497,2701669,1,1,1,1,0.693705279835161,0.995196037000922,1.52396829271068,0.693705279835161,0.670573176093603,0.00146157112679734,0.606382433108882,0.731784214184893,0.670573176093603,0.00146157112679734,0.606382433108882,0.731784214184893,1.52119784815232,0.00203128686117828,1.44691588935957,1.5951222912013,1.52119784815232,0.00203128686117828,1.44691588935957,1.5951222912013,0.991322073096857,0.00122744169565543,0.934221089301232,1.05074108940162,0.991322073096857,0.00122744169565543,0.934221089301232,1.05074108940162,0.988668645005429,0.00147970541907896,0.924319971304985,1.05269079964064,0.988668645005429,0.00147970541907896,0.924319971304985,1.05269079964064
"high-small","none",1,"continuous",90,5,1156497,16552763,1,1,1,1,0.693705279835161,0.995196037000922,1.52396829271068,0.693705279835161,0.660196671843982,0.00155570638504623,0.593971008706384,0.72334819014357,0.660196671843982,0.00155570638504623,0.593971008706384,0.72334819014357,1.58009812436531,0.00216212375275181,1.50346122370966,1.65636613640186,1.58009812436531,0.00216212375275181,1.50346122370966,1.65636613640186,1.03854923926618,0.00130650242118749,0.979637991578707,1.09985205760899,1.03854923926618,0.00130650242118749,0.979637991578707,1.09985205760899,1.01537133004733,0.00157501508872346,0.94898256227119,1.08142308747354,1.01537133004733,0.00157501508872346,0.94898256227119,1.08142308747354
"high-small","none",1,"continuous",90,6,1156497,984766,1,1,1,1,0.693705279835161,0.995196037000922,1.52396829271068,0.693705279835161,0.669414265103333,0.00135752818759306,0.607550417632379,0.728406455600767,0.669414265103333,0.00135752818759306,0.607550417632379,0.728406455600767,1.54439262620722,0.00188672797389924,1.4728026935596,1.61563774010274,1.54439262620722,0.00188672797389924,1.4728026935596,1.61563774010274,1.01760021757714,0.0011400906847796,0.962568475132636,1.0748656840373,1.01760021757714,0.0011400906847796,0.962568475132636,1.0748656840373,0.982908576487123,0.00137440317584079,0.920891729061398,1.04461031141451,0.982908576487123,0.00137440317584079,0.920891729061398,1.04461031141451
"high-small","none",1,"continuous",90,7,1156497,11866910,1,1,1,1,0.693705279835161,0.995196037000922,1.52396829271068,0.693705279835161,0.686805384704574,0.00143867237159242,0.623119486529151,0.747535043432925,0.686805384704574,0.00143867237159242,0.623119486529151,0.747535043432925,1.54617067848551,0.00199947516989884,1.47247274147192,1.61951397774798,1.54617067848551,0.00199947516989884,1.47247274147192,1.61951397774798,0.994256476551497,0.00120821879994628,0.937604355325058,1.05320822985694,0.994256476551497,0.00120821879994628,0.937604355325058,1.05320822985694,0.97983924439411,0.00145653240864397,0.915996354687046,1.04335795061249,0.97983924439411,0.00145653240864397,0.915996354687046,1.04335795061249
"high-small","none",1,"continuous",90,8,1156497,15226004,1,1,1,1,0.693705279835161,0.995196037000922,1.52396829271068,0.693705279835161,0.705017082013457,0.00143672047289311,0.641374431262141,0.765705414384134,0.705017082013457,0.00143672047289311,0.641374431262141,0.765705414384134,1.52903645087587,0.00199678118507382,1.45538807882155,1.602329803724,1.52903645087587,0.00199678118507382,1.45538807882155,1.602329803724,1.02547646588057,0.00120659342645212,0.968862442488928,1.08438844702503,1.02547646588057,0.00120659342645212,0.968862442488928,1.08438844702503,1.05858345523881,0.00145457207797853,0.994783765887578,1.12205961946252,1.05858345523881,0.00145457207797853,0.994783765887578,1.12205961946252
"high-small","none",1,"continuous",90,9,1156497,2598543,1,1,1,1,0.693705279835161,0.995196037000922,1.52396829271068,0.693705279835161,0.689374096771604,0.00149210351802366,0.624516391572326,0.751221042293094,0.689374096771604,0.00149210351802366,0.624516391572326,0.751221042293094,1.49002181572724,0.00207370287419525,1.41496825395042,1.56471409223255,1.49002181572724,0.00207370287419525,1.41496825395042,1.56471409223255,0.958990171654263,0.00125307250794996,0.901296068501113,1.01902624350448,0.958990171654263,0.00125307250794996,0.901296068501113,1.01902624350448,1.02919960415178,0.0015106023356501,0.964182791344811,1.09388710512304,1.02919960415178,0.0015106023356501,0.964182791344811,1.09388710512304
"high-small","none",1,"continuous",90,10,1156497,6153338,1,1,1,1,0.693705279835161,0.995196037000922,1.52396829271068,0.693705279835161,0.704528193694477,0.00155396363674523,0.638339730885319,0.767644081769343,0.704528193694477,0.00155396363674523,0.638339730885319,0.767644081769343,1.47794673359367,0.00215965200675913,1.40135353491898,1.55417130274081,1.47794673359367,0.00215965200675913,1.40135353491898,1.55417130274081,0.942285395550142,0.00130500838470185,0.883407818868983,1.0035530213168,0.942285395550142,0.00130500838470185,0.883407818868983,1.0035530213168,1.04716012862443,0.00157321102371869,0.980809742214733,1.11317480474942,1.04716012862443,0.00157321102371869,0.980809742214733,1.11317480474942
"high-small","none",1,"continuous",90,11,1156497,3115231,1,1,1,1,0.693705279835161,0.995196037000922,1.52396829271068,0.693705279835161,0.682811636191829,0.00151681028710214,0.617419141308648,0.74516863839363,0.682811636191829,0.00151681028710214,0.617419141308648,0.74516863839363,1.52276065128752,0.00210803641585269,1.44708837889914,1.59806895586801,1.52276065128752,0.00210803641585269,1.44708837889914,1.59806895586801,0.973092546238866,0.00127381789963433,0.91492285542344,1.0336237110236,0.973092546238866,0.00127381789963433,0.91492285542344,1.0336237110236,0.985673296343678,0.0015356124101155,0.920120274218532,1.05089382479092,0.985673296343678,0.0015356124101155,0.920120274218532,1.05089382479092
"high-small","none",1,"continuous",90,12,1156497,12723458,1,1,1,1,0.693705279835161,0.995196037000922,1.52396829271068,0.693705279835161,0.704363187224662,0.00147930062550042,0.639784329488234,0.765944234327402,0.704363187224662,0.00147930062550042,0.639784329488234,0.765944234327402,1.47507725157758,0.00205593301174082,1.40034583421663,1.54944828125593,1.47507725157758,0.00205593301174082,1.40034583421663,1.54944828125593,1.02199097461415,0.00124233727346802,0.964544584191301,1.0817695415245,1.02199097461415,0.00124233727346802,0.964544584191301,1.0817695415245,1.06588563661086,0.00149766096420928,1.00114799655017,1.13029540513997,1.06588563661086,0.00149766096420928,1.00114799655017,1.13029540513997
"high-small","none",1,"continuous",90,13,1156497,5961731,1,1,1,1,0.693705279835161,0.995196037000922,1.52396829271068,0.693705279835161,0.708481768553379,0.00141259745360668,0.645375667959952,0.768658582119328,0.708481768553379,0.00141259745360668,0.645375667959952,0.768658582119328,1.60189069460035,0.00196325757153799,1.52886340671593,1.67456673798083,1.60189069460035,0.00196325757153799,1.52886340671593,1.67456673798083,0.99364387367305,0.00118633332985231,0.93750711947326,1.05205891659663,0.99364387367305,0.00118633332985231,0.93750711947326,1.05205891659663,0.971467068415568,0.00143014990879941,0.908204903294391,1.03440763124623,0.971467068415568,0.00143014990879941,0.908204903294391,1.03440763124623
"high-small","none",1,"continuous",90,14,1156497,7387405,1,1,1,1,0.693705279835161,0.995196037000922,1.52396829271068,0.693705279835161,0.665524387686838,0.00151200259616518,0.600235591961863,0.727782491595494,0.665524387686838,0.00151200259616518,0.600235591961863,0.727782491595494,1.55720982134043,0.00210138153291567,1.48165711725895,1.6323989087357,1.55720982134043,0.00210138153291567,1.48165711725895,1.6323989087357,1.00516764979639,0.00126979770399873,0.94708978887402,1.06560305761029,1.00516764979639,0.00126979770399873,0.94708978887402,1.06560305761029,1.01482530634837,0.00153076637919549,0.949375805940614,1.07994272233342,1.01482530634837,0.00153076637919549,0.949375805940614,1.07994272233342
"high-small","none",1,"continuous",90,15,1156497,10962483,1,1,1,1,0.693705279835161,0.995196037000922,1.52396829271068,0.693705279835161,0.718637966417666,0.00149122355484693,0.653799399373643,0.780466788087029,0.718637966417666,0.00149122355484693,0.653799399373643,0.780466788087029,1.56235540606541,0.00207249858743853,1.48732379254939,1.63702617819994,1.56235540606541,0.00207249858743853,1.48732379254939,1.63702617819994,0.980610753354726,0.00125234363484485,0.922933414132483,1.04062927110535,0.980610753354726,0.00125234363484485,0.922933414132483,1.04062927110535,0.986432083173486,0.00150972545906772,0.921433876293546,1.0511003436919,0.986432083173486,0.00150972545906772,0.921433876293546,1.0511003436919
"high-small","none",1,"continuous",90,16,1156497,7735309,1,1,1,1,0.693705279835161,0.995196037000922,1.52396829271068,0.693705279835161,0.671758279315341,0.00150510839157292,0.606618435289704,0.733874498386172,0.671758279315341,0.00150510839157292,0.606618435289704,0.733874498386172,1.48850693626536,0.00209178934660577,1.41312661386303,1.56352392712851,1.48850693626536,0.00209178934660577,1.41312661386303,1.56352392712851,1.08720140220312,0.00126400286350509,1.0292564341628,1.14749982537294,1.08720140220312,0.00126400286350509,1.0292564341628,1.14749982537294,0.952016233273154,0.00152378175849577,0.88671607343236,1.01698466996421,0.952016233273154,0.00152378175849577,0.88671607343236,1.01698466996421
"high-small","none",1,"continuous",90,17,1156497,7453751,1,1,1,1,0.693705279835161,0.995196037000922,1.52396829271068,0.693705279835161,0.687624749480541,0.00148958839733396,0.622821654084659,0.749419907141308,0.687624749480541,0.00148958839733396,0.622821654084659,0.749419907141308,1.56423112807055,0.00207022839306666,1.4892405507558,1.63886096234043,1.56423112807055,0.00207022839306666,1.4892405507558,1.63886096234043,1.04567409739094,0.00125097183407943,0.988028485792449,1.10566038385504,1.04567409739094,0.00125097183407943,0.988028485792449,1.10566038385504,0.912466600948163,0.00150807366901501,0.847503678266499,0.977099009680967,0.912466600948163,0.00150807366901501,0.847503678266499,0.977099009680967
"high-small","none",1,"continuous",90,18,1156497,1557780,1,1,1,1,0.693705279835161,0.995196037000922,1.52396829271068,0.693705279835161,0.687236179554553,0.00138018131387313,0.624858349801845,0.746718437622582,0.687236179554553,0.00138018131387313,0.624858349801845,0.746718437622582,1.54264369262133,0.0019181955081705,1.47045928415211,1.61448074315399,1.54264369262133,0.0019181955081705,1.47045928415211,1.61448074315399,0.963443873106779,0.00115910437833017,0.907955085734821,1.02118462756036,0.963443873106779,0.00115910437833017,0.907955085734821,1.02118462756036,0.994881058911347,0.00139732369860982,0.932349313914419,1.05709538929935,0.994881058911347,0.00139732369860982,0.932349313914419,1.05709538929935
"high-small","none",1,"continuous",90,19,1156497,9673549,1,1,1,1,0.693705279835161,0.995196037000922,1.52396829271068,0.693705279835161,0.642467021599315,0.0015067589430977,0.577291444284917,0.704617376946605,0.642467021599315,0.0015067589430977,0.577291444284917,0.704617376946605,1.47428395829115,0.00209403551141964,1.39886326464637,1.54934202153427,1.47428395829115,0.00209403551141964,1.39886326464637,1.54934202153427,1.00434057600327,0.00126535630043127,0.946364610832137,1.06467136430802,1.00434057600327,0.00126535630043127,0.946364610832137,1.06467136430802,0.86465474479425,0.00152541367122521,0.79931941616215,0.929657917803707,0.86465474479425,0.00152541367122521,0.79931941616215,0.929657917803707
"high-small","none",1,"continuous",90,20,1156497,5754387,1,1,1,1,0.693705279835161,0.995196037000922,1.52396829271068,0.693705279835161,0.734446352793601,0.00135187100117905,0.672711612435605,0.793315390040963,0.734446352793601,0.00135187100117905,0.672711612435605,0.793315390040963,1.50319405602005,0.00187885297264475,1.43175364084345,1.57429033169524,1.50319405602005,0.00187885297264475,1.43175364084345,1.57429033169524,0.98672269541226,0.00113533215931668,0.93180591933725,1.04386850540465,0.98672269541226,0.00113533215931668,0.93180591933725,1.04386850540465,1.00081289102796,0.00136866568518512,0.938925766437616,1.06238597063465,1.00081289102796,0.00136866568518512,0.938925766437616,1.06238597063465
"high-small","none",1,"continuous",90,21,1156497,11827345,1,1,1,1,0.693705279835161,0.995196037000922,1.52396829271068,0.693705279835161,0.708924727977904,0.00158004859915944,0.642182979785089,0.772568506120155,0.708924727977904,0.00158004859915944,0.642182979785089,0.772568506120155,1.58922859182529,0.00219594380183539,1.51199463559211,1.66609097846408,1.58922859182529,0.00219594380183539,1.51199463559211,1.66609097846408,1.05768572233629,0.0013269377256743,0.998315614278394,1.11946645855677,1.05768572233629,0.0013269377256743,0.998315614278394,1.11946645855677,0.960631746895309,0.00159965135733569,0.893725574761766,1.02719784303803,0.960631746895309,0.00159965135733569,0.893725574761766,1.02719784303803
"high-small","none",1,"continuous",90,22,1156497,8003886,1,1,1,1,0.693705279835161,0.995196037000922,1.52396829271068,0.693705279835161,0.686245878862971,0.00149143188886844,0.62140277713826,0.748078883973271,0.686245878862971,0.00149143188886844,0.62140277713826,0.748078883973271,1.53167019923534,0.0020727940675715,1.45663314810168,1.60634593768287,1.53167019923534,0.0020727940675715,1.45663314810168,1.60634593768287,0.977540198441702,0.00125252405959366,0.919858665635233,1.03756285744203,0.977540198441702,0.00125252405959366,0.919858665635233,1.03756285744203,1.06041904611972,0.00150994149110465,0.995416457280283,1.12509229130447,1.06041904611972,0.00150994149110465,0.995416457280283,1.12509229130447
"high-small","none",1,"continuous",90,23,1156497,11095814,1,1,1,1,0.693705279835161,0.995196037000922,1.52396829271068,0.693705279835161,0.673550083948283,0.00145221244173641,0.609565164150113,0.734564875955443,0.673550083948283,0.00145221244173641,0.609565164150113,0.734564875955443,1.48238137636515,0.00201827628165903,1.40833757302776,1.55606850846127,1.48238137636515,0.00201827628165903,1.40833757302776,1.55606850846127,1.01743909020601,0.00121958073987799,0.960521322968592,1.07666789914127,1.01743909020601,0.00121958073987799,0.960521322968592,1.07666789914127,0.98114353035832,0.00147022888594329,0.917001262823252,1.04496035872862,0.98114353035832,0.00147022888594329,0.917001262823252,1.04496035872862
"high-small","none",1,"continuous",90,24,1156497,14484133,1,1,1,1,0.693705279835161,0.995196037000922,1.52396829271068,0.693705279835161,0.651818702573527,0.00141315472608331,0.588700112348931,0.712007376238049,0.651818702573527,0.00141315472608331,0.588700112348931,0.712007376238049,1.56065977472629,0.00196400489794423,1.48761857784135,1.63334994677683,1.56065977472629,0.00196400489794423,1.48761857784135,1.63334994677683,0.943715510171361,0.00118678367451646,0.887568109037772,1.00214168451501,0.943715510171361,0.00118678367451646,0.887568109037772,1.00214168451501,0.951481455499915,0.00143069209736048,0.888207338620314,1.01443414795944,0.951481455499915,0.00143069209736048,0.888207338620314,1.01443414795944
"high-small","none",1,"continuous",90,25,1156497,48518,1,1,1,1,0.693705279835161,0.995196037000922,1.52396829271068,0.693705279835161,0.654441258742364,0.00149910535874537,0.589431493513807,0.716433319810396,0.654441258742364,0.00149910535874537,0.589431493513807,0.716433319810396,1.56112541321102,0.0020834558672171,1.48589567217634,1.63599321592158,1.56112541321102,0.0020834558672171,1.48589567217634,1.63599321592158,1.00344167060729,0.00125896527676513,0.945612076732935,1.06361879776975,1.00344167060729,0.00125896527676513,0.945612076732935,1.06361879776975,0.988427220078599,0.00151770816080536,0.923257390283437,1.05326617919996,0.988427220078599,0.00151770816080536,0.923257390283437,1.05326617919996
"high-small","none",1,"continuous",90,26,1156497,3499856,1,1,1,1,0.693705279835161,0.995196037000922,1.52396829271068,0.693705279835161,0.682614923668401,0.00143855818299574,0.61893151596661,0.743342336642385,0.682614923668401,0.00143855818299574,0.61893151596661,0.743342336642385,1.56114781125247,0.00199931495072189,1.48745283786099,1.63448831602872,1.56114781125247,0.00199931495072189,1.48745283786099,1.63448831602872,1.02227245979617,0.00120812117224603,0.965622695198491,1.08122216913757,1.02227245979617,0.00120812117224603,0.965622695198491,1.08122216913757,0.914482819564916,0.00145641619138841,0.850642232534495,0.977998629839901,0.914482819564916,0.00145641619138841,0.850642232534495,0.977998629839901
"high-small","none",1,"continuous",90,27,1156497,13818496,1,1,1,1,0.693705279835161,0.995196037000922,1.52396829271068,0.693705279835161,0.741829884039651,0.00148415797940831,0.677145106637267,0.803512115932174,0.741829884039651,0.00148415797940831,0.677145106637267,0.803512115932174,1.53977490013964,0.00206267077901545,1.46492134329929,1.61426843447732,1.53977490013964,0.00206267077901545,1.46492134329929,1.61426843447732,0.993142627222498,0.00124640491882255,0.93560227174897,1.05301898335177,0.993142627222498,0.00124640491882255,0.93560227174897,1.05301898335177,0.956482682564151,0.00150256658227085,0.891638700723299,1.02099736198156,0.956482682564151,0.00150256658227085,0.891638700723299,1.02099736198156
"high-small","none",1,"continuous",90,28,1156497,7955890,1,1,1,1,0.693705279835161,0.995196037000922,1.52396829271068,0.693705279835161,0.727114605016303,0.00155344791552072,0.660937094911949,0.790220184398725,0.727114605016303,0.00155344791552072,0.660937094911949,0.790220184398725,1.47254159715085,0.00215894040510699,1.39596093072948,1.54875346970708,1.47254159715085,0.00215894040510699,1.39596093072948,1.54875346970708,1.00486769086272,0.00130457895776239,0.945999928231775,1.06612584522919,1.00486769086272,0.00130457895776239,0.945999928231775,1.06612584522919,1.00563459981361,0.00157269470847362,0.939294934234918,1.07163812290483,1.00563459981361,0.00157269470847362,0.939294934234918,1.07163812290483
"high-small","none",1,"continuous",90,29,1156497,9664986,1,1,1,1,0.693705279835161,0.995196037000922,1.52396829271068,0.693705279835161,0.675665454010923,0.00146266531540977,0.611450693481535,0.736899386019917,0.675665454010923,0.00146266531540977,0.611450693481535,0.736899386019917,1.49887157452264,0.00203279618696062,1.42456199036718,1.57282353212737,1.49887157452264,0.00203279618696062,1.42456199036718,1.57282353212737,0.978767610563253,0.00122835353220847,0.921645439478151,1.0382087787191,0.978767610563253,0.00122835353220847,0.921645439478151,1.0382087787191,0.983547538390219,0.00148080430778157,0.919175007354421,1.04759355951337,0.983547538390219,0.00148080430778157,0.919175007354421,1.04759355951337
"high-small","none",1,"continuous",90,30,1156497,3627270,1,1,1,1,0.693705279835161,0.995196037000922,1.52396829271068,0.693705279835161,0.698014621480782,0.00154604746837131,0.631994933156085,0.760969720792313,0.698014621480782,0.00154604746837131,0.631994933156085,0.760969720792313,1.56168487870539,0.00214866521728624,1.48528697321458,1.63771573089178,1.56168487870539,0.00214866521728624,1.48528697321458,1.63771573089178,0.949194644083084,0.00129836706698834,0.890467049760152,1.01030605371987,0.949194644083084,0.00129836706698834,0.890467049760152,1.01030605371987,0.975477939716644,0.00156520714429036,0.909296173634409,1.04132388242983,0.975477939716644,0.00156520714429036,0.909296173634409,1.04132388242983
"high-small","none",1,"continuous",90,31,1156497,8680713,1,1,1,1,0.693705279835161,0.995196037000922,1.52396829271068,0.693705279835161,0.664771115354964,0.00145486299209151,0.600727853687212,0.725841535109201,0.664771115354964,0.00145486299209151,0.600727853687212,0.725841535109201,1.61656935095589,0.00202201053267143,1.54245733159839,1.69032453492016,1.61656935095589,0.00202201053267143,1.54245733159839,1.69032453492016,1.03716493101716,0.00122183733933215,0.98019435672968,1.0964476767971,1.03716493101716,0.00122183733933215,0.98019435672968,1.0964476767971,1.02403449423948,0.00147295041153449,0.959832775544635,1.08791001182596,1.02403449423948,0.00147295041153449,0.959832775544635,1.08791001182596
"high-small","none",1,"continuous",90,32,1156497,5906404,1,1,1,1,0.693705279835161,0.995196037000922,1.52396829271068,0.693705279835161,0.650729433483696,0.00143005196115941,0.587234644413178,0.711276741044561,0.650729433483696,0.00143005196115941,0.587234644413178,0.711276741044561,1.53465585707885,0.00198746828636279,1.46117966044123,1.60777911308858,1.53465585707885,0.00198746828636279,1.46117966044123,1.60777911308858,0.887251288978942,0.00120096119184731,0.830769454739864,0.946025138143989,0.887251288978942,0.00120096119184731,0.830769454739864,0.946025138143989,0.978711800975457,0.00144778195928975,0.915061060988526,1.04203973715246,0.978711800975457,0.00144778195928975,0.915061060988526,1.04203973715246
"high-small","none",1,"continuous",90,33,1156497,2235585,1,1,1,1,0.693705279835161,0.995196037000922,1.52396829271068,0.693705279835161,0.71568087732623,0.00147202028472664,0.651261144706531,0.777110234576434,0.71568087732623,0.00147202028472664,0.651261144706531,0.777110234576434,1.53808165360262,0.00204582500658388,1.46353435038434,1.61226992622586,1.53808165360262,0.00204582500658388,1.46353435038434,1.61226992622586,1.00346263935149,0.00123622776280388,0.946157607792378,1.06309369850389,1.00346263935149,0.00123622776280388,0.946157607792378,1.06309369850389,1.04020045619055,0.00149029675238514,0.975622012084819,1.10445142460188,1.04020045619055,0.00149029675238514,0.975622012084819,1.10445142460188
"high-small","none",1,"continuous",90,34,1156497,6777394,1,1,1,1,0.693705279835161,0.995196037000922,1.52396829271068,0.693705279835161,0.714812071486229,0.00137474842032914,0.652557157242352,0.774177122097554,0.714812071486229,0.00137474842032914,0.652557157242352,0.774177122097554,1.52151411354316,0.00191063860278863,1.44947200309494,1.59320952015204,1.52151411354316,0.00191063860278863,1.44947200309494,1.59320952015204,0.95714656758384,0.00115453801487319,0.901767206816375,1.01477355049389,0.95714656758384,0.00115453801487319,0.901767206816375,1.01477355049389,0.992197794123237,0.00139181860734588,0.929789382717273,1.05428952082012,0.992197794123237,0.00139181860734588,0.929789382717273,1.05428952082012
"high-small","none",1,"continuous",90,35,1156497,12637412,1,1,1,1,0.693705279835161,0.995196037000922,1.52396829271068,0.693705279835161,0.695270931176214,0.001534993287676,0.629487647714231,0.758000586961611,0.695270931176214,0.001534993287676,0.629487647714231,0.758000586961611,1.50503341189654,0.00213331332117384,1.42890868600155,1.58079153851754,1.50503341189654,0.00213331332117384,1.42890868600155,1.58079153851754,1.01937498241257,0.001289093569776,0.960857606053136,1.08026831019389,1.01937498241257,0.001289093569776,0.960857606053136,1.08026831019389,1.00910229143393,0.00155402741564086,0.94315745498582,1.07471274943382,1.00910229143393,0.00155402741564086,0.94315745498582,1.07471274943382
"high-small","none",1,"continuous",90,36,1156497,1086213,1,1,1,1,0.693705279835161,0.995196037000922,1.52396829271068,0.693705279835161,0.669407807772311,0.0016152035395653,0.601927618376128,0.733755743129608,0.669407807772311,0.0016152035395653,0.601927618376128,0.733755743129608,1.50479176640959,0.00224474253213607,1.42670419894468,1.58250380601787,1.50479176640959,0.00224474253213607,1.42670419894468,1.58250380601787,1.02063111858664,0.00135642390070389,0.960605115010529,1.08309509482849,1.02063111858664,0.00135642390070389,0.960605115010529,1.08309509482849,0.922741577239561,0.00163519653876034,0.855096175532136,0.99004348143869,0.922741577239561,0.00163519653876034,0.855096175532136,0.99004348143869
"high-small","none",1,"continuous",90,37,1156497,11094476,1,1,1,1,0.693705279835161,0.995196037000922,1.52396829271068,0.693705279835161,0.668905400007109,0.0015387563431148,0.603041518406695,0.731711880176953,0.668905400007109,0.0015387563431148,0.603041518406695,0.731711880176953,1.50322395731739,0.00213853288293607,1.42700619275941,1.57907487809048,1.50322395731739,0.00213853288293607,1.42700619275941,1.57907487809048,0.991113228747387,0.0012922467957746,0.932524301804861,1.05208087007613,0.991113228747387,0.0012922467957746,0.932524301804861,1.05208087007613,1.00513697226171,0.00155782835763882,0.939111552037424,1.07082770298892,1.00513697226171,0.00155782835763882,0.939111552037424,1.07082770298892
"high-small","none",1,"continuous",90,38,1156497,10955777,1,1,1,1,0.693705279835161,0.995196037000922,1.52396829271068,0.693705279835161,0.661268240034589,0.00137944110220533,0.598907091905515,0.720734620718683,0.661268240034589,0.00137944110220533,0.598907091905515,0.720734620718683,1.53853706788582,0.00191717818722049,1.46637171901182,1.61035478566478,1.53853706788582,0.00191717818722049,1.46637171901182,1.61035478566478,1.01779555867397,0.00115849091220763,0.962321513621106,1.07552131766599,1.01779555867397,0.00115849091220763,0.962321513621106,1.07552131766599,0.99788284505117,0.00139658465535583,0.935367611168178,1.0600805917343,0.99788284505117,0.00139658465535583,0.935367611168178,1.0600805917343
"high-small","none",1,"continuous",90,39,1156497,652825,1,1,1,1,0.693705279835161,0.995196037000922,1.52396829271068,0.693705279835161,0.639920303602151,0.00144592330554862,0.576074110139148,0.700802696762102,0.639920303602151,0.00144592330554862,0.576074110139148,0.700802696762102,1.55727439332253,0.00200955859284083,1.48339089653741,1.63080232586534,1.55727439332253,0.00200955859284083,1.48339089653741,1.63080232586534,0.967814256661947,0.00121431230167263,0.911019366196847,1.0269140559665,0.967814256661947,0.00121431230167263,0.911019366196847,1.0269140559665,1.03394080354872,0.00146387729128827,0.969937300763958,1.09761968668543,1.03394080354872,0.00146387729128827,0.969937300763958,1.09761968668543
"high-small","none",1,"continuous",90,40,1156497,13156153,1,1,1,1,0.693705279835161,0.995196037000922,1.52396829271068,0.693705279835161,0.707533216386963,0.00134006950023899,0.646068490668971,0.766144852019156,0.707533216386963,0.00134006950023899,0.646068490668971,0.766144852019156,1.54605593902766,0.0018624627368979,1.47492788915713,1.61684151998512,1.54605593902766,0.0018624627368979,1.47492788915713,1.61684151998512,1.00786644613646,0.00112542749137442,0.953189742333879,1.06476245147129,1.00786644613646,0.00112542749137442,0.953189742333879,1.06476245147129,0.96038355428835,0.0013567266954054,0.898766743211207,1.02168714590336,0.96038355428835,0.0013567266954054,0.898766743211207,1.02168714590336
"high-small","none",1,"continuous",90,41,1156497,12080316,1,1,1,1,0.693705279835161,0.995196037000922,1.52396829271068,0.693705279835161,0.661963218710885,0.00156905640910431,0.595453994156729,0.72538520798691,0.661963218710885,0.00156905640910431,0.595453994156729,0.72538520798691,1.5162990423177,0.00218062377055284,1.43933488937194,1.59289314718458,1.5162990423177,0.00218062377055284,1.43933488937194,1.59289314718458,0.996820300661939,0.00131767907627796,0.937657719256871,1.05838531663536,0.996820300661939,0.00131767907627796,0.937657719256871,1.05838531663536,0.937109228995485,0.00158848867974124,0.870436988375177,1.00344298293776,0.937109228995485,0.00158848867974124,0.870436988375177,1.00344298293776
"high-small","none",1,"continuous",90,42,1156497,7202683,1,1,1,1,0.693705279835161,0.995196037000922,1.52396829271068,0.693705279835161,0.662741082233223,0.00136451339993555,0.600718321871388,0.721884704298974,0.662741082233223,0.00136451339993555,0.600718321871388,0.721884704298974,1.57780951411028,0.00189643882482455,1.50603571363072,1.6492378924301,1.57780951411028,0.00189643882482455,1.50603571363072,1.6492378924301,0.957526613460676,0.00114595797167037,0.902353312259347,1.01493858905321,0.957526613460676,0.00114595797167037,0.902353312259347,1.01493858905321,1.02778275443859,0.00138147544117824,0.965606663921247,1.08964323992802,1.02778275443859,0.00138147544117824,0.965606663921247,1.08964323992802
"high-small","none",1,"continuous",90,43,1156497,118378,1,1,1,1,0.693705279835161,0.995196037000922,1.52396829271068,0.693705279835161,0.667538141533326,0.00148002686357444,0.602943379939552,0.729134438680696,0.667538141533326,0.00148002686357444,0.602943379939552,0.729134438680696,1.49379525550059,0.00205692650585497,1.41904586799262,1.56818471016417,1.49379525550059,0.00205692650585497,1.41904586799262,1.56818471016417,1.00319151955789,0.00124293535838751,0.945731332533412,1.06298462846515,1.00319151955789,0.00124293535838751,0.945731332533412,1.06298462846515,0.992419859886933,0.00149838299302785,0.927666389614952,1.05684490866779,0.992419859886933,0.00149838299302785,0.927666389614952,1.05684490866779
"high-small","none",1,"continuous",90,44,1156497,14611914,1,1,1,1,0.693705279835161,0.995196037000922,1.52396829271068,0.693705279835161,0.668537746470693,0.00142964372808951,0.605052016399775,0.729076466494115,0.668537746470693,0.00142964372808951,0.605052016399775,0.729076466494115,1.53141439258718,0.00198690334900812,1.45794860018003,1.60452718012986,1.53141439258718,0.00198690334900812,1.45794860018003,1.60452718012986,0.913688086472741,0.00120062013701035,0.857214323556126,0.972453831707756,0.913688086472741,0.00120062013701035,0.857214323556126,0.972453831707756,0.965588028935535,0.00144737125424635,0.90194626753052,1.02890687494317,0.965588028935535,0.00144737125424635,0.90194626753052,1.02890687494317
"high-small","none",1,"continuous",90,45,1156497,13861400,1,1,1,1,0.693705279835161,0.995196037000922,1.52396829271068,0.693705279835161,0.699062255293368,0.00147198977105113,0.634643118880789,0.760491219207814,0.699062255293368,0.00147198977105113,0.634643118880789,0.760491219207814,1.52011585958947,0.00204576230360908,1.44556964565496,1.59430327619189,1.52011585958947,0.00204576230360908,1.44556964565496,1.59430327619189,1.0315554534422,0.00123618845382184,0.974251480202559,1.09118629074715,1.0315554534422,0.00123618845382184,0.974251480202559,1.09118629074715,0.934751056186286,0.00149025104359429,0.870173294731443,0.999000653671687,0.934751056186286,0.00149025104359429,0.870173294731443,0.999000653671687
"high-small","none",1,"continuous",90,46,1156497,8434944,1,1,1,1,0.693705279835161,0.995196037000922,1.52396829271068,0.693705279835161,0.664935142791676,0.00145955214371641,0.60078875478733,0.726103869113004,0.664935142791676,0.00145955214371641,0.60078875478733,0.726103869113004,1.56917397792869,0.00202850936697559,1.49494287926274,1.64304763181261,1.56917397792869,0.00202850936697559,1.49494287926274,1.64304763181261,1.01902510164585,0.0012257643322811,0.961963086187395,1.07840321494716,1.01902510164585,0.0012257643322811,0.961963086187395,1.07840321494716,1.02476970378305,0.00147768370522836,0.960465006918529,1.08874798332664,1.02476970378305,0.00147768370522836,0.960465006918529,1.08874798332664
"high-small","none",1,"continuous",90,47,1156497,10372633,1,1,1,1,0.693705279835161,0.995196037000922,1.52396829271068,0.693705279835161,0.705735081049453,0.00148363057000637,0.641061760474841,0.767406330980288,0.705735081049453,0.00148363057000637,0.641061760474841,0.767406330980288,1.47703565273542,0.00206191723824658,1.40219562985685,1.55151550037247,1.47703565273542,0.00206191723824658,1.40219562985685,1.55151550037247,0.984251267130785,0.00124595015014747,0.926721467190615,1.04411698541266,0.984251267130785,0.00124595015014747,0.926721467190615,1.04411698541266,0.963930817066643,0.00150201736312034,0.899098820532933,1.0284339732059,0.963930817066643,0.00150201736312034,0.899098820532933,1.0284339732059
"high-small","none",1,"continuous",90,48,1156497,12998503,1,1,1,1,0.693705279835161,0.995196037000922,1.52396829271068,0.693705279835161,0.702345420263517,0.00144468221748836,0.638526677263044,0.763201721513797,0.702345420263517,0.00144468221748836,0.638526677263044,0.763201721513797,1.58276424301309,0.00200784277695994,1.50891232722306,1.65626077362734,1.58276424301309,0.00200784277695994,1.50891232722306,1.65626077362734,0.990902094379347,0.00121327538034801,0.934131474786383,1.04997672097088,0.990902094379347,0.00121327538034801,0.934131474786383,1.04997672097088,1.0148985289044,0.00146262808258219,0.950922229878752,1.07855002539934,1.0148985289044,0.00146262808258219,0.950922229878752,1.07855002539934
"high-small","none",1,"continuous",90,49,1156497,2351788,1,1,1,1,0.693705279835161,0.995196037000922,1.52396829271068,0.693705279835161,0.676850530044299,0.00154212160897834,0.610914656501811,0.739725715780467,0.676850530044299,0.00154212160897834,0.610914656501811,0.739725715780467,1.5023344828535,0.0021432071117318,1.42603344966574,1.57826828584548,1.5023344828535,0.0021432071117318,1.42603344966574,1.57826828584548,1.00595276591704,0.0012950710818966,0.947299892115142,1.06698720444727,1.00595276591704,0.0012950710818966,0.947299892115142,1.06698720444727,0.981706673630634,0.00156123361442582,0.915609047173339,1.04746904144251,0.981706673630634,0.00156123361442582,0.915609047173339,1.04746904144251
"high-small","none",1,"continuous",90,50,1156497,15943489,1,1,1,1,0.693705279835161,0.995196037000922,1.52396829271068,0.693705279835161,0.725963709893773,0.00149150490694907,0.661119017420438,0.787798344068823,0.725963709893773,0.00149150490694907,0.661119017420438,0.787798344068823,1.50787903009452,0.002072888766843,1.43284016987054,1.58255642846862,1.50787903009452,0.002072888766843,1.43284016987054,1.58255642846862,1.01834191375691,0.00125258146291529,0.960659176396038,1.0783665082072,1.01834191375691,0.00125258146291529,0.960659176396038,1.0783665082072,1.01644841793862,0.00151001149882411,0.951444206253918,1.0811229834481,1.01644841793862,0.00151001149882411,0.951444206253918,1.0811229834481
"high-small","none",1,"continuous",90,51,1156497,1001266,1,1,1,1,0.693705279835161,0.995196037000922,1.52396829271068,0.693705279835161,0.699066916432786,0.00145294646500002,0.635065846398986,0.760097159896013,0.699066916432786,0.00145294646500002,0.635065846398986,0.760097159896013,1.50354343888001,0.0020193004125081,1.42948089833086,1.57724934104902,1.50354343888001,0.0020193004125081,1.42948089833086,1.57724934104902,1.02333278248164,0.00122019913701137,0.966400585788485,1.08257659519472,1.02333278248164,0.00122019913701137,0.966400585788485,1.08257659519472,0.963643139931933,0.00147097495010359,0.899484508711954,1.02747601064363,0.963643139931933,0.00147097495010359,0.899484508711954,1.02747601064363
"high-small","none",1,"continuous",90,52,1156497,8466958,1,1,1,1,0.693705279835161,0.995196037000922,1.52396829271068,0.693705279835161,0.727470451943035,0.00146859903027818,0.663125604791624,0.788828493881283,0.727470451943035,0.00146859903027818,0.663125604791624,0.788828493881283,1.52662187119546,0.00204106303954518,1.45216133853435,1.60072382343317,1.52662187119546,0.00204106303954518,1.45216133853435,1.60072382343317,1.02576112769176,0.00123334986391829,0.968522918084475,1.08532312875683,1.02576112769176,0.00123334986391829,0.968522918084475,1.08532312875683,0.99164100359833,0.00148682821678437,0.927137615533063,1.05581696800167,0.99164100359833,0.00148682821678437,0.927137615533063,1.05581696800167
"high-small","none",1,"continuous",90,53,1156497,15181625,1,1,1,1,0.693705279835161,0.995196037000922,1.52396829271068,0.693705279835161,0.758380400207126,0.00152525382114961,0.692806196700508,0.82091072566953,0.758380400207126,0.00152525382114961,0.692806196700508,0.82091072566953,1.48680972301047,0.0021197755086634,1.41092687619806,1.56232701740565,1.48680972301047,0.0021197755086634,1.41092687619806,1.56232701740565,1.02873371754549,0.00128091343270462,0.970402340491099,1.08943370103212,1.02873371754549,0.00128091343270462,0.970402340491099,1.08943370103212,1.00072597144716,0.00154416616853336,0.934990696641821,1.06612792035655,1.00072597144716,0.00154416616853336,0.934990696641821,1.06612792035655
"high-small","none",1,"continuous",90,54,1156497,9334984,1,1,1,1,0.693705279835161,0.995196037000922,1.52396829271068,0.693705279835161,0.690695410531276,0.00144056692976836,0.626967609420331,0.751464997150678,0.690695410531276,0.00144056692976836,0.626967609420331,0.751464997150678,1.57417017811227,0.00200212445918562,1.50042346849972,1.64756190236878,1.57417017811227,0.00200212445918562,1.50042346849972,1.64756190236878,1.00375181842583,0.00120982033603136,0.94706211174269,1.06274238445021,1.00375181842583,0.00120982033603136,0.94706211174269,1.06274238445021,1.01291479917388,0.00145846304625151,0.949029653786351,1.07647558251305,1.01291479917388,0.00145846304625151,0.949029653786351,1.07647558251305
"high-small","none",1,"continuous",90,55,1156497,16685165,1,1,1,1,0.693705279835161,0.995196037000922,1.52396829271068,0.693705279835161,0.721251245329887,0.00154599423382996,0.655232692490759,0.78420525624367,0.721251245329887,0.00154599423382996,0.655232692490759,0.78420525624367,1.59274310447818,0.00214864792069208,1.51634539248759,1.66877274183162,1.59274310447818,0.00214864792069208,1.51634539248759,1.66877274183162,1.06478493072953,0.00129836093579594,1.00605749340846,1.12589628526627,1.06478493072953,0.00129836093579594,1.00605749340846,1.12589628526627,1.05883441062407,0.00156520023855426,0.992652903688869,1.12468005580876,1.05883441062407,0.00156520023855426,0.992652903688869,1.12468005580876
"high-small","none",1,"continuous",90,56,1156497,10434731,1,1,1,1,0.693705279835161,0.995196037000922,1.52396829271068,0.693705279835161,0.589079639481881,0.00160232653297538,0.521868922766623,0.653170495795266,0.589079639481881,0.00160232653297538,0.521868922766623,0.653170495795266,1.55713831996078,0.00222687825826377,1.47936222914405,1.63454040204199,1.55713831996078,0.00222687825826377,1.47936222914405,1.63454040204199,1.0139983856504,0.00134562963561202,0.954211567916899,1.076212707161,1.0139983856504,0.00134562963561202,0.954211567916899,1.076212707161,0.971743393824353,0.00162218361879406,0.904367774512388,1.03877697639564,0.971743393824353,0.00162218361879406,0.904367774512388,1.03877697639564
"high-small","none",1,"continuous",90,57,1156497,16506708,1,1,1,1,0.693705279835161,0.995196037000922,1.52396829271068,0.693705279835161,0.688672251797981,0.00146638087631765,0.624375982323121,0.749984049480515,0.688672251797981,0.00146638087631765,0.624375982323121,0.749984049480515,1.61752583937893,0.00203799701539407,1.54312147016721,1.69157244631751,1.61752583937893,0.00203799701539407,1.54312147016721,1.69157244631751,1.01994476919981,0.00123149533334777,0.962749532320102,1.07946161910072,1.01994476919981,0.00123149533334777,0.962749532320102,1.07946161910072,0.945189776783219,0.0014845942403087,0.880734581698624,1.00931706171893,0.945189776783219,0.0014845942403087,0.880734581698624,1.00931706171893
"high-small","none",1,"continuous",90,58,1156497,15162120,1,1,1,1,0.693705279835161,0.995196037000922,1.52396829271068,0.693705279835161,0.734642232870926,0.00138331601263885,0.672193632079186,0.794191987268338,0.734642232870926,0.00138331601263885,0.672193632079186,0.794191987268338,1.44465376570895,0.00192251577170518,1.37238791851025,1.5165716893971,1.44465376570895,0.00192251577170518,1.37238791851025,1.5165716893971,0.952531430596821,0.00116171508385298,0.896980315573706,1.01033777323196,0.952531430596821,0.00116171508385298,0.896980315573706,1.01033777323196,0.971914651554456,0.00140046997975562,0.909312656777606,1.03419928236619,0.971914651554456,0.00140046997975562,0.909312656777606,1.03419928236619
"high-small","none",1,"continuous",90,59,1156497,9740022,1,1,1,1,0.693705279835161,0.995196037000922,1.52396829271068,0.693705279835161,0.753944278920014,0.0014601745100953,0.689784301550806,0.815125915389126,0.753944278920014,0.0014601745100953,0.689784301550806,0.815125915389126,1.46488367077207,0.00202934720192758,1.39063702463269,1.53877235331487,1.46488367077207,0.00202934720192758,1.39063702463269,1.53877235331487,1.00652584966361,0.0012262719202841,0.949452105993645,1.06591663830297,1.00652584966361,0.0012262719202841,0.949452105993645,1.06591663830297,1.0511408872461,0.0014782938633663,0.986823178304366,1.11513284800176,1.0511408872461,0.0014782938633663,0.986823178304366,1.11513284800176
"high-small","none",1,"continuous",90,60,1156497,5319026,1,1,1,1,0.693705279835161,0.995196037000922,1.52396829271068,0.693705279835161,0.681698795587427,0.00137644341403128,0.619405480009586,0.741100490847786,0.681698795587427,0.00137644341403128,0.619405480009586,0.741100490847786,1.56080980256033,0.00191300728186457,1.48872310619202,1.63254963295762,1.56080980256033,0.00191300728186457,1.48872310619202,1.63254963295762,0.975270034541125,0.00115596925399435,0.919856338768409,1.03293264347031,0.975270034541125,0.00115596925399435,0.919856338768409,1.03293264347031,0.985212248394918,0.00139354472550379,0.922765050421323,1.04734226454243,0.985212248394918,0.00139354472550379,0.922765050421323,1.04734226454243
"high-small","none",1,"continuous",90,61,1156497,11707501,1,1,1,1,0.693705279835161,0.995196037000922,1.52396829271068,0.693705279835161,0.688707216971888,0.00146718164189581,0.624393422488943,0.75003551476819,0.688707216971888,0.00146718164189581,0.624393422488943,0.75003551476819,1.46593904882457,0.00203906590296868,1.39151488518561,1.54000482752579,1.46593904882457,0.00203906590296868,1.39151488518561,1.54000482752579,0.966059024624641,0.00123214288983812,0.908848807154829,1.02559177253253,0.966059024624641,0.00123214288983812,0.908848807154829,1.02559177253253,1.01761613591169,0.00148537136926566,0.953144583031184,1.08176112290772,1.01761613591169,0.00148537136926566,0.953144583031184,1.08176112290772
"high-small","none",1,"continuous",90,62,1156497,3875859,1,1,1,1,0.693705279835161,0.995196037000922,1.52396829271068,0.693705279835161,0.71322195992581,0.0014667882077717,0.648916824321273,0.774542030020564,0.71322195992581,0.0014667882077717,0.648916824321273,0.774542030020564,1.50458392307794,0.00203852201204995,1.4301698149286,1.57864006926189,1.50458392307794,0.00203852201204995,1.4301698149286,1.57864006926189,0.943390518945917,0.00123181295835975,0.886187905994734,1.00291501802706,0.943390518945917,0.00123181295835975,0.886187905994734,1.00291501802706,1.00175216837714,0.00148497407561276,0.93728914221828,1.06588845398121,1.00175216837714,0.00148497407561276,0.93728914221828,1.06588845398121
"high-small","none",1,"continuous",90,63,1156497,13470220,1,1,1,1,0.693705279835161,0.995196037000922,1.52396829271068,0.693705279835161,0.618889262828062,0.00135443594064369,0.557095868956104,0.677814289330809,0.618889262828062,0.00135443594064369,0.557095868956104,0.677814289330809,1.60876117787316,0.00188246654779218,1.53725215656609,1.67992539829588,1.60876117787316,0.00188246654779218,1.53725215656609,1.67992539829588,1.09035321369426,0.00113751725178884,1.03538357936419,1.14755386481951,1.09035321369426,0.00113751725178884,1.03538357936419,1.14755386481951,1.01163293313157,0.00137130191125695,0.949686008978844,1.07326471100464,1.01163293313157,0.00137130191125695,0.949686008978844,1.07326471100464
"high-small","none",1,"continuous",90,64,1156497,9686559,1,1,1,1,0.693705279835161,0.995196037000922,1.52396829271068,0.693705279835161,0.714796563358394,0.00154364577507265,0.648828142452158,0.777702853644055,0.714796563358394,0.00154364577507265,0.648828142452158,0.777702853644055,1.59694239461456,0.00214537991088089,1.52060280524251,1.67291431362466,1.59694239461456,0.00214537991088089,1.52060280524251,1.67291431362466,1.08051730321742,0.00129638550788741,1.02183461210322,1.141582412451,1.08051730321742,0.00129638550788741,1.02183461210322,1.141582412451,1.01044816635947,0.001562819771258,0.94431684743631,1.07624349878103,1.01044816635947,0.001562819771258,0.94431684743631,1.07624349878103
"high-small","none",1,"continuous",90,65,1156497,6114985,1,1,1,1,0.693705279835161,0.995196037000922,1.52396829271068,0.693705279835161,0.686663369046146,0.00141104911018725,0.62359184470232,0.746807122748729,0.686663369046146,0.00141104911018725,0.62359184470232,0.746807122748729,1.51910413495415,0.00196108379671093,1.44611712761425,1.59173980789635,1.51910413495415,0.00196108379671093,1.44611712761425,1.59173980789635,0.977526203714847,0.00118502061522982,0.921420571236232,1.03590918250647,0.977526203714847,0.00118502061522982,0.921420571236232,1.03590918250647,0.996366306587607,0.00142856593607168,0.933139403200193,1.05927240234012,0.996366306587607,0.00142856593607168,0.933139403200193,1.05927240234012
"high-small","none",1,"continuous",90,66,1156497,14732239,1,1,1,1,0.693705279835161,0.995196037000922,1.52396829271068,0.693705279835161,0.744400791679671,0.00151275417366611,0.679095869264095,0.80667422227931,0.744400791679671,0.00151275417366611,0.679095869264095,0.80667422227931,1.51684236170208,0.00210241357901876,1.4412710481497,1.5920498444513,1.51684236170208,0.00210241357901876,1.4412710481497,1.5920498444513,0.977158852695541,0.00127042177037739,0.919066712326922,1.03760903556691,0.977158852695541,0.00127042177037739,0.919066712326922,1.03760903556691,1.04543622544849,0.00153151741541872,0.979970854887447,1.11056994110924,1.04543622544849,0.00153151741541872,0.979970854887447,1.11056994110924
"high-small","none",1,"continuous",90,67,1156497,10303741,1,1,1,1,0.693705279835161,0.995196037000922,1.52396829271068,0.693705279835161,0.715322883090554,0.00142912188771067,0.651848760632126,0.775850602900924,0.715322883090554,0.00142912188771067,0.651848760632126,0.775850602900924,1.58326936241435,0.00198621775866715,1.50981623731168,1.6563690719627,1.58326936241435,0.00198621775866715,1.50981623731168,1.6563690719627,0.994667824098745,0.00120020783735021,0.938203770886997,1.05342353125767,0.994667824098745,0.00120020783735021,0.938203770886997,1.05342353125767,0.992102042124967,0.00144687533767937,0.928471123068204,1.05540973084183,0.992102042124967,0.00144687533767937,0.928471123068204,1.05540973084183
"high-small","none",1,"continuous",90,68,1156497,12579826,1,1,1,1,0.693705279835161,0.995196037000922,1.52396829271068,0.693705279835161,0.715792825435593,0.00139170456806692,0.653155163674279,0.775522847268423,0.715792825435593,0.00139170456806692,0.653155163674279,0.775522847268423,1.51113415942108,0.00193419656013059,1.43864924522661,1.58327023795008,1.51113415942108,0.00193419656013059,1.43864924522661,1.58327023795008,0.954736033448461,0.00116877325607024,0.899016325934659,1.01271727026631,0.954736033448461,0.00116877325607024,0.899016325934659,1.01271727026631,0.995057460217583,0.00140897919510514,0.932265522346154,1.057530878027,0.995057460217583,0.00140897919510514,0.932265522346154,1.057530878027
"high-small","none",1,"continuous",90,69,1156497,3655455,1,1,1,1,0.693705279835161,0.995196037000922,1.52396829271068,0.693705279835161,0.745722034045043,0.00137165263307025,0.683537304221832,0.805020146492688,0.745722034045043,0.00137165263307025,0.683537304221832,0.805020146492688,1.58256873746373,0.001906361414504,1.51060741867053,1.65418373351933,1.58256873746373,0.001906361414504,1.51060741867053,1.65418373351933,0.961693484974369,0.00115195384613067,0.906376040940001,1.01925547418662,0.961693484974369,0.00115195384613067,0.906376040940001,1.01925547418662,1.02771549451742,0.00138870364380537,0.965376949971395,1.08973759097323,1.02771549451742,0.00138870364380537,0.965376949971395,1.08973759097323
"high-small","none",1,"continuous",90,70,1156497,16100519,1,1,1,1,0.693705279835161,0.995196037000922,1.52396829271068,0.693705279835161,0.766877859978978,0.00150920105631267,0.701649667033887,0.829078280000015,0.766877859978978,0.00150920105631267,0.701649667033887,0.829078280000015,1.53600562185646,0.002097463229424,1.46052340137225,1.61112491755264,1.53600562185646,0.002097463229424,1.46052340137225,1.61112491755264,0.978568716194986,0.00126742831227784,0.920545118147129,1.03894793365013,0.978568716194986,0.00126742831227784,0.920545118147129,1.03894793365013,0.957843845004675,0.00152791034363041,0.892455312743321,1.02290043400359,0.957843845004675,0.00152791034363041,0.892455312743321,1.02290043400359
"high-small","none",1,"continuous",90,71,1156497,16181644,1,1,1,1,0.693705279835161,0.995196037000922,1.52396829271068,0.693705279835161,0.661172388927128,0.00147225155409639,0.596747534243089,0.722606600674838,0.661172388927128,0.00147225155409639,0.596747534243089,0.722606600674838,1.49410239285875,0.00204613299136431,1.41954937334331,1.56829619416978,1.49410239285875,0.00204613299136431,1.41954937334331,1.56829619416978,1.00632651050655,0.00123641426210756,0.949017211978596,1.06596235195987,1.00632651050655,0.00123641426210756,0.949017211978596,1.06596235195987,1.03505252464194,0.00149052115644514,0.970469274424966,1.09930845351253,1.03505252464194,0.00149052115644514,0.970469274424966,1.09930845351253
"high-small","none",1,"continuous",90,72,1156497,11253212,1,1,1,1,0.693705279835161,0.995196037000922,1.52396829271068,0.693705279835161,0.71866762378429,0.00150995618700917,0.653423053220432,0.780883628253493,0.71866762378429,0.00150995618700917,0.653423053220432,0.780883628253493,1.52002534477756,0.00209852241845309,1.44452396807395,1.5951632848913,1.52002534477756,0.00209852241845309,1.44452396807395,1.5951632848913,1.01633234216082,0.00126806994977898,0.958294095632454,1.07672703702775,1.01633234216082,0.00126806994977898,0.958294095632454,1.07672703702775,0.98192892773342,0.00152868372064014,0.916523921706301,1.04700201003369,0.98192892773342,0.00152868372064014,0.916523921706301,1.04700201003369
"high-small","none",1,"continuous",90,73,1156497,15660524,1,1,1,1,0.693705279835161,0.995196037000922,1.52396829271068,0.693705279835161,0.715626009726297,0.0014275615345852,0.652186569289874,0.776120567104609,0.715626009726297,0.0014275615345852,0.652186569289874,0.776120567104609,1.54359663758461,0.0019840385812827,1.47018376496851,1.61665617780353,1.54359663758461,0.0019840385812827,1.47018376496851,1.61665617780353,0.965029753876186,0.0011988914516439,0.908596655073765,1.02375313315352,0.965029753876186,0.0011988914516439,0.908596655073765,1.02375313315352,1.0265232599259,0.00144528715420246,0.962927458059995,1.08979651714603,1.0265232599259,0.00144528715420246,0.962927458059995,1.08979651714603
"high-small","none",1,"continuous",90,74,1156497,6532863,1,1,1,1,0.693705279835161,0.995196037000922,1.52396829271068,0.693705279835161,0.679798224602165,0.00149908472998935,0.614788910164239,0.741789972399759,0.679798224602165,0.00149908472998935,0.614788910164239,0.741789972399759,1.59570364533859,0.00208343402034846,1.52047435678323,1.67057117394603,1.59570364533859,0.00208343402034846,1.52047435678323,1.67057117394603,1.02651137742841,0.00125895132956845,0.96868212961337,1.08668829521538,1.02651137742841,0.00125895132956845,0.96868212961337,1.08668829521538,0.941374151796688,0.00151769275224135,0.876204435999471,1.00621243327523,0.941374151796688,0.00151769275224135,0.876204435999471,1.00621243327523
"high-small","none",1,"continuous",90,75,1156497,2986139,1,1,1,1,0.693705279835161,0.995196037000922,1.52396829271068,0.693705279835161,0.643877054239182,0.00156295720996539,0.577497209923017,0.707175629244689,0.643877054239182,0.00156295720996539,0.577497209923017,0.707175629244689,1.55724521762436,0.0021721811722401,1.48043024625952,1.63369060164029,1.55724521762436,0.0021721811722401,1.48043024625952,1.63369060164029,1.02815834589749,0.00131257890346122,0.9691103123725,1.08960381554096,1.02815834589749,0.00131257890346122,0.9691103123725,1.08960381554096,0.979830519121561,0.00158234052806158,0.913287478759518,1.04603569479509,0.979830519121561,0.00158234052806158,0.913287478759518,1.04603569479509
"high-small","none",1,"continuous",90,76,1156497,3133354,1,1,1,1,0.693705279835161,0.995196037000922,1.52396829271068,0.693705279835161,0.763074145355686,0.00137499452459538,0.70081367149474,0.822444581491096,0.763074145355686,0.00137499452459538,0.70081367149474,0.822444581491096,1.51570324689745,0.00191098845465663,1.44365446201162,1.58740499924612,1.51570324689745,0.00191098845465663,1.44365446201162,1.58740499924612,1.01067095391386,0.00115475035098636,0.955286578023377,1.06830360208693,1.01067095391386,0.00115475035098636,0.955286578023377,1.06830360208693,0.978934018666012,0.00139207527643844,0.916519785767732,1.04103129779786,0.978934018666012,0.00139207527643844,0.916519785767732,1.04103129779786
"high-small","none",1,"continuous",90,77,1156497,11373046,1,1,1,1,0.693705279835161,0.995196037000922,1.52396829271068,0.693705279835161,0.638507394222701,0.00140338612419211,0.575607328857607,0.698487651409422,0.638507394222701,0.00140338612419211,0.575607328857607,0.698487651409422,1.56665549522543,0.0019504454723917,1.49386684157468,1.63909401525521,1.56665549522543,0.0019504454723917,1.49386684157468,1.63909401525521,0.968888788035904,0.00117859151450323,0.912935495650647,1.02711289332134,0.968888788035904,0.00117859151450323,0.912935495650647,1.02711289332134,0.986497559819701,0.00142081616641816,0.92344228356423,1.04923261302986,0.986497559819701,0.00142081616641816,0.92344228356423,1.04923261302986
"high-small","none",1,"continuous",90,78,1156497,15891442,1,1,1,1,0.693705279835161,0.995196037000922,1.52396829271068,0.693705279835161,0.687930822601628,0.00156947011703423,0.621412851152045,0.751361129933141,0.687930822601628,0.00156947011703423,0.621412851152045,0.751361129933141,1.49805125105319,0.00218120827754589,1.42107669259596,1.57465528894429,1.49805125105319,0.00218120827754589,1.42107669259596,1.57465528894429,1.02545812760154,0.00131803394973573,0.966287606096127,1.08703155113917,1.02545812760154,0.00131803394973573,0.966287606096127,1.08703155113917,0.969424779102984,0.00158891605859406,0.902743688549537,1.03576755773,0.969424779102984,0.00158891605859406,0.902743688549537,1.03576755773
"high-small","none",1,"continuous",90,79,1156497,6390565,1,1,1,1,0.693705279835161,0.995196037000922,1.52396829271068,0.693705279835161,0.716425536223391,0.00144868186244841,0.65251850389487,0.777366037911781,0.716425536223391,0.00144868186244841,0.65251850389487,0.777366037911781,1.51154628924258,0.00201337963512978,1.43759244983021,1.58514400531888,1.51154628924258,0.00201337963512978,1.43759244983021,1.58514400531888,1.00120887866895,0.00121662166482308,0.944360132568342,1.06036543234272,1.00120887866895,0.00121662166482308,0.944360132568342,1.06036543234272,1.00206014173729,0.00146666152862917,0.937995766527862,1.06579951722468,1.00206014173729,0.00146666152862917,0.937995766527862,1.06579951722468
"high-small","none",1,"continuous",90,80,1156497,5365166,1,1,1,1,0.693705279835161,0.995196037000922,1.52396829271068,0.693705279835161,0.666689079411867,0.00154084576069879,0.600780530078586,0.729538145301624,0.666689079411867,0.00154084576069879,0.600780530078586,0.729538145301624,1.56451414941487,0.00214143873091024,1.48824484706005,1.64041702739931,1.56451414941487,0.00214143873091024,1.48824484706005,1.64041702739931,0.935272530811531,0.00129400043202062,0.87664373441428,0.996280899726789,0.935272530811531,0.00129400043202062,0.87664373441428,0.996280899726789,0.99205108400905,0.00155994271779108,0.92598076492046,1.05778628045446,0.99205108400905,0.00155994271779108,0.92598076492046,1.05778628045446
"high-small","none",1,"continuous",90,81,1156497,4549164,1,1,1,1,0.693705279835161,0.995196037000922,1.52396829271068,0.693705279835161,0.712230259714353,0.00152895974942043,0.646576458742117,0.774836385263433,0.712230259714353,0.00152895974942043,0.646576458742117,0.774836385263433,1.56884146137517,0.00212493680129429,1.49286657755204,1.64445105174833,1.56884146137517,0.00212493680129429,1.49286657755204,1.64445105174833,0.95162179438826,0.00128403013845857,0.893219283299258,1.01239456394075,0.95162179438826,0.00128403013845857,0.893219283299258,1.01239456394075,1.02652788839844,0.00154792311548804,0.960712690702519,1.09200938502767,1.02652788839844,0.00154792311548804,0.960712690702519,1.09200938502767
"high-small","none",1,"continuous",90,82,1156497,5249630,1,1,1,1,0.693705279835161,0.995196037000922,1.52396829271068,0.693705279835161,0.694422227375765,0.00145272257951098,0.630426115651467,0.755447686451819,0.694422227375765,0.00145272257951098,0.630426115651467,0.755447686451819,1.5396510383864,0.00201899557493092,1.46559421479099,1.61335152319527,1.5396510383864,0.00201899557493092,1.46559421479099,1.61335152319527,0.986817237453536,0.00122001421329181,0.929889253117405,1.04605606414164,0.986817237453536,0.00122001421329181,0.929889253117405,1.04605606414164,0.985416953947479,0.00147075170275213,0.921263225569069,1.04924504085733,0.985416953947479,0.00147075170275213,0.921263225569069,1.04924504085733
"high-small","none",1,"continuous",90,83,1156497,13676045,1,1,1,1,0.693705279835161,0.995196037000922,1.52396829271068,0.693705279835161,0.631182403171455,0.00156230209427026,0.564816469268689,0.694467655415768,0.631182403171455,0.00156230209427026,0.564816469268689,0.694467655415768,1.51969340905404,0.00217125428057639,1.44289476985633,1.59612250695762,1.51969340905404,0.00217125428057639,1.44289476985633,1.59612250695762,1.00343635624448,0.00131201883000928,0.944400929181426,1.06486875135224,1.00343635624448,0.00131201883000928,0.944400929181426,1.06486875135224,0.990298649487316,0.00158166440700973,0.923769941219062,1.05648992012467,0.990298649487316,0.00158166440700973,0.923769941219062,1.05648992012467
"high-small","none",1,"continuous",90,84,1156497,6698286,1,1,1,1,0.693705279835161,0.995196037000922,1.52396829271068,0.693705279835161,0.713082161712279,0.00134210032180673,0.651570866806484,0.771738248557517,0.713082161712279,0.00134210032180673,0.651570866806484,0.771738248557517,1.538267050967,0.0018652867119322,1.46708504418268,1.60910617739808,1.538267050967,0.0018652867119322,1.46708504418268,1.60910617739808,1.03745712153263,0.00112713435570464,0.982739020373028,1.09439649736296,1.03745712153263,0.00112713435570464,0.982739020373028,1.09439649736296,0.947027849314467,0.00135878475328064,0.885364274277948,1.00837782299733,0.947027849314467,0.00135878475328064,0.885364274277948,1.00837782299733
"high-small","none",1,"continuous",90,85,1156497,5188457,1,1,1,1,0.693705279835161,0.995196037000922,1.52396829271068,0.693705279835161,0.66602387599686,0.00151875294924625,0.600589477222819,0.728420911975872,0.66602387599686,0.00151875294924625,0.600589477222819,0.728420911975872,1.55469736917834,0.00211075274957037,1.4789763748678,1.63005409216576,1.55469736917834,0.00211075274957037,1.4789763748678,1.63005409216576,1.01672551147356,0.00127545957006096,0.958518378350127,1.07729582396348,1.01672551147356,0.00127545957006096,0.958518378350127,1.07729582396348,0.965340599008099,0.0015375927022238,0.899745173044951,1.03060285798332,0.965340599008099,0.0015375927022238,0.899745173044951,1.03060285798332
"high-small","none",1,"continuous",90,86,1156497,749733,1,1,1,1,0.693705279835161,0.995196037000922,1.52396829271068,0.693705279835161,0.674593714537699,0.00153618082980577,0.60878496790057,0.737347664511558,0.674593714537699,0.00153618082980577,0.60878496790057,0.737347664511558,1.42053558735333,0.00213490058105859,1.34438242633264,1.49632237870222,1.42053558735333,0.00213490058105859,1.34438242633264,1.49632237870222,0.956104953148363,0.00129005056773518,0.897565956024277,1.01702135374215,0.956104953148363,0.00129005056773518,0.897565956024277,1.01702135374215,0.943175960575824,0.00155518025860667,0.877206647846112,1.00881101426889,0.943175960575824,0.00155518025860667,0.877206647846112,1.00881101426889
"high-small","none",1,"continuous",90,87,1156497,4242189,1,1,1,1,0.693705279835161,0.995196037000922,1.52396829271068,0.693705279835161,0.703103992724382,0.00132344526865704,0.64202171057399,0.761350876520306,0.703103992724382,0.00132344526865704,0.64202171057399,0.761350876520306,1.51931070855734,0.00183936336161979,1.44862505673815,1.58965570597163,1.51931070855734,0.00183936336161979,1.44862505673815,1.58965570597163,1.01287586841885,0.00111147047347895,0.958539251490061,1.06941793429616,1.01287586841885,0.00111147047347895,0.958539251490061,1.06941793429616,0.998238261868306,0.00133990058106508,0.937004866034637,1.05916068668336,0.998238261868306,0.00133990058106508,0.937004866034637,1.05916068668336
"high-small","none",1,"continuous",90,88,1156497,7342505,1,1,1,1,0.693705279835161,0.995196037000922,1.52396829271068,0.693705279835161,0.703201756374541,0.00162936241915363,0.635426475777374,0.767831105388703,0.703201756374541,0.00162936241915363,0.635426475777374,0.767831105388703,1.51129958466618,0.00226442825697965,1.43287033660302,1.58935148645565,1.51129958466618,0.00226442825697965,1.43287033660302,1.58935148645565,1.04457503808677,0.00136832005071966,0.984286404062675,1.10731239624313,1.04457503808677,0.00136832005071966,0.984286404062675,1.10731239624313,0.934685123297977,0.00164953769251976,0.866743749844664,1.00228148499882,0.934685123297977,0.00164953769251976,0.866743749844664,1.00228148499882
"high-small","none",1,"continuous",90,89,1156497,884199,1,1,1,1,0.693705279835161,0.995196037000922,1.52396829271068,0.693705279835161,0.649235093736055,0.0014574493518307,0.585134894331108,0.710359823472695,0.649235093736055,0.0014574493518307,0.585134894331108,0.710359823472695,1.52786788224628,0.00202556101132358,1.45369069446598,1.60168807517771,1.52786788224628,0.00202556101132358,1.45369069446598,1.60168807517771,1.00427164476778,0.00122398164275657,0.947251218480472,1.06360695559164,1.00427164476778,0.00122398164275657,0.947251218480472,1.06360695559164,0.970618378369674,0.00147553477560505,0.90636037741804,1.03455011405266,0.970618378369674,0.00147553477560505,0.90636037741804,1.03455011405266
"high-small","none",1,"continuous",90,90,1156497,12472686,1,1,1,1,0.693705279835161,0.995196037000922,1.52396829271068,0.693705279835161,0.639018310680684,0.00148871010648102,0.574234313798317,0.7007950595456,0.639018310680684,0.00148871010648102,0.574234313798317,0.7007950595456,1.55449939147623,0.00206902726878143,1.47953051850431,1.6291071017334,1.55449939147623,0.00206902726878143,1.47953051850431,1.6291071017334,1.04718043326148,0.00125024846053317,0.989551402313418,1.10714895160783,1.04718043326148,0.00125024846053317,0.989551402313418,1.10714895160783,1.02315943473061,0.00150719983642271,0.958215684780495,1.08777353423709,1.02315943473061,0.00150719983642271,0.958215684780495,1.08777353423709
"high-small","none",1,"continuous",90,91,1156497,6686018,1,1,1,1,0.693705279835161,0.995196037000922,1.52396829271068,0.693705279835161,0.663365192864282,0.00154980913891282,0.597265125385018,0.726397057011747,0.663365192864282,0.00154980913891282,0.597265125385018,0.726397057011747,1.46851033531226,0.00215386993482178,1.39201962008956,1.54463289150765,1.46851033531226,0.00215386993482178,1.39201962008956,1.54463289150765,1.02848892081231,0.00130151382375725,0.969690462397927,1.08967562253289,1.02848892081231,0.00130151382375725,0.969690462397927,1.08967562253289,0.922100654963051,0.00156900129784935,0.855838642707357,0.98802624628842,0.922100654963051,0.00156900129784935,0.855838642707357,0.98802624628842
"high-small","none",1,"continuous",90,92,1156497,10404696,1,1,1,1,0.693705279835161,0.995196037000922,1.52396829271068,0.693705279835161,0.654725804201591,0.00143588527411941,0.591101555389517,0.715396861229278,0.654725804201591,0.00143588527411941,0.591101555389517,0.715396861229278,1.56696773681359,0.00199558730795391,1.4933415542775,1.64024017040549,1.56696773681359,0.00199558730795391,1.4933415542775,1.64024017040549,0.999753200330655,0.00120586707074201,0.943156318453719,1.05864794882166,0.999753200330655,0.00120586707074201,0.943156318453719,1.05864794882166,0.862283748631518,0.00145369951934587,0.798502563570513,0.925740127068525,0.862283748631518,0.00145369951934587,0.798502563570513,0.925740127068525
"high-small","none",1,"continuous",90,93,1156497,15998342,1,1,1,1,0.693705279835161,0.995196037000922,1.52396829271068,0.693705279835161,0.748830694474824,0.00152338906412841,0.683296577270912,0.811322909935982,0.748830694474824,0.00152338906412841,0.683296577270912,0.811322909935982,1.55148555356686,0.00211717943741614,1.47564940580148,1.62695719640607,1.55148555356686,0.00211717943741614,1.47564940580148,1.62695719640607,0.996489446824366,0.00127934155500419,0.938193828003766,1.05715196983728,0.996489446824366,0.00127934155500419,0.938193828003766,1.05715196983728,0.923153851030768,0.00154227290937403,0.857458555000859,0.98851527842271,0.923153851030768,0.00154227290937403,0.857458555000859,0.98851527842271
"high-small","none",1,"continuous",90,94,1156497,12537662,1,1,1,1,0.693705279835161,0.995196037000922,1.52396829271068,0.693705279835161,0.71257233205576,0.00150933989009109,0.647341146394759,0.77477541789964,0.71257233205576,0.00150933989009109,0.647341146394759,0.77477541789964,1.56087083939313,0.00209767116411145,1.4853849709783,1.63599375090292,1.56087083939313,0.00209767116411145,1.4853849709783,1.63599375090292,0.932367096549183,0.00126755457117141,0.874340442681518,0.992748529114841,0.932367096549183,0.00126755457117141,0.874340442681518,0.992748529114841,1.04052998822504,0.0015280610807865,0.975138470182465,1.10559011565486,1.04052998822504,0.0015280610807865,0.975138470182465,1.10559011565486
"high-small","none",1,"continuous",90,95,1156497,1032873,1,1,1,1,0.693705279835161,0.995196037000922,1.52396829271068,0.693705279835161,0.671232194804504,0.00154553432016937,0.60522338398263,0.734176993644598,0.671232194804504,0.00154553432016937,0.60522338398263,0.734176993644598,1.53151092272224,0.00214795951494542,1.45512538422193,1.60752890335997,1.53151092272224,0.00214795951494542,1.45512538422193,1.60752890335997,1.02720367702521,0.00129794251654063,0.968485825688248,1.0883057910394,1.02720367702521,0.00129794251654063,0.968485825688248,1.0883057910394,0.960387074743393,0.00156469614167257,0.894216059532166,1.02622208754783,0.960387074743393,0.00156469614167257,0.894216059532166,1.02622208754783
"high-small","none",1,"continuous",90,96,1156497,7940006,1,1,1,1,0.693705279835161,0.995196037000922,1.52396829271068,0.693705279835161,0.695370299961217,0.00143097952803838,0.631854918066668,0.755937305261287,0.695370299961217,0.00143097952803838,0.631854918066668,0.755937305261287,1.53991086656185,0.00198879474152649,1.46640999081564,1.61305776080338,1.53991086656185,0.00198879474152649,1.46640999081564,1.61305776080338,1.00436878433083,0.00120176619687502,0.947868119640383,1.0631627890894,1.00436878433083,0.00120176619687502,0.947868119640383,1.0631627890894,1.02167371185623,0.00144875315980071,0.95800166197143,1.08502268386503,1.02167371185623,0.00144875315980071,0.95800166197143,1.08502268386503
"high-small","none",1,"continuous",90,97,1156497,1366753,1,1,1,1,0.693705279835161,0.995196037000922,1.52396829271068,0.693705279835161,0.64247679546082,0.00150669548344431,0.577302644774644,0.704625589579354,0.64247679546082,0.00150669548344431,0.577302644774644,0.704625589579354,1.50199606259021,0.0020939769665217,1.4265764951707,1.57705272981628,1.50199606259021,0.0020939769665217,1.4265764951707,1.57705272981628,0.987086283405079,0.0012653226824498,0.929110929026817,1.04741548421768,0.987086283405079,0.0012653226824498,0.929110929026817,1.04741548421768,0.976904800721586,0.00152537135778615,0.911570726762862,1.0419074689312,0.976904800721586,0.00152537135778615,0.911570726762862,1.0419074689312
"high-small","none",1,"continuous",90,98,1156497,10405049,1,1,1,1,0.693705279835161,0.995196037000922,1.52396829271068,0.693705279835161,0.688295189445572,0.00144373313121954,0.624497340556176,0.749131700597225,0.688295189445572,0.00144373313121954,0.624497340556176,0.749131700597225,1.49500989199424,0.00200648122719299,1.42118283273864,1.56848173243881,1.49500989199424,0.00200648122719299,1.42118283273864,1.56848173243881,1.00542324321722,0.00121245163903851,0.948672107424008,1.06447883126433,1.00542324321722,0.00121245163903851,0.948672107424008,1.06447883126433,0.914886637143852,0.00146163568358951,0.850931875378421,0.978516434308561,0.914886637143852,0.00146163568358951,0.850931875378421,0.978516434308561
"high-small","none",1,"continuous",90,99,1156497,1143360,1,1,1,1,0.693705279835161,0.995196037000922,1.52396829271068,0.693705279835161,0.761169201969621,0.00151192138421108,0.695882254353547,0.823425560680741,0.761169201969621,0.00151192138421108,0.695882254353547,0.823425560680741,1.50186587556785,0.00210124356786911,1.42631556388497,1.57705256265681,1.50186587556785,0.00210124356786911,1.42631556388497,1.57705256265681,0.981466045734556,0.0012697141098652,0.923390149428855,1.04189968794838,0.981466045734556,0.0012697141098652,0.923390149428855,1.04189968794838,1.00535709120041,0.00153066476777301,0.939909851106044,1.07047257927239,1.00535709120041,0.00153066476777301,0.939909851106044,1.07047257927239
"high-small","none",1,"continuous",90,100,1156497,9131769,1,1,1,1,0.693705279835161,0.995196037000922,1.52396829271068,0.693705279835161,0.681875563830573,0.00148028252828268,0.617275259483358,0.743477075292302,0.681875563830573,0.00148028252828268,0.617275259483358,0.743477075292302,1.49859717662395,0.00205729353621992,1.42384112396022,1.57299306867695,1.49859717662395,0.00205729353621992,1.42384112396022,1.57299306867695,1.00017460349157,0.00124315812244864,0.942709210951597,1.05997278989881,1.00017460349157,0.00124315812244864,0.942709210951597,1.05997278989881,1.04229651417234,0.00149865084506903,0.977537396855198,1.10672747929214,1.04229651417234,0.00149865084506903,0.977537396855198,1.10672747929214
"high-small","none",1,"continuous",90,101,1156497,9065832,1,1,1,1,0.693705279835161,0.995196037000922,1.52396829271068,0.693705279835161,0.587163054246056,0.00139609059233683,0.524426662240382,0.646987151947716,0.587163054246056,0.00139609059233683,0.524426662240382,0.646987151947716,1.55322029322015,0.00194031122039098,1.48062094873491,1.62547019353165,1.55322029322015,0.00194031122039098,1.48062094873491,1.62547019353165,0.966755521399499,0.00117246865127288,0.910947731224389,1.0248280694506,0.966755521399499,0.00117246865127288,0.910947731224389,1.0248280694506,1.02469477485992,0.00141343428030884,0.961803641567831,1.08726680416355,1.02469477485992,0.00141343428030884,0.961803641567831,1.08726680416355
"high-small","none",1,"continuous",90,102,1156497,830325,1,1,1,1,0.693705279835161,0.995196037000922,1.52396829271068,0.693705279835161,0.773942598278657,0.00145537674236786,0.709888130292178,0.83502368915933,0.773942598278657,0.00145537674236786,0.709888130292178,0.83502368915933,1.47401879321515,0.00202266231262981,1.39989462112286,1.5477861023844,1.47401879321515,0.00202266231262981,1.39989462112286,1.5477861023844,0.972311724143658,0.00122223038289373,0.915332115994655,1.0316045835768,0.972311724143658,0.00122223038289373,0.915332115994655,1.0316045835768,0.995139418635756,0.0014734222125468,0.930927628266409,1.05902573645567,0.995139418635756,0.0014734222125468,0.930927628266409,1.05902573645567
"high-small","none",1,"continuous",90,103,1156497,1357860,1,1,1,1,0.693705279835161,0.995196037000922,1.52396829271068,0.693705279835161,0.762625482485632,0.00161287615575324,0.695194097058877,0.826926717302387,0.762625482485632,0.00161287615575324,0.695194097058877,0.826926717302387,1.48230068544383,0.00224149516015202,1.40426966704191,1.55995654141373,1.48230068544383,0.00224149516015202,1.40426966704191,1.55995654141373,0.942013092874986,0.00135446155556234,0.882030390403012,1.00443117387267,0.942013092874986,0.00135446155556234,0.882030390403012,1.00443117387267,0.993854221725677,0.00163282830467474,0.926258168340775,1.0611079826308,0.993854221725677,0.00163282830467474,0.926258168340775,1.0611079826308
"high-small","none",1,"continuous",90,104,1156497,9839261,1,1,1,1,0.693705279835161,0.995196037000922,1.52396829271068,0.693705279835161,0.664096659979234,0.00143482335633734,0.600495941065865,0.724745215738031,0.664096659979234,0.00143482335633734,0.600495941065865,0.724745215738031,1.52348261610979,0.00199412083156135,1.44988331662009,1.59672759416841,1.52348261610979,0.00199412083156135,1.44988331662009,1.59672759416841,1.04560587073427,0.00120498354081321,0.989029778863199,1.10447928714422,1.04560587073427,0.00120498354081321,0.989029778863199,1.10447928714422,0.918878761959897,0.00145263349768276,0.855121188757727,0.982312100040034,0.918878761959897,0.00145263349768276,0.855121188757727,0.982312100040034
"high-small","none",1,"continuous",90,105,1156497,8873431,1,1,1,1,0.693705279835161,0.995196037000922,1.52396829271068,0.693705279835161,0.6611815881044,0.00147962738317633,0.596595566438552,0.722769463788204,0.6611815881044,0.00147962738317633,0.596595566438552,0.722769463788204,1.46871209159007,0.00205635798880509,1.39397302607532,1.54309133320499,1.46871209159007,0.00205635798880509,1.39397302607532,1.54309133320499,0.960981231452982,0.00124259162827306,0.903528948834981,1.02076586866165,0.960981231452982,0.00124259162827306,0.903528948834981,1.02076586866165,1.0153956240739,0.001497967458234,0.950651279071708,1.07981203291572,1.0153956240739,0.001497967458234,0.950651279071708,1.07981203291572
"high-small","none",1,"continuous",90,106,1156497,9684433,1,1,1,1,0.693705279835161,0.995196037000922,1.52396829271068,0.693705279835161,0.638596684630088,0.00149176788158043,0.573746150768473,0.700437028355553,0.638596684630088,0.00149176788158043,0.573746150768473,0.700437028355553,1.56406276427437,0.00207327009932522,1.48901706547796,1.6387471335705,1.56406276427437,0.00207327009932522,1.48901706547796,1.6387471335705,1.07404414234837,0.00125281117384188,1.01635616522083,1.13407451788937,1.07404414234837,0.00125281117384188,1.01635616522083,1.13407451788937,0.944745470316349,0.0015102908208548,0.879734891787132,1.00942541609639,0.944745470316349,0.0015102908208548,0.879734891787132,1.00942541609639
"high-small","none",1,"continuous",90,107,1156497,8498809,1,1,1,1,0.693705279835161,0.995196037000922,1.52396829271068,0.693705279835161,0.739022181020866,0.00158713738514812,0.672130954035407,0.802808354021162,0.739022181020866,0.00158713738514812,0.672130954035407,0.802808354021162,1.48616353565947,0.00220574519458438,1.40875725582558,1.56319738159745,1.48616353565947,0.00220574519458438,1.40875725582558,1.56319738159745,0.979587588454814,0.00133286020085325,0.920085148396825,1.04150608524928,0.979587588454814,0.00133286020085325,0.920085148396825,1.04150608524928,0.99460530463677,0.00160678813437277,0.927550391234828,1.06132046105407,0.99460530463677,0.00160678813437277,0.927550391234828,1.06132046105407
"high-small","none",1,"continuous",90,108,1156497,5269395,1,1,1,1,0.693705279835161,0.995196037000922,1.52396829271068,0.693705279835161,0.682064315922309,0.00146154260267056,0.617874209920921,0.743274794017291,0.682064315922309,0.00146154260267056,0.617874209920921,0.743274794017291,1.59036922329645,0.00203127599621211,1.51608757016006,1.6642933790751,1.59036922329645,0.00203127599621211,1.51608757016006,1.6642933790751,1.02249368344151,0.0012274353553069,0.965392794936159,1.08191229564773,1.02249368344151,0.0012274353553069,0.965392794936159,1.08191229564773,0.993966969168101,0.00147969886406642,0.929618316482572,1.0579886818544,0.993966969168101,0.00147969886406642,0.929618316482572,1.0579886818544
"high-small","none",1,"continuous",90,109,1156497,7382240,1,1,1,1,0.693705279835161,0.995196037000922,1.52396829271068,0.693705279835161,0.666477786570781,0.00147936377322595,0.601897469218086,0.728060352414044,0.666477786570781,0.00147936377322595,0.601897469218086,0.728060352414044,1.49680484347405,0.00205602949252657,1.42207165753255,1.57117760824006,1.49680484347405,0.00205602949252657,1.42207165753255,1.57117760824006,1.08025175034144,0.00124239547669093,1.02280409896175,1.14003214816354,1.08025175034144,0.00124239547669093,1.02280409896175,1.14003214816354,1.01003770367029,0.00149773287153692,0.945298262537654,1.07444858866318,1.01003770367029,0.00149773287153692,0.945298262537654,1.07444858866318
"high-small","none",1,"continuous",90,110,1156497,16371250,1,1,1,1,0.693705279835161,0.995196037000922,1.52396829271068,0.693705279835161,0.700783929438319,0.00141723559244128,0.637574297956681,0.761059397080501,0.700783929438319,0.00141723559244128,0.637574297956681,0.761059397080501,1.52993029890763,0.00196969441808122,1.45678320179525,1.6027250464658,1.52993029890763,0.00196969441808122,1.45678320179525,1.6027250464658,1.01292835828415,0.00119022468955955,0.956699679880404,1.0714394623217,1.01292835828415,0.00119022468955955,0.956699679880404,1.0714394623217,1.0121219577084,0.00143483982506148,0.948756368490605,1.07516596031719,1.0121219577084,0.00143483982506148,0.948756368490605,1.07516596031719
"high-small","none",1,"continuous",90,111,1156497,13338575,1,1,1,1,0.693705279835161,0.995196037000922,1.52396829271068,0.693705279835161,0.716166000662717,0.00156847700681192,0.649669135676769,0.779576097815821,0.716166000662717,0.00156847700681192,0.649669135676769,0.779576097815821,1.49850002124846,0.00217983360099922,1.42154974620615,1.57507981826254,1.49850002124846,0.00217983360099922,1.42154974620615,1.57507981826254,1.00392583169454,0.00131720381264977,0.944773877434924,1.06547951134195,1.00392583169454,0.00131720381264977,0.944773877434924,1.06547951134195,1.01584158433794,0.0015879142960637,0.949181682956741,1.08216367940419,1.01584158433794,0.0015879142960637,0.949181682956741,1.08216367940419
"high-small","none",1,"continuous",90,112,1156497,10889684,1,1,1,1,0.693705279835161,0.995196037000922,1.52396829271068,0.693705279835161,0.633004303750639,0.00151452123096314,0.567661133642303,0.695314306834862,0.633004303750639,0.00151452123096314,0.567661133642303,0.695314306834862,1.59861038514539,0.00210486882199089,1.52299519647361,1.67386241819221,1.59861038514539,0.00210486882199089,1.52299519647361,1.67386241819221,0.953864809835586,0.00127190203943417,0.895738788340672,1.01435001165301,0.953864809835586,0.00127190203943417,0.895738788340672,1.01435001165301,0.955251406199158,0.00153330403723526,0.889747458391509,1.02042256724137,0.955251406199158,0.00153330403723526,0.889747458391509,1.02042256724137
"high-small","none",1,"continuous",90,113,1156497,732299,1,1,1,1,0.693705279835161,0.995196037000922,1.52396829271068,0.693705279835161,0.719080808625611,0.00151570810814669,0.653712100538812,0.781415082548738,0.719080808625611,0.00151570810814669,0.653712100538812,0.781415082548738,1.51141751047174,0.002106547573304,1.43577178714925,1.58669827899003,1.51141751047174,0.002106547573304,1.43577178714925,1.58669827899003,1.07041038317952,0.0012729227598727,1.01226115955637,1.13092039366153,1.07041038317952,0.0012729227598727,1.01226115955637,1.13092039366153,1.08174354632512,0.00153453297291753,1.01621378429149,1.14694120725177,1.08174354632512,0.00153453297291753,1.01621378429149,1.14694120725177
"high-small","none",1,"continuous",90,114,1156497,12723220,1,1,1,1,0.693705279835161,0.995196037000922,1.52396829271068,0.693705279835161,0.746650255871425,0.00160311150285906,0.67942327290737,0.810756610056163,0.746650255871425,0.00160311150285906,0.67942327290737,0.810756610056163,1.58797426424411,0.00222798616753081,1.51017892425525,1.66539550389274,1.58797426424411,0.00222798616753081,1.51017892425525,1.66539550389274,0.995164869769344,0.00134629947826033,0.935363076638398,1.05739415102442,0.995164869769344,0.00134629947826033,0.935363076638398,1.05739415102442,1.02151931439041,0.00162299046667321,0.954127068332791,1.08856970096673,1.02151931439041,0.00162299046667321,0.954127068332791,1.08856970096673
"high-small","none",1,"continuous",90,115,1156497,13521026,1,1,1,1,0.693705279835161,0.995196037000922,1.52396829271068,0.693705279835161,0.756255996236994,0.00161217968680512,0.688839164873339,0.820543318901576,0.756255996236994,0.00161217968680512,0.688839164873339,0.820543318901576,1.58322764948463,0.00224060028887738,1.50521234623723,1.66086745696834,1.58322764948463,0.00224060028887738,1.50521234623723,1.66086745696834,1.00777176975315,0.00135392328208088,0.947800869194522,1.0701768776509,1.00777176975315,0.00135392328208088,0.947800869194522,1.0701768776509,1.07391395310487,0.00163218035432476,1.00633133536146,1.14115407361113,1.07391395310487,0.00163218035432476,1.00633133536146,1.14115407361113
"high-small","none",1,"continuous",90,116,1156497,1318971,1,1,1,1,0.693705279835161,0.995196037000922,1.52396829271068,0.693705279835161,0.7207878002999,0.0015049528061453,0.655651461491988,0.782900491779169,0.7207878002999,0.0015049528061453,0.655651461491988,0.782900491779169,1.48678138197583,0.00209154346856089,1.41140567888846,1.56179452928011,1.48678138197583,0.00209154346856089,1.41140567888846,1.56179452928011,0.940983843590779,0.00126385174723079,0.883042143528583,1.00127767879943,0.940983843590779,0.00126385174723079,0.883042143528583,1.00127767879943,0.997648336713394,0.00152359704407239,0.932352401086338,1.06261345588027,0.997648336713394,0.00152359704407239,0.932352401086338,1.06261345588027
"high-small","none",1,"continuous",90,117,1156497,10013538,1,1,1,1,0.693705279835161,0.995196037000922,1.52396829271068,0.693705279835161,0.707248607896,0.00157298754250463,0.64065617975035,0.770749857594531,0.707248607896,0.00157298754250463,0.64065617975035,0.770749857594531,1.51564372387028,0.00218611042405593,1.43858275500536,1.59233366366577,1.51564372387028,0.00218611042405593,1.43858275500536,1.59233366366577,1.02189421993226,0.00132099680286645,0.962657166101407,1.0835364920111,1.02189421993226,0.00132099680286645,0.962657166101407,1.0835364920111,1.01171853253346,0.00159248730916368,0.944962657055287,1.07813593497973,1.01171853253346,0.00159248730916368,0.944962657055287,1.07813593497973
"high-small","none",1,"continuous",90,118,1156497,407731,1,1,1,1,0.693705279835161,0.995196037000922,1.52396829271068,0.693705279835161,0.66123086525396,0.00143356089963385,0.597658188027011,0.721852632470299,0.66123086525396,0.00143356089963385,0.597658188027011,0.721852632470299,1.63366878689726,0.00199238643706606,1.56010182396822,1.70688229576887,1.63366878689726,0.00199238643706606,1.56010182396822,1.70688229576887,0.979893911017562,0.00120393348020257,0.923342260696488,1.0387406258401,0.979893911017562,0.00120393348020257,0.923342260696488,1.0387406258401,0.935324063778927,0.00145136791518764,0.871594191742737,0.998729644322645,0.935324063778927,0.00145136791518764,0.871594191742737,0.998729644322645
"high-small","none",1,"continuous",90,119,1156497,9061742,1,1,1,1,0.693705279835161,0.995196037000922,1.52396829271068,0.693705279835161,0.698133123957324,0.00144995035198008,0.634198101459452,0.759100288353803,0.698133123957324,0.00144995035198008,0.634198101459452,0.759100288353803,1.47907576063384,0.00201513024715443,1.40508971317697,1.55270546575661,1.47907576063384,0.00201513024715443,1.40508971317697,1.55270546575661,0.991734166800378,0.00121767960612639,0.934860736301034,1.05091657154872,0.991734166800378,0.00121767960612639,0.934860736301034,1.05091657154872,1.00227366240092,0.00146793638808729,0.938181512584024,1.06604087500633,1.00227366240092,0.00146793638808729,0.938181512584024,1.06604087500633
"high-small","none",1,"continuous",90,120,1156497,8663731,1,1,1,1,0.693705279835161,0.995196037000922,1.52396829271068,0.693705279835161,0.737213001470641,0.00145565459857397,0.673152366750335,0.798300058816536,0.737213001470641,0.00145565459857397,0.673152366750335,0.798300058816536,1.5431308766964,0.00202306878372464,1.4689993856525,1.61690571652436,1.5431308766964,0.00202306878372464,1.4689993856525,1.61690571652436,0.999714178043913,0.00122247522296054,0.942728841513207,1.05901288919937,0.999714178043913,0.00122247522296054,0.942728841513207,1.05901288919937,0.960423199765231,0.0014737190427627,0.896204698142239,1.02431551332229,0.960423199765231,0.0014737190427627,0.896204698142239,1.02431551332229
"high-small","none",1,"continuous",90,121,1156497,8499751,1,1,1,1,0.693705279835161,0.995196037000922,1.52396829271068,0.693705279835161,0.692853769133943,0.00152173869809514,0.627355139236866,0.755311940361804,0.692853769133943,0.00152173869809514,0.627355139236866,0.755311940361804,1.49608195575475,0.00211488016474929,1.420286877426,1.57151228544953,1.49608195575475,0.00211488016474929,1.420286877426,1.57151228544953,0.971813936161657,0.00127795402885135,0.913549896066173,1.03244335668528,0.971813936161657,0.00127795402885135,0.913549896066173,1.03244335668528,1.006330934123,0.00154059789218949,0.940671698866775,1.07165742839694,1.006330934123,0.00154059789218949,0.940671698866775,1.07165742839694
"high-small","none",1,"continuous",90,122,1156497,4534287,1,1,1,1,0.693705279835161,0.995196037000922,1.52396829271068,0.693705279835161,0.776902911433927,0.00158802495687573,0.709992967335703,0.840707054923061,0.776902911433927,0.00158802495687573,0.709992967335703,0.840707054923061,1.44537069796232,0.00220697955754252,1.36794256097119,1.5224257373108,1.44537069796232,0.00220697955754252,1.36794256097119,1.5224257373108,1.05309175296104,0.00133360782998059,0.993572791861524,1.11502840931111,1.05309175296104,0.00133360782998059,0.993572791861524,1.11502840931111,0.966674553114809,0.00160769032679745,0.899600734493235,1.03340824207743,0.966674553114809,0.00160769032679745,0.899600734493235,1.03340824207743
"high-small","none",1,"continuous",90,123,1156497,3578043,1,1,1,1,0.693705279835161,0.995196037000922,1.52396829271068,0.693705279835161,0.658034404528931,0.00136614302057883,0.595974543101131,0.71721358319554,0.658034404528931,0.00136614302057883,0.595974543101131,0.71721358319554,1.53416645719582,0.00189868465070828,1.46235003728635,1.60563722612771,1.53416645719582,0.00189868465070828,1.46235003728635,1.60563722612771,1.01293212400322,0.00114731451402511,0.95772637202267,1.07037902664722,1.01293212400322,0.00114731451402511,0.95772637202267,1.07037902664722,0.926241261094921,0.00138311224140106,0.864028093254313,0.988138044461431,0.926241261094921,0.00138311224140106,0.864028093254313,0.988138044461431
"high-small","none",1,"continuous",90,124,1156497,10562008,1,1,1,1,0.693705279835161,0.995196037000922,1.52396829271068,0.693705279835161,0.705267072378982,0.00140815491372526,0.642260253434818,0.765349288547758,0.705267072378982,0.00140815491372526,0.642260253434818,0.765349288547758,1.61199937730819,0.00195709290584914,1.53908679794818,1.68456109722,1.61199937730819,0.00195709290584914,1.53908679794818,1.68456109722,1.03985488540528,0.00118260874088899,0.98380637552058,1.09817841764229,1.03985488540528,0.00118260874088899,0.98380637552058,1.09817841764229,0.946698219277431,0.00142566080327347,0.883535298894982,1.00953967746139,0.946698219277431,0.00142566080327347,0.883535298894982,1.00953967746139
"high-small","none",1,"continuous",90,125,1156497,10893678,1,1,1,1,0.693705279835161,0.995196037000922,1.52396829271068,0.693705279835161,0.690487202255381,0.00141548844200006,0.627316500663168,0.750725606302697,0.690487202255381,0.00141548844200006,0.627316500663168,0.750725606302697,1.47891619198382,0.00196725138807965,1.40581433160816,1.55166572157977,1.47891619198382,0.00196725138807965,1.40581433160816,1.55166572157977,1.04005591528861,0.00118874878387754,0.983862229318895,1.09853131447568,1.04005591528861,0.00118874878387754,0.983862229318895,1.09853131447568,0.97436576523369,0.00143306086012593,0.91103942157165,1.03737063283044,0.97436576523369,0.00143306086012593,0.91103942157165,1.03737063283044
"high-small","none",1,"continuous",90,126,1156497,16309511,1,1,1,1,0.693705279835161,0.995196037000922,1.52396829271068,0.693705279835161,0.734050190996991,0.00146187966955279,0.669852716675166,0.795267712171534,0.734050190996991,0.00146187966955279,0.669852716675166,0.795267712171534,1.50278088854938,0.00203170996494966,1.42849113914634,1.57671300060448,1.50278088854938,0.00203170996494966,1.42849113914634,1.57671300060448,1.00618931733703,0.00122769748274073,0.949082443048891,1.06561479253981,1.00618931733703,0.00122769748274073,0.949082443048891,1.06561479253981,0.970248743642076,0.0014800139992633,0.905893326547511,1.0342775309071,0.970248743642076,0.0014800139992633,0.905893326547511,1.0342775309071
"high-small","none",1,"continuous",90,127,1156497,7937769,1,1,1,1,0.693705279835161,0.995196037000922,1.52396829271068,0.693705279835161,0.685468538248247,0.00142970517232144,0.621981370330277,0.746008791919875,0.685468538248247,0.00142970517232144,0.621981370330277,0.746008791919875,1.47609988695317,0.00198699958350266,1.40263200485259,1.5492137884556,1.47609988695317,0.00198699958350266,1.40263200485259,1.5492137884556,1.05175978562761,0.0012006813313524,0.995284831258797,1.11052823864204,1.05175978562761,0.0012006813313524,0.995284831258797,1.11052823864204,0.933065659211449,0.00144744644114345,0.869422134013915,0.996385820676541,0.933065659211449,0.00144744644114345,0.869422134013915,0.996385820676541
"high-small","none",1,"continuous",90,128,1156497,13851640,1,1,1,1,0.693705279835161,0.995196037000922,1.52396829271068,0.693705279835161,0.686459154317984,0.0014821907387123,0.621817199938406,0.748100541831383,0.686459154317984,0.0014821907387123,0.621817199938406,0.748100541831383,1.57533419759722,0.00205996359127684,1.50052978593994,1.64977855142383,1.57533419759722,0.00205996359127684,1.50052978593994,1.64977855142383,1.03855035589787,0.00124477030813698,0.981047725225386,1.09838736819708,1.03855035589787,0.00124477030813698,0.981047725225386,1.09838736819708,0.978366382292445,0.00150059663924515,0.913564894907347,1.04283858262184,0.978366382292445,0.00150059663924515,0.913564894907347,1.04283858262184
"high-small","none",1,"continuous",90,129,1156497,16612726,1,1,1,1,0.693705279835161,0.995196037000922,1.52396829271068,0.693705279835161,0.707086030682129,0.00162707247216083,0.639358435442116,0.771669783232679,0.707086030682129,0.00162707247216083,0.639358435442116,0.771669783232679,1.59645896566915,0.00226130622517338,1.51808395554658,1.67445658962001,1.59645896566915,0.00226130622517338,1.51808395554658,1.67445658962001,1.07026837742296,0.00136643564560312,1.01002109313264,1.13296164896116,1.07026837742296,0.00136643564560312,1.01002109313264,1.13296164896116,1.03957669235227,0.00164726563804504,0.971682306833511,1.10712650490089,1.03957669235227,0.00164726563804504,0.971682306833511,1.10712650490089
"high-small","none",1,"continuous",90,130,1156497,3972502,1,1,1,1,0.693705279835161,0.995196037000922,1.52396829271068,0.693705279835161,0.638849141039834,0.00138892340433614,0.576274034102643,0.69851953435721,0.638849141039834,0.00138892340433614,0.576274034102643,0.69851953435721,1.57756676941046,0.00193034323027838,1.5051542557037,1.6496312047122,1.57756676941046,0.00193034323027838,1.5051542557037,1.6496312047122,0.943901253653868,0.00116644352399166,0.888237036893912,1.00182435887497,0.943901253653868,0.00116644352399166,0.888237036893912,1.00182435887497,0.967873962609162,0.00140617171663604,0.90514442783227,1.03028481524805,0.967873962609162,0.00140617171663604,0.90514442783227,1.03028481524805
"high-small","none",1,"continuous",90,131,1156497,14250494,1,1,1,1,0.693705279835161,0.995196037000922,1.52396829271068,0.693705279835161,0.720717726110536,0.0014706413259995,0.656328149216656,0.782118384243648,0.720717726110536,0.0014706413259995,0.656328149216656,0.782118384243648,1.46055252046342,0.00204387164021353,1.38604065847631,1.53470552033655,1.46055252046342,0.00204387164021353,1.38604065847631,1.53470552033655,0.997071013433277,0.00123504681780235,0.939793497910163,1.05667425176468,0.997071013433277,0.00123504681780235,0.939793497910163,1.05667425176468,0.983282700829184,0.00148887290677537,0.918735083708323,1.04750306278356,0.983282700829184,0.00148887290677537,0.918735083708323,1.04750306278356
"high-small","none",1,"continuous",90,132,1156497,9889951,1,1,1,1,0.693705279835161,0.995196037000922,1.52396829271068,0.693705279835161,0.652364368444016,0.0014697502375074,0.587994281863066,0.713746346156897,0.652364368444016,0.0014697502375074,0.587994281863066,0.713746346156897,1.52587068180472,0.00204264712001063,1.45138135611165,1.60000170411716,1.52587068180472,0.00204264712001063,1.45138135611165,1.60000170411716,0.947480008220881,0.00123430568597909,0.890219516442774,1.00706457971511,0.947480008220881,0.00123430568597909,0.890219516442774,1.00706457971511,1.0101396599668,0.00148797928905912,0.945611421096733,1.07434075372895,1.0101396599668,0.00148797928905912,0.945611421096733,1.07434075372895
"high-small","none",1,"continuous",90,133,1156497,10390117,1,1,1,1,0.693705279835161,0.995196037000922,1.52396829271068,0.693705279835161,0.752821375869118,0.00135028719160906,0.69112282222827,0.811655974833934,0.752821375869118,0.00135028719160906,0.69112282222827,0.811655974833934,1.56442927138174,0.00187666801601989,1.49303052109409,1.63548427357272,1.56442927138174,0.00187666801601989,1.49303052109409,1.63548427357272,1.00171309735626,0.00113401132179634,0.946828238600532,1.05882547798517,1.00171309735626,0.00113401132179634,0.946828238600532,1.05882547798517,0.981345564897302,0.00136707448252841,0.919494261029412,1.04288253968493,0.981345564897302,0.00136707448252841,0.919494261029412,1.04288253968493
"high-small","none",1,"continuous",90,134,1156497,10551621,1,1,1,1,0.693705279835161,0.995196037000922,1.52396829271068,0.693705279835161,0.742186722942429,0.00149753056846772,0.677211181253148,0.804146169362158,0.742186722942429,0.00149753056846772,0.677211181253148,0.804146169362158,1.48751340766224,0.00208124985245448,1.41232331916371,1.56234134629035,1.48751340766224,0.00208124985245448,1.41232331916371,1.56234134629035,1.01758297451091,0.00125763342449122,0.959784080390741,1.07772873399433,1.01758297451091,0.00125763342449122,0.959784080390741,1.07772873399433,0.992936121158112,0.0015161017965616,0.927800917416592,1.05774098282594,0.992936121158112,0.0015161017965616,0.927800917416592,1.05774098282594
"high-small","none",1,"continuous",90,135,1156497,9633056,1,1,1,1,0.693705279835161,0.995196037000922,1.52396829271068,0.693705279835161,0.724793071114401,0.00141217014625459,0.661696551436827,0.784960579295662,0.724793071114401,0.00141217014625459,0.661696551436827,0.784960579295662,1.49939164593691,0.00196265377529797,1.42637534768184,1.57205598076353,1.49939164593691,0.00196265377529797,1.42637534768184,1.57205598076353,0.99135605829444,0.00118597127286985,0.93522789830195,1.04976230812629,0.99135605829444,0.00118597127286985,0.93522789830195,1.04976230812629,1.06689178108876,0.00142971096797697,1.00363975973374,1.12982332961395,1.06689178108876,0.00142971096797697,1.00363975973374,1.12982332961395
"high-small","none",1,"continuous",90,136,1156497,5579004,1,1,1,1,0.693705279835161,0.995196037000922,1.52396829271068,0.693705279835161,0.634537639435155,0.00149638340808722,0.569586911215322,0.696473327329745,0.634537639435155,0.00149638340808722,0.569586911215322,0.696473327329745,1.53067466913411,0.00207967144845306,1.45551320819674,1.60547425349693,1.53067466913411,0.00207967144845306,1.45551320819674,1.60547425349693,1.00108810522194,0.00125667951819065,0.9433110300286,1.06121057074069,1.00108810522194,0.00125667951819065,0.9433110300286,1.06121057074069,1.02403051674856,0.00151495172475759,0.958920051207759,1.08881079575107,1.02403051674856,0.00151495172475759,0.958920051207759,1.08881079575107
"high-small","none",1,"continuous",90,137,1156497,4851002,1,1,1,1,0.693705279835161,0.995196037000922,1.52396829271068,0.693705279835161,0.659514260668662,0.00161388029071056,0.592061713876555,0.723835768550973,0.659514260668662,0.00161388029071056,0.592061713876555,0.723835768550973,1.50210633467768,0.00224291966637877,1.42405043875884,1.57978650335512,1.50210633467768,0.00224291966637877,1.42405043875884,1.57978650335512,1.0397351611084,0.00135532400541724,0.979733479297342,1.10217370941152,1.0397351611084,0.00135532400541724,0.979733479297342,1.10217370941152,0.967854569201799,0.00163387000263277,0.900236757294502,1.03512929568912,0.967854569201799,0.00163387000263277,0.900236757294502,1.03512929568912
"high-small","none",1,"continuous",90,138,1156497,6748665,1,1,1,1,0.693705279835161,0.995196037000922,1.52396829271068,0.693705279835161,0.695500759345987,0.00154737337034674,0.629452752897839,0.758482875137106,0.695500759345987,0.00154737337034674,0.629452752897839,0.758482875137106,1.55812647552818,0.00215051247272812,1.48169569576086,1.63418987999148,1.55812647552818,0.00215051247272812,1.48169569576086,1.63418987999148,0.970658303273928,0.00129948390185621,0.911905485400623,1.03179613470433,0.970658303273928,0.00129948390185621,0.911905485400623,1.03179613470433,0.977949689374829,0.00156655367058549,0.911739461864289,1.04382391121028,0.977949689374829,0.00156655367058549,0.911739461864289,1.04382391121028
"high-small","none",1,"continuous",90,139,1156497,6329371,1,1,1,1,0.693705279835161,0.995196037000922,1.52396829271068,0.693705279835161,0.731145824646205,0.00141990013224756,0.667876823791159,0.791477975625787,0.731145824646205,0.00141990013224756,0.667876823791159,0.791477975625787,1.50176631739964,0.00197336111732235,1.42855119938979,1.57462933716431,1.50176631739964,0.00197336111732235,1.42855119938979,1.57462933716431,0.959757122986107,0.00119243783266067,0.903476238356426,1.01832281195823,0.959757122986107,0.00119243783266067,0.903476238356426,1.01832281195823,0.939128411077174,0.00143750792127507,0.87570380740372,1.00223100570899,0.939128411077174,0.00143750792127507,0.87570380740372,1.00223100570899
"high-small","none",1,"continuous",90,140,1156497,15525463,1,1,1,1,0.693705279835161,0.995196037000922,1.52396829271068,0.693705279835161,0.759792936102376,0.00145697802293991,0.695703242337275,0.820907585954336,0.759792936102376,0.00145697802293991,0.695703242337275,0.820907585954336,1.55282184300237,0.00202492804873972,1.47865629244362,1.62663022122279,1.55282184300237,0.00202492804873972,1.47865629244362,1.62663022122279,0.999082695817706,0.00122360044565108,0.942071050509432,1.05840825195244,0.999082695817706,0.00122360044565108,0.942071050509432,1.05840825195244,1.04658675818972,0.00147507439365173,0.982338967653321,1.11050870399674,1.04658675818972,0.00147507439365173,0.982338967653321,1.11050870399674
"high-small","none",1,"continuous",90,141,1156497,15404920,1,1,1,1,0.693705279835161,0.995196037000922,1.52396829271068,0.693705279835161,0.734787639111303,0.00145883089163038,0.670657151113415,0.795941235330244,0.734787639111303,0.00145883089163038,0.670657151113415,0.795941235330244,1.51918250150009,0.00202749632849065,1.44496981554779,1.5930375607107,1.51918250150009,0.00202749632849065,1.44496981554779,1.5930375607107,1.03505698323308,0.00122515294096332,0.978009280038867,1.09442065204025,1.03505698323308,0.00122515294096332,0.978009280038867,1.09442065204025,1.02158122620364,0.00147694630796099,0.957292639193239,1.08554364946051,1.02158122620364,0.00147694630796099,0.957292639193239,1.08554364946051
"high-small","none",1,"continuous",90,142,1156497,6323096,1,1,1,1,0.693705279835161,0.995196037000922,1.52396829271068,0.693705279835161,0.625498666624428,0.00151694677891633,0.560103172412541,0.687858504155707,0.625498666624428,0.00151694677891633,0.560103172412541,0.687858504155707,1.51852005944151,0.00210822261947503,1.44284443780114,1.59383172766859,1.51852005944151,0.00210822261947503,1.44284443780114,1.59383172766859,0.969324224752609,0.00127393027702739,0.911151969411441,1.02985808379153,0.969324224752609,0.00127393027702739,0.911151969411441,1.02985808379153,0.981611636096942,0.00153574784991723,0.91605571799692,1.04683505069871,0.981611636096942,0.00153574784991723,0.91605571799692,1.04683505069871
"high-small","none",1,"continuous",90,143,1156497,5516701,1,1,1,1,0.693705279835161,0.995196037000922,1.52396829271068,0.693705279835161,0.660452489796929,0.00168273480034903,0.591576129876906,0.726131626378902,0.660452489796929,0.00168273480034903,0.591576129876906,0.726131626378902,1.51764412105933,0.00233858094831681,1.43794113460477,1.59696396617333,1.51764412105933,0.00233858094831681,1.43794113460477,1.59696396617333,0.974355979539151,0.00141312697021327,0.913088066777286,1.03811165903092,0.974355979539151,0.00141312697021327,0.913088066777286,1.03811165903092,0.991563037097944,0.00170355117491843,0.922518504239318,1.0602576997291,0.991563037097944,0.00170355117491843,0.922518504239318,1.0602576997291
"high-small","none",1,"continuous",90,144,1156497,6184663,1,1,1,1,0.693705279835161,0.995196037000922,1.52396829271068,0.693705279835161,0.796008871976572,0.00148221422143439,0.731366518259956,0.857650576512326,0.796008871976572,0.00148221422143439,0.731366518259956,0.857650576512326,1.41801678912206,0.00205993873780952,1.34321252365893,1.49246061528826,1.41801678912206,0.00205993873780952,1.34321252365893,1.49246061528826,0.991184172456079,0.00124475606099373,0.933682003613853,1.05102144397223,0.991184172456079,0.00124475606099373,0.933682003613853,1.05102144397223,0.990652237152025,0.00150057680900167,0.925851519476319,1.05512473591142,0.990652237152025,0.00150057680900167,0.925851519476319,1.05512473591142
"high-small","none",1,"continuous",90,145,1156497,12335529,1,1,1,1,0.693705279835161,0.995196037000922,1.52396829271068,0.693705279835161,0.695397700325247,0.00177061938738157,0.624745602681094,0.762770269642681,0.695397700325247,0.00177061938738157,0.624745602681094,0.762770269642681,1.46929821751811,0.00246069581802495,1.38754044773398,1.55066230308956,1.46929821751811,0.00246069581802495,1.38754044773398,1.55066230308956,1.06190850856458,0.00148691885611071,0.999061512312884,1.12730876489983,1.06190850856458,0.00148691885611071,0.999061512312884,1.12730876489983,0.976055057253653,0.00179250910706925,0.905230699961,1.04652044159956,0.976055057253653,0.00179250910706925,0.905230699961,1.04652044159956
"high-small","none",1,"continuous",90,146,1156497,4923659,1,1,1,1,0.693705279835161,0.995196037000922,1.52396829271068,0.693705279835161,0.745779643104428,0.00157960289195187,0.679047375706219,0.809414276120726,0.745779643104428,0.00157960289195187,0.679047375706219,0.809414276120726,1.51764550575563,0.00219529092503513,1.44042294046576,1.59449654964355,1.51764550575563,0.00219529092503513,1.44042294046576,1.59449654964355,0.997985761492899,0.00132654305989906,0.938624481871665,1.05975728200331,0.997985761492899,0.00132654305989906,0.938624481871665,1.05975728200331,0.988585409056715,0.00159917348797312,0.921689484879225,1.05514208994118,0.988585409056715,0.00159917348797312,0.921689484879225,1.05514208994118
"high-small","none",1,"continuous",90,147,1156497,11729097,1,1,1,1,0.693705279835161,0.995196037000922,1.52396829271068,0.693705279835161,0.681749899176623,0.00145426434508502,0.61771982123873,0.742807684881334,0.681749899176623,0.00145426434508502,0.61771982123873,0.742807684881334,1.49741831746069,0.0020211436445561,1.42332195369238,1.57115756336914,1.49741831746069,0.0020211436445561,1.42332195369238,1.57115756336914,1.02032161900955,0.00122131440118043,0.963363347659053,1.07959219918553,1.02032161900955,0.00122131440118043,0.963363347659053,1.07959219918553,1.03342677146809,0.00147231830842582,0.969239066348746,1.09728904773107,1.03342677146809,0.00147231830842582,0.969239066348746,1.09728904773107
"high-small","none",1,"continuous",90,148,1156497,13314629,1,1,1,1,0.693705279835161,0.995196037000922,1.52396829271068,0.693705279835161,0.727291383719836,0.00151431933772936,0.661952650968348,0.78959712620235,0.727291383719836,0.00151431933772936,0.661952650968348,0.78959712620235,1.57498256576492,0.00210461301366383,1.49937181052184,1.6502293266473,1.57498256576492,0.00210461301366383,1.49937181052184,1.6502293266473,1.01840992688053,0.0012717508762688,0.960287398613747,1.07889169470062,1.01840992688053,0.0012717508762688,0.960287398613747,1.07889169470062,1.03201643674403,0.00153312107295707,0.966516629744749,1.09718388142991,1.03201643674403,0.00153312107295707,0.966516629744749,1.09718388142991
"high-small","none",1,"continuous",90,149,1156497,10507824,1,1,1,1,0.693705279835161,0.995196037000922,1.52396829271068,0.693705279835161,0.691284206294843,0.00157576311991333,0.624633034574405,0.754841531867336,0.691284206294843,0.00157576311991333,0.624633034574405,0.754841531867336,1.53711621253582,0.00218995485153946,1.45998761405094,1.6138739665194,1.53711621253582,0.00218995485153946,1.45998761405094,1.6138739665194,0.994981724024073,0.00132331776470309,0.935692645865549,1.05667809190425,0.994981724024073,0.00132331776470309,0.935692645865549,1.05667809190425,0.961144464634176,0.00159528602622039,0.894329776097668,1.02762002884615,0.961144464634176,0.00159528602622039,0.894329776097668,1.02762002884615
"high-small","none",1,"continuous",90,150,1156497,7324943,1,1,1,1,0.693705279835161,0.995196037000922,1.52396829271068,0.693705279835161,0.753599407719415,0.00145971590545663,0.689449497628465,0.814771500897092,0.753599407719415,0.00145971590545663,0.689449497628465,0.814771500897092,1.48123608713706,0.00202870302145811,1.40700128931523,1.555113304874,1.48123608713706,0.00202870302145811,1.40700128931523,1.555113304874,0.995486973452285,0.00122588135131681,0.93842232902066,1.05486834875492,0.995486973452285,0.00122588135131681,0.93842232902066,1.05486834875492,1.01068002400052,0.00147782364723317,0.946372412165019,1.07466165473187,1.01068002400052,0.00147782364723317,0.946372412165019,1.07466165473187
"high-small","none",1,"continuous",90,151,1156497,6499562,1,1,1,1,0.693705279835161,0.995196037000922,1.52396829271068,0.693705279835161,0.641757068494354,0.00153844841412877,0.575899753076402,0.704557271522766,0.641757068494354,0.00153844841412877,0.575899753076402,0.704557271522766,1.50790951568627,0.00213810583260217,1.43169937593429,1.58375288502462,1.50790951568627,0.00213810583260217,1.43169937593429,1.58375288502462,0.987761255700323,0.00129198864135881,0.929178168981337,1.04872275566149,0.987761255700323,0.00129198864135881,0.929178168981337,1.04872275566149,1.00620789639665,0.00155751715235457,0.940189068133949,1.07189206126589,1.00620789639665,0.00155751715235457,0.940189068133949,1.07189206126589
"high-small","none",1,"continuous",90,152,1156497,1852375,1,1,1,1,0.693705279835161,0.995196037000922,1.52396829271068,0.693705279835161,0.736665161573092,0.00134398298971211,0.675110827715574,0.795362067130508,0.736665161573092,0.00134398298971211,0.675110827715574,0.795362067130508,1.55072022613345,0.00186793864359283,1.47948759677364,1.62160895409141,1.55072022613345,0.00186793864359283,1.47948759677364,1.62160895409141,1.04491264395677,0.00112874027744885,0.990155410959263,1.10189176563513,1.04491264395677,0.00112874027744885,0.990155410959263,1.10189176563513,1.12747011145137,0.00136071875885087,1.06576309483786,1.1888642024543,1.12747011145137,0.00136071875885087,1.06576309483786,1.1888642024543
"high-small","none",1,"continuous",90,153,1156497,572942,1,1,1,1,0.693705279835161,0.995196037000922,1.52396829271068,0.693705279835161,0.727060627392392,0.00145318449265799,0.663054375085671,0.788095705765984,0.727060627392392,0.00145318449265799,0.663054375085671,0.788095705765984,1.50188154525316,0.00201964119049116,1.42781275742453,1.57559344778887,1.50188154525316,0.00201964119049116,1.42781275742453,1.57559344778887,1.00773121281975,0.0012204061624487,0.950794109357241,1.0669796640326,1.00773121281975,0.0012204061624487,0.950794109357241,1.0669796640326,1.03184131301521,0.00147122333749075,0.967677481228147,1.09567985480139,1.03184131301521,0.00147122333749075,0.967677481228147,1.09567985480139
"high-small","none",1,"continuous",90,154,1156497,9096174,1,1,1,1,0.693705279835161,0.995196037000922,1.52396829271068,0.693705279835161,0.648139275160107,0.00146116922391385,0.583957327076109,0.70934197738726,0.648139275160107,0.00146116922391385,0.583957327076109,0.70934197738726,1.51122229775648,0.00203070781142059,1.43695095064616,1.58513654785068,1.51122229775648,0.00203070781142059,1.43695095064616,1.58513654785068,0.967475536203995,0.00122709016186134,0.910382762746826,1.02688621098568,0.967475536203995,0.00122709016186134,0.910382762746826,1.02688621098568,0.935345802872787,0.00147928206309151,0.871006202111817,0.999358709753518,0.935345802872787,0.00147928206309151,0.871006202111817,0.999358709753518
"high-small","none",1,"continuous",90,155,1156497,14532578,1,1,1,1,0.693705279835161,0.995196037000922,1.52396829271068,0.693705279835161,0.714828860962997,0.00144802283324742,0.650936383514348,0.775755530556767,0.714828860962997,0.00144802283324742,0.650936383514348,0.775755530556767,1.58871274824992,0.00201247136180672,1.51477582095603,1.66229428587736,1.58871274824992,0.00201247136180672,1.51477582095603,1.66229428587736,0.965320159306261,0.0012160706286112,0.908484188853529,1.02446283259353,0.965320159306261,0.0012160706286112,0.908484188853529,1.02446283259353,0.967853688724637,0.00146599826257568,0.903803596696629,1.0315783723592,0.967853688724637,0.00146599826257568,0.903803596696629,1.0315783723592
"high-small","none",1,"continuous",90,156,1156497,1361211,1,1,1,1,0.693705279835161,0.995196037000922,1.52396829271068,0.693705279835161,0.676663112836965,0.00151977819141195,0.611206697599227,0.739080988987901,0.676663112836965,0.00151977819141195,0.611206697599227,0.739080988987901,1.6071877074842,0.00211221565552586,1.53144056671761,1.68257014511934,1.6071877074842,0.00211221565552586,1.53144056671761,1.68257014511934,1.01097681342035,0.00127634544790272,0.952749299480595,1.07156732577559,1.01097681342035,0.00127634544790272,0.952749299480595,1.07156732577559,1.07937690735849,0.00153865954402957,1.01375897791913,1.14466202572249,1.07937690735849,0.00153865954402957,1.01375897791913,1.14466202572249
"high-small","none",1,"continuous",90,157,1156497,3198893,1,1,1,1,0.693705279835161,0.995196037000922,1.52396829271068,0.693705279835161,0.680044981736928,0.00143619472012835,0.616413948720371,0.740722227520469,0.680044981736928,0.00143619472012835,0.616413948720371,0.740722227520469,1.4585048008852,0.00199600563358104,1.38487066070629,1.53178431692219,1.4585048008852,0.00199600563358104,1.38487066070629,1.53178431692219,0.969423369454896,0.00120612310888944,0.912820452095445,1.02832421322079,0.969423369454896,0.00120612310888944,0.912820452095445,1.02832421322079,1.00477878229208,0.00145400432939867,0.94099156231015,1.06824279279141,1.00477878229208,0.00145400432939867,0.94099156231015,1.06824279279141
"high-small","none",1,"continuous",90,158,1156497,6293998,1,1,1,1,0.693705279835161,0.995196037000922,1.52396829271068,0.693705279835161,0.706500182339487,0.00153183775348704,0.640784560539873,0.769165354023527,0.706500182339487,0.00153183775348704,0.640784560539873,0.769165354023527,1.5416192821761,0.00212893910671788,1.46557272633497,1.61729977336076,1.5416192821761,0.00212893910671788,1.46557272633497,1.61729977336076,1.02355755411231,0.00128644989899338,0.96510018147375,1.08438825846769,1.02355755411231,0.00128644989899338,0.96510018147375,1.08438825846769,0.999229204942815,0.00155084108848893,0.933351914283307,1.06477218871295,0.999229204942815,0.00155084108848893,0.933351914283307,1.06477218871295
"high-small","none",1,"continuous",90,159,1156497,811482,1,1,1,1,0.693705279835161,0.995196037000922,1.52396829271068,0.693705279835161,0.676167627361623,0.00148349271649499,0.611497287510082,0.737836017640822,0.676167627361623,0.00148349271649499,0.611497287510082,0.737836017640822,1.55393645567181,0.00206177346335513,1.47909913269681,1.62841333462366,1.55393645567181,0.00206177346335513,1.47909913269681,1.62841333462366,1.03841025225992,0.00124586486785812,0.98088233870267,1.09827353547606,1.03841025225992,0.00124586486785812,0.98088233870267,1.09827353547606,1.01359005163803,0.00150191538036092,0.948760234032759,1.07809076703396,1.01359005163803,0.00150191538036092,0.948760234032759,1.07809076703396
"high-small","none",1,"continuous",90,160,1156497,14255323,1,1,1,1,0.693705279835161,0.995196037000922,1.52396829271068,0.693705279835161,0.65981170409359,0.00150637350963944,0.59464447705285,0.72195401934669,0.65981170409359,0.00150637350963944,0.59464447705285,0.72195401934669,1.45784913596143,0.00209353031937549,1.38243740124241,1.53289742983337,1.45784913596143,0.00209353031937549,1.38243740124241,1.53289742983337,1.06764128474807,0.00126505453547469,1.00967224506286,1.12796492977019,1.06764128474807,0.00126505453547469,1.00967224506286,1.12796492977019,0.942816007850802,0.00152504911656857,0.877488733304901,1.00781158484155,0.942816007850802,0.00152504911656857,0.877488733304901,1.00781158484155
"high-small","none",1,"continuous",90,161,1156497,15361365,1,1,1,1,0.693705279835161,0.995196037000922,1.52396829271068,0.693705279835161,0.737238530157341,0.00151446419591449,0.671896649863652,0.799547325015488,0.737238530157341,0.00151446419591449,0.671896649863652,0.799547325015488,1.49877672528975,0.00210478590005474,1.42316268321162,1.57402656512414,1.49877672528975,0.00210478590005474,1.42316268321162,1.57402656512414,1.03088565336037,0.00127185553610211,0.972760874335339,1.09137059040274,1.03088565336037,0.00127185553610211,0.972760874335339,1.09137059040274,0.992666818297099,0.0015332470498966,0.927164321312539,1.05783702818087,0.992666818297099,0.0015332470498966,0.927164321312539,1.05783702818087
"high-small","none",1,"continuous",90,162,1156497,4161871,1,1,1,1,0.693705279835161,0.995196037000922,1.52396829271068,0.693705279835161,0.710829918624393,0.00143118765459401,0.647309910433189,0.771401400018957,0.710829918624393,0.00143118765459401,0.647309910433189,0.771401400018957,1.54975675889506,0.00198909407528705,1.4762503195879,1.62290901083602,1.54975675889506,0.00198909407528705,1.4762503195879,1.62290901083602,1.04723061497521,0.00120194767980909,0.99072572761326,1.10602927039713,1.04723061497521,0.00120194767980909,0.99072572761326,1.10602927039713,1.00957677996577,0.00144897269657554,0.945899822168189,1.07293036013823,1.00957677996577,0.00144897269657554,0.945899822168189,1.07293036013823
"high-small","none",1,"continuous",90,163,1156497,14613740,1,1,1,1,0.693705279835161,0.995196037000922,1.52396829271068,0.693705279835161,0.630585980985559,0.00161274505790535,0.563157181196825,0.694884792662056,0.630585980985559,0.00161274505790535,0.563157181196825,0.694884792662056,1.61097976051768,0.00224137117458408,1.53295113828469,1.68863343607322,1.61097976051768,0.00224137117458408,1.53295113828469,1.68863343607322,0.994324031941704,0.00135438646509525,0.934342898811844,1.05673997742262,0.994324031941704,0.00135438646509525,0.934342898811844,1.05673997742262,0.98711390258454,0.00163274029728468,0.919519384393286,1.05436519163616,0.98711390258454,0.00163274029728468,0.919519384393286,1.05436519163616
"high-small","none",1,"continuous",90,164,1156497,14539715,1,1,1,1,0.693705279835161,0.995196037000922,1.52396829271068,0.693705279835161,0.738905622199974,0.00159124836669743,0.671927806178631,0.802774455335208,0.738905622199974,0.00159124836669743,0.671927806178631,0.802774455335208,1.48185210637032,0.00221143755996877,1.40434602250824,1.5589856200146,1.48185210637032,0.00221143755996877,1.40434602250824,1.5589856200146,0.968720635844571,0.00133629822801627,0.909141555571561,1.03071919414872,0.968720635844571,0.00133629822801627,0.909141555571561,1.03071919414872,0.936492264689311,0.00161093352633674,0.869350725803916,1.00329325868675,0.936492264689311,0.00161093352633674,0.869350725803916,1.00329325868675
"high-small","none",1,"continuous",90,165,1156497,9993069,1,1,1,1,0.693705279835161,0.995196037000922,1.52396829271068,0.693705279835161,0.732020231316453,0.00154270807200947,0.666071916512793,0.794907213813531,0.732020231316453,0.00154270807200947,0.666071916512793,0.794907213813531,1.48236006177213,0.00214400313726096,1.40604489272046,1.55830815993964,1.48236006177213,0.00214400313726096,1.40604489272046,1.55830815993964,0.945635635187099,0.00129555124510539,0.88697182709946,1.00668106289732,0.945635635187099,0.00129555124510539,0.88697182709946,1.00668106289732,0.999506496644138,0.0015618111541389,0.933396785369734,1.06528135223628,0.999506496644138,0.0015618111541389,0.933396785369734,1.06528135223628
"high-small","none",1,"continuous",90,166,1156497,913833,1,1,1,1,0.693705279835161,0.995196037000922,1.52396829271068,0.693705279835161,0.760206819983334,0.00146337376660251,0.695976554985067,0.821455639971117,0.760206819983334,0.00146337376660251,0.695976554985067,0.821455639971117,1.47648102185219,0.00203378597748808,1.40215322464887,1.55045069535278,1.47648102185219,0.00203378597748808,1.40215322464887,1.55045069535278,1.03645483219132,0.00122895292529858,0.979318831317209,1.09591099287982,1.03645483219132,0.00122895292529858,0.979318831317209,1.09591099287982,0.970276399766056,0.00148152750370283,0.905888104759891,1.03433791765197,0.970276399766056,0.00148152750370283,0.905888104759891,1.03433791765197
"high-small","none",1,"continuous",90,167,1156497,12078974,1,1,1,1,0.693705279835161,0.995196037000922,1.52396829271068,0.693705279835161,0.651283602187585,0.00155664828665062,0.585037883479467,0.714454215045329,0.651283602187585,0.00155664828665062,0.585037883479467,0.714454215045329,1.51415938364341,0.00216340025458174,1.43749975356686,1.59045003127168,1.51415938364341,0.00216340025458174,1.43749975356686,1.59045003127168,1.00808679963532,0.00130727335144158,0.949158233523855,1.06940799235375,1.00808679963532,0.00130727335144158,0.949158233523855,1.06940799235375,1.00012524264246,0.00157594349893163,0.933716998223971,1.06619672962028,1.00012524264246,0.00157594349893163,0.933716998223971,1.06619672962028
"high-small","none",1,"continuous",90,168,1156497,15332342,1,1,1,1,0.693705279835161,0.995196037000922,1.52396829271068,0.693705279835161,0.715066982516638,0.00146167010720827,0.650874092972758,0.776280123046108,0.715066982516638,0.00146167010720827,0.650874092972758,0.776280123046108,1.53483296247858,0.00203143830547182,1.46054821451296,1.60875997392324,1.53483296247858,0.00203143830547182,1.46054821451296,1.60875997392324,1.029889038392,0.0012275340034382,0.972785932885823,1.0893104029773,1.029889038392,0.0012275340034382,0.972785932885823,1.0893104029773,0.990308280975024,0.00147981727879178,0.92595712892571,1.05433270485989,0.990308280975024,0.00147981727879178,0.92595712892571,1.05433270485989
"high-small","none",1,"continuous",90,169,1156497,9896506,1,1,1,1,0.693705279835161,0.995196037000922,1.52396829271068,0.693705279835161,0.707887966265431,0.00150642913240651,0.642719619038586,0.770031274909119,0.707887966265431,0.00150642913240651,0.642719619038586,0.770031274909119,1.50811649529683,0.00209363403809476,1.43270301946558,1.58316652250054,1.50811649529683,0.00209363403809476,1.43270301946558,1.58316652250054,1.05785014352752,0.00126511774244282,0.999879526717657,1.11817464970692,1.05785014352752,0.00126511774244282,0.999879526717657,1.11817464970692,1.00648474495796,0.00152512478427295,0.941155976562407,1.07148202866271,1.00648474495796,0.00152512478427295,0.941155976562407,1.07148202866271
"high-small","none",1,"continuous",90,170,1156497,4406964,1,1,1,1,0.693705279835161,0.995196037000922,1.52396829271068,0.693705279835161,0.748125421621931,0.00140333856367409,0.685226529386083,0.80810459588041,0.748125421621931,0.00140333856367409,0.685226529386083,0.80810459588041,1.56231344595927,0.00195037424622156,1.4895261421048,1.63475071993056,1.56231344595927,0.00195037424622156,1.4895261421048,1.63475071993056,0.952659636040967,0.00117854808414176,0.896707369701373,1.01088261147898,0.952659636040967,0.00117854808414176,0.896707369701373,1.01088261147898,0.983506409890538,0.00142076362405999,0.920452313543302,1.04624035494348,0.983506409890538,0.00142076362405999,0.920452313543302,1.04624035494348
"high-small","none",1,"continuous",90,171,1156497,5784933,1,1,1,1,0.693705279835161,0.995196037000922,1.52396829271068,0.693705279835161,0.635420524641036,0.0014111061993546,0.572347658531371,0.695565520820602,0.635420524641036,0.0014111061993546,0.572347658531371,0.695565520820602,1.4625242800187,0.00196115899666325,1.38953569078935,1.53516100912836,1.4625242800187,0.00196115899666325,1.38953569078935,1.53516100912836,1.01291887790225,0.00118506776596246,0.956812211568027,1.07130343437007,1.01291887790225,0.00118506776596246,0.956812211568027,1.07130343437007,1.01428182142031,0.00142862228349949,0.951053785184369,1.07718929974894,1.01428182142031,0.00142862228349949,0.951053785184369,1.07718929974894
"high-small","none",1,"continuous",90,172,1156497,8022508,1,1,1,1,0.693705279835161,0.995196037000922,1.52396829271068,0.693705279835161,0.717498716436957,0.0015044568222979,0.652373095611481,0.779601304926066,0.717498716436957,0.0015044568222979,0.652373095611481,0.779601304926066,1.45119160825315,0.00209080520275088,1.37582920284835,1.52619215477601,1.45119160825315,0.00209080520275088,1.37582920284835,1.52619215477601,0.898595970819626,0.00126340257634732,0.840664652529181,0.958879507989683,0.898595970819626,0.00126340257634732,0.840664652529181,0.958879507989683,0.898423683644132,0.00152305621646286,0.833139092629863,0.963377156796424,0.898423683644132,0.00152305621646286,0.833139092629863,0.963377156796424
"high-small","none",1,"continuous",90,173,1156497,16085391,1,1,1,1,0.693705279835161,0.995196037000922,1.52396829271068,0.693705279835161,0.754485235697357,0.00151803998155993,0.689066284015109,0.816867524241494,0.754485235697357,0.00151803998155993,0.689066284015109,0.816867524241494,1.47879404111618,0.00210973905474629,1.40309106508901,1.55413251815087,1.47879404111618,0.00210973905474629,1.40309106508901,1.55413251815087,1.00746088101476,0.00127484791718784,0.949267778884712,1.06801698943944,1.00746088101476,0.00127484791718784,0.949267778884712,1.06801698943944,0.980698662405895,0.00153685405300848,0.915119179143359,1.0459455897283,0.980698662405895,0.00153685405300848,0.915119179143359,1.0459455897283
"high-small","none",1,"continuous",90,174,1156497,4166862,1,1,1,1,0.693705279835161,0.995196037000922,1.52396829271068,0.693705279835161,0.639012325632552,0.00147357018128099,0.57455859835276,0.700474208952233,0.639012325632552,0.00147357018128099,0.57455859835276,0.700474208952233,1.61247993375733,0.00204798653520177,1.53789342819496,1.68670778176535,1.61247993375733,0.00204798653520177,1.53789342819496,1.68670778176535,1.00930855616277,0.00123753181129305,0.951973291364348,1.0689710065617,1.00930855616277,0.00123753181129305,0.951973291364348,1.0689710065617,0.965640450201068,0.00149187082524533,0.90102756422739,1.02992482720342,0.965640450201068,0.00149187082524533,0.90102756422739,1.02992482720342
"high-small","none",1,"continuous",90,175,1156497,3773412,1,1,1,1,0.693705279835161,0.995196037000922,1.52396829271068,0.693705279835161,0.679449562632111,0.00145808859926003,0.615335375917598,0.74058754572428,0.679449562632111,0.00145808859926003,0.615335375917598,0.74058754572428,1.56824355049438,0.00202647056477769,1.49404980386404,1.64208017016743,1.56824355049438,0.00202647056477769,1.49404980386404,1.64208017016743,0.987759142749617,0.00122453190880873,0.93072577854987,1.04710718717238,0.987759142749617,0.00122453190880873,0.93072577854987,1.04710718717238,1.03532265342103,0.00147619749658535,0.971050357633699,1.09926887331005,1.03532265342103,0.00147619749658535,0.971050357633699,1.09926887331005
"high-small","none",1,"continuous",90,176,1156497,1864228,1,1,1,1,0.693705279835161,0.995196037000922,1.52396829271068,0.693705279835161,0.710582504553886,0.00145903078253128,0.646447618461854,0.771740331297306,0.710582504553886,0.00145903078253128,0.646447618461854,0.771740331297306,1.59158564466913,0.00202777625964585,1.51736806436969,1.6654462975201,1.59158564466913,0.00202777625964585,1.51736806436969,1.6654462975201,0.990321952702474,0.00122531958717638,0.933270274704502,1.04968920445662,0.990321952702474,0.00122531958717638,0.933270274704502,1.04968920445662,0.980853614149607,0.00147714812765111,0.916560431312737,1.04482015793377,0.980853614149607,0.00147714812765111,0.916560431312737,1.04482015793377
"high-small","none",1,"continuous",90,177,1156497,15424410,1,1,1,1,0.693705279835161,0.995196037000922,1.52396829271068,0.693705279835161,0.756998056449657,0.00146957632798806,0.692631861198523,0.818376415383519,0.756998056449657,0.00146957632798806,0.692631861198523,0.818376415383519,1.52947964127011,0.002042409279548,1.45499463854866,1.60360629214974,1.52947964127011,0.002042409279548,1.45499463854866,1.60360629214974,0.970925727495006,0.00123416212983274,0.913668608601944,1.03050701253072,0.970925727495006,0.00123416212983274,0.913668608601944,1.03050701253072,0.995440919080713,0.00148780675434231,0.930916358602053,1.05963816378952,0.995440919080713,0.00148780675434231,0.930916358602053,1.05963816378952
"high-small","none",1,"continuous",90,178,1156497,5925012,1,1,1,1,0.693705279835161,0.995196037000922,1.52396829271068,0.693705279835161,0.718917817361512,0.00134468868785136,0.657347294533389,0.77763023431906,0.718917817361512,0.00134468868785136,0.657347294533389,0.77763023431906,1.55405216657218,0.00186889113291131,1.48280149195467,1.62495964515979,1.55405216657218,0.00186889113291131,1.48280149195467,1.62495964515979,0.987168423254201,0.00112931274222233,0.932397337379341,1.04416213688122,0.987168423254201,0.00112931274222233,0.932397337379341,1.04416213688122,1.0275844844074,0.00136140942819735,0.965861615345357,1.08899402882526,1.0275844844074,0.00136140942819735,0.965861615345357,1.08899402882526
"high-small","none",1,"continuous",90,179,1156497,2023723,1,1,1,1,0.693705279835161,0.995196037000922,1.52396829271068,0.693705279835161,0.708155804197229,0.00153597788626146,0.642351424747163,0.770905608427615,0.708155804197229,0.00153597788626146,0.642351424747163,0.770905608427615,1.52400369898877,0.00213470380576068,1.44785414375481,1.59978622075969,1.52400369898877,0.00213470380576068,1.44785414375481,1.59978622075969,1.06870939481723,0.00128993511358308,1.01017293474325,1.12962266353268,1.06870939481723,0.00128993511358308,1.01017293474325,1.12962266353268,1.02518842343183,0.00155504251038497,0.95922202768296,1.09082014805832,1.02518842343183,0.00155504251038497,0.95922202768296,1.09082014805832
"high-small","none",1,"continuous",90,180,1156497,12006088,1,1,1,1,0.693705279835161,0.995196037000922,1.52396829271068,0.693705279835161,0.733094219089303,0.00144548966363209,0.669257655472519,0.793967496764162,0.733094219089303,0.00144548966363209,0.669257655472519,0.793967496764162,1.48211801789274,0.00200893583020188,1.40824577959694,1.55563440493004,1.48211801789274,0.00200893583020188,1.40824577959694,1.55563440493004,0.993397138112158,0.00121393679335542,0.936611169011191,1.05248844606093,0.993397138112158,0.00121393679335542,0.936611169011191,1.05248844606093,1.01279215866566,0.00146342428489435,0.948798611722246,1.07646130576201,1.01279215866566,0.00146342428489435,0.948798611722246,1.07646130576201
"high-small","none",1,"continuous",90,181,1156497,6813304,1,1,1,1,0.693705279835161,0.995196037000922,1.52396829271068,0.693705279835161,0.668531418055969,0.00154919825927977,0.602444442097758,0.731550623678194,0.668531418055969,0.00154919825927977,0.602444442097758,0.731550623678194,1.52774789397929,0.00215306223261409,1.45127166720939,1.60385586637252,1.52774789397929,0.00215306223261409,1.45127166720939,1.60385586637252,1.01462383743044,0.0013010272476726,0.955836175636797,1.07579814171158,1.01462383743044,0.0013010272476726,0.955836175636797,1.07579814171158,1.03279752965006,0.00156841349091176,0.966548198513329,1.09871101376356,1.03279752965006,0.00156841349091176,0.966548198513329,1.09871101376356
"high-small","none",1,"continuous",90,182,1156497,2634209,1,1,1,1,0.693705279835161,0.995196037000922,1.52396829271068,0.693705279835161,0.667258637718147,0.00143698924451025,0.603610035135782,0.72795259182891,0.667258637718147,0.00143698924451025,0.603610035135782,0.72795259182891,1.54423315937436,0.00199713463831812,1.47057842345864,1.61753353896867,1.54423315937436,0.00199713463831812,1.47057842345864,1.61753353896867,0.939092049923033,0.00120680451077374,0.882472982883497,0.998008742939454,0.939092049923033,0.00120680451077374,0.882472982883497,0.998008742939454,1.03496611253113,0.00145482605900857,0.971160830776413,1.09844793964301,1.03496611253113,0.00145482605900857,0.971160830776413,1.09844793964301
"high-small","none",1,"continuous",90,183,1156497,13008937,1,1,1,1,0.693705279835161,0.995196037000922,1.52396829271068,0.693705279835161,0.720545852953221,0.00151804032298036,0.65512687114678,0.78292810302813,0.720545852953221,0.00151804032298036,0.65512687114678,0.78292810302813,1.47236234673435,0.00210974444637009,1.39665924987601,1.54770077658671,1.47236234673435,0.00210974444637009,1.39665924987601,1.54770077658671,1.00732905150951,0.00127485193528402,0.949135833072212,1.06788514531936,1.00732905150951,0.00127485193528402,0.949135833072212,1.06788514531936,1.0110863940118,0.00153685834908049,0.94550692263343,1.07633354074985,1.0110863940118,0.00153685834908049,0.94550692263343,1.07633354074985
"high-small","none",1,"continuous",90,184,1156497,10071503,1,1,1,1,0.693705279835161,0.995196037000922,1.52396829271068,0.693705279835161,0.655627200874882,0.00140798217680338,0.592624217811374,0.715705570235793,0.655627200874882,0.00140798217680338,0.592624217811374,0.715705570235793,1.45324472339188,0.00195679686304454,1.3803374041636,1.52580098272362,1.45324472339188,0.00195679686304454,1.3803374041636,1.52580098272362,0.965805521923939,0.00118243023222753,0.909761319598224,1.02412502441108,0.965805521923939,0.00118243023222753,0.909761319598224,1.02412502441108,0.981347433511295,0.00142544248930767,0.918189763471133,1.04418492619556,0.981347433511295,0.00142544248930767,0.918189763471133,1.04418492619556
"high-small","none",1,"continuous",90,185,1156497,829691,1,1,1,1,0.693705279835161,0.995196037000922,1.52396829271068,0.693705279835161,0.684507358335204,0.00149665866826021,0.619550662136298,0.746448908193926,0.684507358335204,0.00149665866826021,0.619550662136298,0.746448908193926,1.53592113349283,0.00208004763952091,1.46075286502836,1.61072764753399,1.53592113349283,0.00208004763952091,1.46075286502836,1.61072764753399,1.03275710371653,0.00125690589603752,0.974974925227048,1.09288546339471,1.03275710371653,0.00125690589603752,0.974974925227048,1.09288546339471,0.948500484445137,0.00151522620804849,0.883383860270975,1.01328625885058,0.948500484445137,0.00151522620804849,0.883383860270975,1.01328625885058
"high-small","none",1,"continuous",90,186,1156497,4434560,1,1,1,1,0.693705279835161,0.995196037000922,1.52396829271068,0.693705279835161,0.656833343491085,0.00157376376255954,0.590224466579331,0.720350228287907,0.656833343491085,0.00157376376255954,0.590224466579331,0.720350228287907,1.58832860407328,0.00218721111029167,1.51124843069029,1.66503798869363,1.58832860407328,0.00218721111029167,1.51124843069029,1.66503798869363,0.99979334967578,0.00132166110122873,0.940541269522058,1.06145048508365,0.99979334967578,0.00132166110122873,0.940541269522058,1.06145048508365,1.03223922921595,0.0015932884713509,0.965466517511718,1.0986732191243,1.03223922921595,0.0015932884713509,0.965466517511718,1.0986732191243
"high-small","none",1,"continuous",90,187,1156497,13680681,1,1,1,1,0.693705279835161,0.995196037000922,1.52396829271068,0.693705279835161,0.724220914577885,0.00149117665189537,0.659383380852399,0.786048642690096,0.724220914577885,0.00149117665189537,0.659383380852399,0.786048642690096,1.48387878843203,0.00207242285659143,1.40884834328967,1.55854780257946,1.48387878843203,0.00207242285659143,1.40884834328967,1.55854780257946,0.985091937606568,0.00125230000430349,0.927415646960736,1.04510961751214,0.985091937606568,0.00125230000430349,0.927415646960736,1.04510961751214,1.04238440165806,0.00150967112744672,0.977387660459632,1.10705194561362,1.04238440165806,0.00150967112744672,0.977387660459632,1.10705194561362
"high-small","none",1,"continuous",90,188,1156497,3929307,1,1,1,1,0.693705279835161,0.995196037000922,1.52396829271068,0.693705279835161,0.673301593194802,0.00161365845378836,0.605853732065423,0.737618574181389,0.673301593194802,0.00161365845378836,0.605853732065423,0.737618574181389,1.53765980940781,0.00224261774028051,1.45960930977676,1.61533492201854,1.53765980940781,0.00224261774028051,1.45960930977676,1.61533492201854,0.99964824161032,0.00135514066697333,0.939650505931676,1.06208201191329,0.99964824161032,0.00135514066697333,0.939650505931676,1.06208201191329,0.991326398247426,0.00163364852919867,0.923713218674266,1.05859665274148,0.991326398247426,0.00163364852919867,0.923713218674266,1.05859665274148
"high-small","none",1,"continuous",90,189,1156497,9631602,1,1,1,1,0.693705279835161,0.995196037000922,1.52396829271068,0.693705279835161,0.673175427658647,0.00153396669613173,0.607414107487121,0.735884187068204,0.673175427658647,0.00153396669613173,0.607414107487121,0.735884187068204,1.4688771373808,0.00213185781098282,1.39277832963557,1.54460968041329,1.4688771373808,0.00213185781098282,1.39277832963557,1.54460968041329,1.00128723719594,0.0012882128330376,0.94278992836817,1.06216012671198,1.00128723719594,0.0012882128330376,0.94278992836817,1.06216012671198,0.956645571259986,0.00155296583045444,0.890723170666292,1.02223360646173,0.956645571259986,0.00155296583045444,0.890723170666292,1.02223360646173
"high-small","none",1,"continuous",90,190,1156497,11813623,1,1,1,1,0.693705279835161,0.995196037000922,1.52396829271068,0.693705279835161,0.73386297946143,0.0015751410830388,0.667225034497377,0.797407595455712,0.73386297946143,0.0015751410830388,0.667225034497377,0.797407595455712,1.57606558941053,0.00218913234029274,1.49895150858331,1.65280841401444,1.57606558941053,0.00218913234029274,1.49895150858331,1.65280841401444,1.02173834478458,0.00132282322832341,0.96246024127836,1.08342265949002,1.02173834478458,0.00132282322832341,0.96246024127836,1.08342265949002,1.0572355934019,0.00159468916310988,0.990433618468401,1.12369884538625,1.0572355934019,0.00159468916310988,0.990433618468401,1.12369884538625
"high-small","none",1,"continuous",90,191,1156497,150142,1,1,1,1,0.693705279835161,0.995196037000922,1.52396829271068,0.693705279835161,0.644090716505215,0.00161786645280155,0.576554949588397,0.708491596438163,0.644090716505215,0.00161786645280155,0.576554949588397,0.708491596438163,1.61521515958915,0.00224847297008258,1.53706306925285,1.69299208652523,1.61521515958915,0.00224847297008258,1.53706306925285,1.69299208652523,0.973775242885954,0.00135867616032451,0.913699209411139,1.03629001418573,0.973775242885954,0.00135867616032451,0.913699209411139,1.03629001418573,0.941712286232538,0.0016379121878783,0.874010650185464,1.00906987989635,0.941712286232538,0.0016379121878783,0.874010650185464,1.00906987989635
"high-small","none",1,"continuous",90,192,1156497,4126440,1,1,1,1,0.693705279835161,0.995196037000922,1.52396829271068,0.693705279835161,0.662258330255065,0.00143426108091228,0.598670132705878,0.722894728108325,0.662258330255065,0.00143426108091228,0.598670132705878,0.722894728108325,1.52042658451508,0.00199335563706413,1.44684141213752,1.59365714728406,1.52042658451508,0.00199335563706413,1.44684141213752,1.59365714728406,1.01435720979341,0.00120452301597805,0.957791789226393,1.07321868247532,1.01435720979341,0.00120452301597805,0.957791789226393,1.07321868247532,1.04291538994537,0.00145207614825623,0.979170441762043,1.10633707841477,1.04291538994537,0.00145207614825623,0.979170441762043,1.10633707841477
"high-small","none",1,"continuous",90,193,1156497,3979903,1,1,1,1,0.693705279835161,0.995196037000922,1.52396829271068,0.693705279835161,0.798458295522589,0.00145549103126428,0.734401368396156,0.859541648317061,0.798458295522589,0.00145549103126428,0.734401368396156,0.859541648317061,1.46335952112576,0.00202281943264431,1.38923247682532,1.53712964313252,1.46335952112576,0.00202281943264431,1.38923247682532,1.53712964313252,0.941718336483163,0.00122232565020287,0.884736445981869,1.00101319658924,0.941718336483163,0.00122232565020287,0.884736445981869,1.00101319658924,1.0349101793387,0.0014735359930077,0.970696070674379,1.09879922618993,1.0349101793387,0.0014735359930077,0.970696070674379,1.09879922618993
"high-small","none",1,"continuous",90,194,1156497,15446660,1,1,1,1,0.693705279835161,0.995196037000922,1.52396829271068,0.693705279835161,0.659082703508791,0.00144851873328449,0.595179167929696,0.72002002139799,0.659082703508791,0.00144851873328449,0.595179167929696,0.72002002139799,1.50436254775033,0.00201313411672998,1.4304131977096,1.57795610920474,1.50436254775033,0.00201313411672998,1.4304131977096,1.57795610920474,1.01858102193621,0.00121647165235609,0.961735897661994,1.07773452107854,1.01858102193621,0.00121647165235609,0.961735897661994,1.07773452107854,0.900279147043213,0.00146648237106397,0.836218364795438,0.964014233559072,0.900279147043213,0.00146648237106397,0.836218364795438,0.964014233559072
"high-small","none",1,"continuous",90,195,1156497,8680184,1,1,1,1,0.693705279835161,0.995196037000922,1.52396829271068,0.693705279835161,0.662471736068251,0.00150223651033841,0.59739410159951,0.724528573966654,0.662471736068251,0.00150223651033841,0.59739410159951,0.724528573966654,1.54635928509587,0.00208779923700087,1.47105112361861,1.62130512947521,1.54635928509587,0.00208779923700087,1.47105112361861,1.62130512947521,1.01696220788614,0.00126158961348377,0.959072433469128,1.0772023213449,1.01696220788614,0.00126158961348377,0.959072433469128,1.0772023213449,0.958650561656369,0.00152087227682673,0.893412757345649,1.02355698333291,0.958650561656369,0.00152087227682673,0.893412757345649,1.02355698333291
"high-small","none",1,"continuous",90,196,1156497,9469306,1,1,1,1,0.693705279835161,0.995196037000922,1.52396829271068,0.693705279835161,0.693518196595994,0.00138954477233546,0.630929113289696,0.753201997026769,0.693518196595994,0.00138954477233546,0.630929113289696,0.753201997026769,1.54475839798651,0.00193119819978798,1.47232975289315,1.61683873231307,1.54475839798651,0.00193119819978798,1.47232975289315,1.61683873231307,0.97253096894876,0.00116696042308551,0.916854518037147,1.03046736807555,0.97253096894876,0.00116696042308551,0.916854518037147,1.03046736807555,0.939482591374397,0.0014067951744645,0.876739104781735,1.00190721532226,0.939482591374397,0.0014067951744645,0.876739104781735,1.00190721532226
"high-small","none",1,"continuous",90,197,1156497,16603497,1,1,1,1,0.693705279835161,0.995196037000922,1.52396829271068,0.693705279835161,0.672995691231107,0.0013840713838916,0.610530029269639,0.732561622103208,0.672995691231107,0.0013840713838916,0.610530029269639,0.732561622103208,1.533987467579,0.00192359980021777,1.46170144777164,1.60592561256139,1.533987467579,0.00192359980021777,1.46170144777164,1.60592561256139,0.937460907496172,0.00116237024394586,0.881893953310938,0.995282709051301,0.937460907496172,0.00116237024394586,0.881893953310938,0.995282709051301,1.02976863031571,0.00140125990696302,0.96714900252737,1.09207074322055,1.02976863031571,0.00140125990696302,0.96714900252737,1.09207074322055
"high-small","none",1,"continuous",90,198,1156497,7004664,1,1,1,1,0.693705279835161,0.995196037000922,1.52396829271068,0.693705279835161,0.69203570284622,0.00134077459592222,0.630554825689938,0.750662630286992,0.69203570284622,0.00134077459592222,0.630554825689938,0.750662630286992,1.51677189719978,0.0018634305006605,1.44562536624874,1.58757593045246,1.51677189719978,0.0018634305006605,1.44562536624874,1.58757593045246,0.957695642017099,0.00112601214058327,0.903004688676799,1.0146061807211,0.957695642017099,0.00112601214058327,0.903004688676799,1.0146061807211,0.995825349261596,0.001357430183299,0.934192749130087,1.05714517885127,0.995825349261596,0.001357430183299,0.934192749130087,1.05714517885127
"high-small","none",1,"continuous",90,199,1156497,9416575,1,1,1,1,0.693705279835161,0.995196037000922,1.52396829271068,0.693705279835161,0.674826734982202,0.00152095537399855,0.609344936568574,0.737268854489631,0.674826734982202,0.00152095537399855,0.609344936568574,0.737268854489631,1.50278855054947,0.00211380696402698,1.42701267018929,1.57819949525065,1.50278855054947,0.00211380696402698,1.42701267018929,1.57819949525065,1.0062240713654,0.00127730668262649,0.947974802863759,1.06683820459628,1.0062240713654,0.00127730668262649,0.947974802863759,1.06683820459628,1.02386405280987,0.00153981775767314,0.958221456984641,1.08917393362277,1.02386405280987,0.00153981775767314,0.958221456984641,1.08917393362277
"high-small","none",1,"continuous",90,200,1156497,6499355,1,1,1,1,0.693705279835161,0.995196037000922,1.52396829271068,0.693705279835161,0.650198206108973,0.00141218344958124,0.58710127833831,0.710366231723006,0.650198206108973,0.00141218344958124,0.58710127833831,0.710366231723006,1.5378743516731,0.00196267575274406,1.46485769469827,1.61053930419302,1.5378743516731,0.00196267575274406,1.46485769469827,1.61053930419302,1.0299562547254,0.00118598341650771,0.973827872445645,1.08836314697661,1.0299562547254,0.00118598341650771,0.973827872445645,1.08836314697661,0.988783877596127,0.0014297275129955,0.925531179370697,1.05171530779773,0.988783877596127,0.0014297275129955,0.925531179370697,1.05171530779773
