"excessvar","re.type","num.re","response","run","rep","design.seed","error.seed","beta_int_true","beta_row_true","beta_col_true","beta_dyad_true","delta_int_true","delta_row_true","delta_col_true","delta_dyad_true","beta_int_mean","beta_int_var","beta_int_5q","beta_int_95q","delta_int_mean","delta_int_var","delta_int_5q","delta_int_95q","beta_row_mean","beta_row_var","beta_row_5q","beta_row_95q","delta_row_mean","delta_row_var","delta_row_5q","delta_row_95q","beta_col_mean","beta_col_var","beta_col_5q","beta_col_95q","delta_col_mean","delta_col_var","delta_col_5q","delta_col_95q","beta_dyad_mean","beta_dyad_var","beta_dyad_5q","beta_dyad_95q","delta_dyad_mean","delta_dyad_var","delta_dyad_5q","delta_dyad_95q"
"low-large","none",2,"binary",18,1,1388617,8625291,1,1,1,1,1.04260190492096,0.926314779202432,1.04928944626821,1.04260190492096,0.601312983866067,0.00444709779193241,0.496990681949039,0.71268463166267,0.601312983866067,0.00444709779193241,0.496990681949039,0.71268463166267,0.608742063186016,0.0042690856140191,0.503421848408735,0.719689873012929,0.608742063186016,0.0042690856140191,0.503421848408735,0.719689873012929,0.623542492521067,0.00356704450881479,0.524523913650353,0.72216614149769,0.623542492521067,0.00356704450881479,0.524523913650353,0.72216614149769,0.622418922006984,0.00405801603506549,0.516468869677484,0.731035761010075,0.622418922006984,0.00405801603506549,0.516468869677484,0.731035761010075
"low-large","none",2,"binary",18,2,1388617,4910967,1,1,1,1,1.04260190492096,0.926314779202432,1.04928944626821,1.04260190492096,0.532300501572164,0.00397157273517355,0.425741563593223,0.635349789677137,0.532300501572164,0.00397157273517355,0.425741563593223,0.635349789677137,0.558192008738314,0.00379680030321116,0.459088472240277,0.663009157016959,0.558192008738314,0.00379680030321116,0.459088472240277,0.663009157016959,0.551471861496168,0.00345525325786898,0.456534146518216,0.650255564652416,0.551471861496168,0.00345525325786898,0.456534146518216,0.650255564652416,0.648200477201895,0.00403783899470133,0.543362507176121,0.748670413660762,0.648200477201895,0.00403783899470133,0.543362507176121,0.748670413660762
"low-large","none",2,"binary",18,3,1388617,15110776,1,1,1,1,1.04260190492096,0.926314779202432,1.04928944626821,1.04260190492096,0.579618364982962,0.0042552041298436,0.476590254318256,0.687765650535427,0.579618364982962,0.0042552041298436,0.476590254318256,0.687765650535427,0.593987648352362,0.00425160506279325,0.487075745104717,0.707495352509676,0.593987648352362,0.00425160506279325,0.487075745104717,0.707495352509676,0.611760610155098,0.00341071094466474,0.51997819128468,0.706262381737029,0.611760610155098,0.00341071094466474,0.51997819128468,0.706262381737029,0.587654460574805,0.00386414074308041,0.485124854054064,0.692976372642538,0.587654460574805,0.00386414074308041,0.485124854054064,0.692976372642538
"low-large","none",2,"binary",18,4,1388617,164651,1,1,1,1,1.04260190492096,0.926314779202432,1.04928944626821,1.04260190492096,0.499862204930226,0.00368572859358944,0.399227821496689,0.599930925766457,0.499862204930226,0.00368572859358944,0.399227821496689,0.599930925766457,0.521671174488402,0.00384789002401281,0.419350737319127,0.624548398761955,0.521671174488402,0.00384789002401281,0.419350737319127,0.624548398761955,0.488925451016408,0.00300322997394389,0.399437403979192,0.579225028617166,0.488925451016408,0.00300322997394389,0.399437403979192,0.579225028617166,0.478592081022597,0.00326514221188289,0.38579852099138,0.574265585888096,0.478592081022597,0.00326514221188289,0.38579852099138,0.574265585888096
"low-large","none",2,"binary",18,5,1388617,2969842,1,1,1,1,1.04260190492096,0.926314779202432,1.04928944626821,1.04260190492096,0.591996192806377,0.00399580276900519,0.489550402696957,0.694814665244582,0.591996192806377,0.00399580276900519,0.489550402696957,0.694814665244582,0.541544352652773,0.00374108779107311,0.442026461992693,0.640890332695277,0.541544352652773,0.00374108779107311,0.442026461992693,0.640890332695277,0.549021598245607,0.00325253888074981,0.458080866485615,0.642476584184493,0.549021598245607,0.00325253888074981,0.458080866485615,0.642476584184493,0.504671767070497,0.00353441873273025,0.408004815088636,0.604646343056751,0.504671767070497,0.00353441873273025,0.408004815088636,0.604646343056751
"low-large","none",2,"binary",18,6,1388617,14700552,1,1,1,1,1.04260190492096,0.926314779202432,1.04928944626821,1.04260190492096,0.569589883992156,0.00426372420416816,0.463062792204577,0.675811828032492,0.569589883992156,0.00426372420416816,0.463062792204577,0.675811828032492,0.616047153978369,0.00433551929741102,0.514427928097293,0.726047244360555,0.616047153978369,0.00433551929741102,0.514427928097293,0.726047244360555,0.588740192708714,0.00337986853554387,0.49468640784527,0.684795188998282,0.588740192708714,0.00337986853554387,0.49468640784527,0.684795188998282,0.564450744336562,0.00380154641580121,0.464010570074346,0.664040971562173,0.564450744336562,0.00380154641580121,0.464010570074346,0.664040971562173
"low-large","none",2,"binary",18,7,1388617,6478978,1,1,1,1,1.04260190492096,0.926314779202432,1.04928944626821,1.04260190492096,0.536945499254598,0.00399158665199765,0.434026577856306,0.644023548451516,0.536945499254598,0.00399158665199765,0.434026577856306,0.644023548451516,0.636980891067895,0.0043868526538506,0.532537424887425,0.750397982693374,0.636980891067895,0.0043868526538506,0.532537424887425,0.750397982693374,0.625917638210762,0.00347956663073348,0.531978036853651,0.724615356426694,0.625917638210762,0.00347956663073348,0.531978036853651,0.724615356426694,0.488502012535844,0.0035805011405342,0.389857580668897,0.586303469237502,0.488502012535844,0.0035805011405342,0.389857580668897,0.586303469237502
"low-large","none",2,"binary",18,8,1388617,15605244,1,1,1,1,1.04260190492096,0.926314779202432,1.04928944626821,1.04260190492096,0.603292986375045,0.00432390206034496,0.495282403235253,0.712404708385057,0.603292986375045,0.00432390206034496,0.495282403235253,0.712404708385057,0.656728489452238,0.00453506273579386,0.549909242259048,0.771469490198396,0.656728489452238,0.00453506273579386,0.549909242259048,0.771469490198396,0.563272839114516,0.00338541870555997,0.469455061200157,0.658079134983624,0.563272839114516,0.00338541870555997,0.469455061200157,0.658079134983624,0.502253614466231,0.00371390537275936,0.400974114864282,0.600887448932622,0.502253614466231,0.00371390537275936,0.400974114864282,0.600887448932622
"low-large","none",2,"binary",18,9,1388617,16557623,1,1,1,1,1.04260190492096,0.926314779202432,1.04928944626821,1.04260190492096,0.612380715060059,0.00415536485586129,0.50821430692392,0.718811798235794,0.612380715060059,0.00415536485586129,0.50821430692392,0.718811798235794,0.603147025611771,0.00432014418090985,0.495154599593394,0.712757289916802,0.603147025611771,0.00432014418090985,0.495154599593394,0.712757289916802,0.587611505936149,0.00334464563585804,0.491758400820052,0.685532969756916,0.587611505936149,0.00334464563585804,0.491758400820052,0.685532969756916,0.481978838144619,0.00356018834602491,0.385234458888773,0.578773814052859,0.481978838144619,0.00356018834602491,0.385234458888773,0.578773814052859
"low-large","none",2,"binary",18,10,1388617,4788338,1,1,1,1,1.04260190492096,0.926314779202432,1.04928944626821,1.04260190492096,0.500921388897546,0.00403985205148504,0.393973221031512,0.603579783011247,0.500921388897546,0.00403985205148504,0.393973221031512,0.603579783011247,0.631528550698908,0.00407824973812684,0.527713144973042,0.738051570782016,0.631528550698908,0.00407824973812684,0.527713144973042,0.738051570782016,0.479503103318284,0.00311560363682551,0.391058136753272,0.571036684047166,0.479503103318284,0.00311560363682551,0.391058136753272,0.571036684047166,0.537260664724765,0.00369950201995921,0.437817918965828,0.637606617569172,0.537260664724765,0.00369950201995921,0.437817918965828,0.637606617569172
"low-large","none",2,"binary",18,11,1388617,3467842,1,1,1,1,1.04260190492096,0.926314779202432,1.04928944626821,1.04260190492096,0.545407366650326,0.00384655618256771,0.44420791214713,0.65058708312043,0.545407366650326,0.00384655618256771,0.44420791214713,0.65058708312043,0.541270668055453,0.00384417072840937,0.439351435712335,0.64460207697558,0.541270668055453,0.00384417072840937,0.439351435712335,0.64460207697558,0.499918477751661,0.0030492512474718,0.409229519791215,0.590865968638661,0.499918477751661,0.0030492512474718,0.409229519791215,0.590865968638661,0.553988391756332,0.00358921328413539,0.457916621560908,0.654388701812236,0.553988391756332,0.00358921328413539,0.457916621560908,0.654388701812236
"low-large","none",2,"binary",18,12,1388617,12710237,1,1,1,1,1.04260190492096,0.926314779202432,1.04928944626821,1.04260190492096,0.57618899684571,0.00415624027319285,0.470579006049773,0.684137983980421,0.57618899684571,0.00415624027319285,0.470579006049773,0.684137983980421,0.595906962885998,0.00420527863474658,0.492037952404169,0.705518552005901,0.595906962885998,0.00420527863474658,0.492037952404169,0.705518552005901,0.547481350782244,0.00333041937070379,0.454282277395707,0.641198443171866,0.547481350782244,0.00333041937070379,0.454282277395707,0.641198443171866,0.534880675897022,0.00366632617083927,0.436644608769138,0.633237037577584,0.534880675897022,0.00366632617083927,0.436644608769138,0.633237037577584
"low-large","none",2,"binary",18,13,1388617,10372577,1,1,1,1,1.04260190492096,0.926314779202432,1.04928944626821,1.04260190492096,0.486785933925146,0.00386744826911716,0.383723445307952,0.591646771906341,0.486785933925146,0.00386744826911716,0.383723445307952,0.591646771906341,0.540055548527698,0.00378533099569682,0.439142892786103,0.641578006662664,0.540055548527698,0.00378533099569682,0.439142892786103,0.641578006662664,0.54299317746167,0.00309526061018798,0.45488073886786,0.635980055709183,0.54299317746167,0.00309526061018798,0.45488073886786,0.635980055709183,0.498350074349346,0.00354485388564025,0.40039061339744,0.596898079392958,0.498350074349346,0.00354485388564025,0.40039061339744,0.596898079392958
"low-large","none",2,"binary",18,14,1388617,15647422,1,1,1,1,1.04260190492096,0.926314779202432,1.04928944626821,1.04260190492096,0.482065663197125,0.00383445270089758,0.38246527514575,0.584675020974453,0.482065663197125,0.00383445270089758,0.38246527514575,0.584675020974453,0.523445852820138,0.00366169862854389,0.425685431416796,0.623378001977236,0.523445852820138,0.00366169862854389,0.425685431416796,0.623378001977236,0.544326606492552,0.00321437629348956,0.454142614464986,0.639559750394652,0.544326606492552,0.00321437629348956,0.454142614464986,0.639559750394652,0.50634008119967,0.00350069234464109,0.410855535403325,0.605919567711788,0.50634008119967,0.00350069234464109,0.410855535403325,0.605919567711788
"low-large","none",2,"binary",18,15,1388617,8732875,1,1,1,1,1.04260190492096,0.926314779202432,1.04928944626821,1.04260190492096,0.609578907934476,0.00416120878390073,0.505889956925646,0.720048043381164,0.609578907934476,0.00416120878390073,0.505889956925646,0.720048043381164,0.586772140949387,0.00411979684223896,0.483658018980757,0.695561008982023,0.586772140949387,0.00411979684223896,0.483658018980757,0.695561008982023,0.579746417462515,0.00328521333517625,0.486669153664821,0.674171107863741,0.579746417462515,0.00328521333517625,0.486669153664821,0.674171107863741,0.477479439778504,0.00361631290998928,0.379267928741238,0.577767233887898,0.477479439778504,0.00361631290998928,0.379267928741238,0.577767233887898
"low-large","none",2,"binary",18,16,1388617,14169431,1,1,1,1,1.04260190492096,0.926314779202432,1.04928944626821,1.04260190492096,0.55644970940942,0.00403381098389946,0.451986719491577,0.660209274825508,0.55644970940942,0.00403381098389946,0.451986719491577,0.660209274825508,0.603339107258012,0.00427968158928246,0.498300348347777,0.711771008443268,0.603339107258012,0.00427968158928246,0.498300348347777,0.711771008443268,0.609286104461128,0.00353887454105017,0.511741274322584,0.70457326288346,0.609286104461128,0.00353887454105017,0.511741274322584,0.70457326288346,0.500583731184342,0.00358321074149226,0.399515282719618,0.598406458748661,0.500583731184342,0.00358321074149226,0.399515282719618,0.598406458748661
"low-large","none",2,"binary",18,17,1388617,12734290,1,1,1,1,1.04260190492096,0.926314779202432,1.04928944626821,1.04260190492096,0.575327271563642,0.00418226309429087,0.472163807420656,0.682611129528431,0.575327271563642,0.00418226309429087,0.472163807420656,0.682611129528431,0.587429007269894,0.00433124650678389,0.481038690355685,0.700585804958992,0.587429007269894,0.00433124650678389,0.481038690355685,0.700585804958992,0.579550027812061,0.00336450334752399,0.484745076076328,0.675057907279098,0.579550027812061,0.00336450334752399,0.484745076076328,0.675057907279098,0.607440802408276,0.00390422989149833,0.506554132258998,0.709640347446268,0.607440802408276,0.00390422989149833,0.506554132258998,0.709640347446268
"low-large","none",2,"binary",18,18,1388617,11154769,1,1,1,1,1.04260190492096,0.926314779202432,1.04928944626821,1.04260190492096,0.56697128648808,0.00414532060417382,0.464637943104569,0.673354352431115,0.56697128648808,0.00414532060417382,0.464637943104569,0.673354352431115,0.597397150461856,0.00432124888295468,0.49316334208786,0.708220141417139,0.597397150461856,0.00432124888295468,0.49316334208786,0.708220141417139,0.572359404384864,0.00338595542867139,0.48087599918439,0.667375447366557,0.572359404384864,0.00338595542867139,0.48087599918439,0.667375447366557,0.562525155076002,0.00379151231394811,0.461373990944146,0.659683595832815,0.562525155076002,0.00379151231394811,0.461373990944146,0.659683595832815
"low-large","none",2,"binary",18,19,1388617,613469,1,1,1,1,1.04260190492096,0.926314779202432,1.04928944626821,1.04260190492096,0.605137206498895,0.00432822293677582,0.497849930728678,0.714197864309425,0.605137206498895,0.00432822293677582,0.497849930728678,0.714197864309425,0.633836672315788,0.00423279845672392,0.528549034363871,0.741131684666691,0.633836672315788,0.00423279845672392,0.528549034363871,0.741131684666691,0.545279342374428,0.00323288311299027,0.453734559951344,0.639114913325632,0.545279342374428,0.00323288311299027,0.453734559951344,0.639114913325632,0.522614174029042,0.0037537540635528,0.421624189304276,0.621793657278684,0.522614174029042,0.0037537540635528,0.421624189304276,0.621793657278684
"low-large","none",2,"binary",18,20,1388617,189201,1,1,1,1,1.04260190492096,0.926314779202432,1.04928944626821,1.04260190492096,0.642765438756713,0.00417266061837542,0.535567689587869,0.74918529712915,0.642765438756713,0.00417266061837542,0.535567689587869,0.74918529712915,0.623061535406681,0.00417266579273375,0.520638669016323,0.729728468834179,0.623061535406681,0.00417266579273375,0.520638669016323,0.729728468834179,0.507649919342037,0.00327114497136215,0.416100416645349,0.603512249341624,0.507649919342037,0.00327114497136215,0.416100416645349,0.603512249341624,0.489084269469766,0.00350100118012577,0.391192523442212,0.585252003751857,0.489084269469766,0.00350100118012577,0.391192523442212,0.585252003751857
"low-large","none",2,"binary",18,21,1388617,13346466,1,1,1,1,1.04260190492096,0.926314779202432,1.04928944626821,1.04260190492096,0.556850728548762,0.00406957979835667,0.450938387525335,0.66275726832193,0.556850728548762,0.00406957979835667,0.450938387525335,0.66275726832193,0.590040007538553,0.00399653006972856,0.49165214262022,0.693737841931134,0.590040007538553,0.00399653006972856,0.49165214262022,0.693737841931134,0.499753873596341,0.00318518760211262,0.407491035871442,0.593713136997743,0.499753873596341,0.00318518760211262,0.407491035871442,0.593713136997743,0.590935035784683,0.00383897270635946,0.492752041493671,0.693347427490461,0.590935035784683,0.00383897270635946,0.492752041493671,0.693347427490461
"low-large","none",2,"binary",18,22,1388617,5367382,1,1,1,1,1.04260190492096,0.926314779202432,1.04928944626821,1.04260190492096,0.477059964573793,0.00391357466880905,0.376274801950153,0.579673402735997,0.477059964573793,0.00391357466880905,0.376274801950153,0.579673402735997,0.499678979363424,0.00371230649995126,0.39986859420566,0.600039759187129,0.499678979363424,0.00371230649995126,0.39986859420566,0.600039759187129,0.597254114852578,0.00325381604626898,0.505102271184799,0.691348367624472,0.597254114852578,0.00325381604626898,0.505102271184799,0.691348367624472,0.549295519497637,0.00361699243741216,0.454083917028951,0.645842598384373,0.549295519497637,0.00361699243741216,0.454083917028951,0.645842598384373
"low-large","none",2,"binary",18,23,1388617,13414841,1,1,1,1,1.04260190492096,0.926314779202432,1.04928944626821,1.04260190492096,0.609382682258588,0.00398424303779299,0.505916619650089,0.7111096993527,0.609382682258588,0.00398424303779299,0.505916619650089,0.7111096993527,0.539168596001429,0.00387079833601017,0.437641078725591,0.644113377674696,0.539168596001429,0.00387079833601017,0.437641078725591,0.644113377674696,0.523530940164478,0.00306610030239708,0.431568887149996,0.617138270026317,0.523530940164478,0.00306610030239708,0.431568887149996,0.617138270026317,0.451387497457047,0.00324598787977248,0.357896102056248,0.545334704981673,0.451387497457047,0.00324598787977248,0.357896102056248,0.545334704981673
"low-large","none",2,"binary",18,24,1388617,9325821,1,1,1,1,1.04260190492096,0.926314779202432,1.04928944626821,1.04260190492096,0.567363549166197,0.00417549016156745,0.46243161664183,0.675606061602865,0.567363549166197,0.00417549016156745,0.46243161664183,0.675606061602865,0.586421020468967,0.0040711157822279,0.48455558099261,0.690567317402878,0.586421020468967,0.0040711157822279,0.48455558099261,0.690567317402878,0.631885181068701,0.00346900202008244,0.538314757165247,0.72798505533853,0.631885181068701,0.00346900202008244,0.538314757165247,0.72798505533853,0.542961296813496,0.00379705089861501,0.444831435251145,0.64435520170229,0.542961296813496,0.00379705089861501,0.444831435251145,0.64435520170229
"low-large","none",2,"binary",18,25,1388617,9879245,1,1,1,1,1.04260190492096,0.926314779202432,1.04928944626821,1.04260190492096,0.549172563118331,0.00393604256488166,0.447604031082776,0.655036298568009,0.549172563118331,0.00393604256488166,0.447604031082776,0.655036298568009,0.53577413470365,0.00386057512608836,0.435676373749058,0.638146369321202,0.53577413470365,0.00386057512608836,0.435676373749058,0.638146369321202,0.592897407676913,0.00322702818643454,0.500956882550071,0.687099049595849,0.592897407676913,0.00322702818643454,0.500956882550071,0.687099049595849,0.511471620194636,0.00363285253540341,0.41060107176347,0.60589030813525,0.511471620194636,0.00363285253540341,0.41060107176347,0.60589030813525
"low-large","none",2,"binary",18,26,1388617,15544762,1,1,1,1,1.04260190492096,0.926314779202432,1.04928944626821,1.04260190492096,0.614008729736204,0.00431725869003164,0.509150343229217,0.721469066299485,0.614008729736204,0.00431725869003164,0.509150343229217,0.721469066299485,0.645082135354872,0.00449593305134445,0.532996115266842,0.761948461869885,0.645082135354872,0.00449593305134445,0.532996115266842,0.761948461869885,0.590383181487794,0.00356060721415597,0.495951186226974,0.689951297505985,0.590383181487794,0.00356060721415597,0.495951186226974,0.689951297505985,0.566361564201183,0.00407268950509174,0.461150596359624,0.672061497732313,0.566361564201183,0.00407268950509174,0.461150596359624,0.672061497732313
"low-large","none",2,"binary",18,27,1388617,8542988,1,1,1,1,1.04260190492096,0.926314779202432,1.04928944626821,1.04260190492096,0.55154245010895,0.00425261889518138,0.443811907641949,0.657383731255549,0.55154245010895,0.00425261889518138,0.443811907641949,0.657383731255549,0.634481015254282,0.00440321009329226,0.524907406123342,0.751053822526139,0.634481015254282,0.00440321009329226,0.524907406123342,0.751053822526139,0.647577002324684,0.00369303905666128,0.549857355268607,0.746629799554537,0.647577002324684,0.00369303905666128,0.549857355268607,0.746629799554537,0.601090832018065,0.00401801605342371,0.500894865757928,0.70540989724779,0.601090832018065,0.00401801605342371,0.500894865757928,0.70540989724779
"low-large","none",2,"binary",18,28,1388617,16247288,1,1,1,1,1.04260190492096,0.926314779202432,1.04928944626821,1.04260190492096,0.529058935884859,0.00397075991539436,0.423718438443387,0.632270442871454,0.529058935884859,0.00397075991539436,0.423718438443387,0.632270442871454,0.532091213907779,0.00380955636345447,0.433217350069407,0.636994686294188,0.532091213907779,0.00380955636345447,0.433217350069407,0.636994686294188,0.595227334906089,0.00339714380467074,0.500429668533632,0.690800461672934,0.595227334906089,0.00339714380467074,0.500429668533632,0.690800461672934,0.541000951072859,0.00378301671283628,0.44027435189938,0.641810164217263,0.541000951072859,0.00378301671283628,0.44027435189938,0.641810164217263
"low-large","none",2,"binary",18,29,1388617,59801,1,1,1,1,1.04260190492096,0.926314779202432,1.04928944626821,1.04260190492096,0.590563048552802,0.00397414713020553,0.488792502063538,0.69098172399591,0.590563048552802,0.00397414713020553,0.488792502063538,0.69098172399591,0.544437989231686,0.00364553711440241,0.448370638715807,0.647206342430364,0.544437989231686,0.00364553711440241,0.448370638715807,0.647206342430364,0.500146460922577,0.00304734857936336,0.410816633817639,0.591049637881898,0.500146460922577,0.00304734857936336,0.410816633817639,0.591049637881898,0.546291196534847,0.00367510031649156,0.448502672266996,0.644815674317562,0.546291196534847,0.00367510031649156,0.448502672266996,0.644815674317562
"low-large","none",2,"binary",18,30,1388617,15347501,1,1,1,1,1.04260190492096,0.926314779202432,1.04928944626821,1.04260190492096,0.616053212604108,0.00424652942065067,0.508750104887891,0.725714652806939,0.616053212604108,0.00424652942065067,0.508750104887891,0.725714652806939,0.619798639051566,0.00417913951485294,0.515380961943603,0.728988103929593,0.619798639051566,0.00417913951485294,0.515380961943603,0.728988103929593,0.608528178386156,0.00356176272041597,0.510849019716937,0.707447426776861,0.608528178386156,0.00356176272041597,0.510849019716937,0.707447426776861,0.578054253914431,0.00390117688783449,0.474963600091441,0.681388120989851,0.578054253914431,0.00390117688783449,0.474963600091441,0.681388120989851
"low-large","none",2,"binary",18,31,1388617,1767645,1,1,1,1,1.04260190492096,0.926314779202432,1.04928944626821,1.04260190492096,0.567614621691732,0.00415623471815559,0.465221082071522,0.673238055757765,0.567614621691732,0.00415623471815559,0.465221082071522,0.673238055757765,0.518757518681461,0.00402387069016428,0.416420676644085,0.624850299366293,0.518757518681461,0.00402387069016428,0.416420676644085,0.624850299366293,0.611111697762698,0.00349683357041689,0.513288428538583,0.707396759281646,0.611111697762698,0.00349683357041689,0.513288428538583,0.707396759281646,0.598920116446322,0.00395105021788715,0.494410104298651,0.703212368128402,0.598920116446322,0.00395105021788715,0.494410104298651,0.703212368128402
"low-large","none",2,"binary",18,32,1388617,2483219,1,1,1,1,1.04260190492096,0.926314779202432,1.04928944626821,1.04260190492096,0.616615109611323,0.00446871432278506,0.505659849422505,0.727439904368233,0.616615109611323,0.00446871432278506,0.505659849422505,0.727439904368233,0.630307294837168,0.00448562456529912,0.521663827485315,0.74122857496024,0.630307294837168,0.00448562456529912,0.521663827485315,0.74122857496024,0.637090242922874,0.00362401360584295,0.538692101098667,0.733931997312589,0.637090242922874,0.00362401360584295,0.538692101098667,0.733931997312589,0.534476449576197,0.0037419679235113,0.432481032191119,0.635454342125961,0.534476449576197,0.0037419679235113,0.432481032191119,0.635454342125961
"low-large","none",2,"binary",18,33,1388617,1958363,1,1,1,1,1.04260190492096,0.926314779202432,1.04928944626821,1.04260190492096,0.556224804225418,0.00381809744908675,0.454763584035109,0.660300318275753,0.556224804225418,0.00381809744908675,0.454763584035109,0.660300318275753,0.547260119101298,0.0038666235618392,0.448922150098767,0.649512326829503,0.547260119101298,0.0038666235618392,0.448922150098767,0.649512326829503,0.539334078644475,0.00315161087713209,0.44958479977354,0.632348267093504,0.539334078644475,0.00315161087713209,0.44958479977354,0.632348267093504,0.421589586886933,0.00321326098595502,0.329615402832416,0.514459908096561,0.421589586886933,0.00321326098595502,0.329615402832416,0.514459908096561
"low-large","none",2,"binary",18,34,1388617,1753150,1,1,1,1,1.04260190492096,0.926314779202432,1.04928944626821,1.04260190492096,0.598270668636989,0.00441324407639321,0.490718147976751,0.706405175980213,0.598270668636989,0.00441324407639321,0.490718147976751,0.706405175980213,0.660926583565731,0.00451612758144168,0.55325202854899,0.771430389014458,0.660926583565731,0.00451612758144168,0.55325202854899,0.771430389014458,0.583964593861403,0.00350509313293221,0.487217263788433,0.684940460647936,0.583964593861403,0.00350509313293221,0.487217263788433,0.684940460647936,0.58864377189899,0.00402604700039365,0.486550025458791,0.6940808334527,0.58864377189899,0.00402604700039365,0.486550025458791,0.6940808334527
"low-large","none",2,"binary",18,35,1388617,14957120,1,1,1,1,1.04260190492096,0.926314779202432,1.04928944626821,1.04260190492096,0.607522950039326,0.00431614912951209,0.499142503649993,0.718347664082373,0.607522950039326,0.00431614912951209,0.499142503649993,0.718347664082373,0.63607830265349,0.00424162007513352,0.534111985175437,0.745811560680973,0.63607830265349,0.00424162007513352,0.534111985175437,0.745811560680973,0.530047376335639,0.00327542261218794,0.437278725829988,0.625897382723434,0.530047376335639,0.00327542261218794,0.437278725829988,0.625897382723434,0.540827539769934,0.00367811541095907,0.441839515462584,0.63980978239217,0.540827539769934,0.00367811541095907,0.441839515462584,0.63980978239217
"low-large","none",2,"binary",18,36,1388617,4189406,1,1,1,1,1.04260190492096,0.926314779202432,1.04928944626821,1.04260190492096,0.565132848892672,0.00410688130695968,0.458341743068432,0.67144325103647,0.565132848892672,0.00410688130695968,0.458341743068432,0.67144325103647,0.544347395176592,0.00399211276064207,0.444154789347995,0.651296435686362,0.544347395176592,0.00399211276064207,0.444154789347995,0.651296435686362,0.514113315122626,0.00322256491586841,0.424624947609308,0.609981123984855,0.514113315122626,0.00322256491586841,0.424624947609308,0.609981123984855,0.646843520286915,0.00407867401809109,0.542547510722618,0.75252452833983,0.646843520286915,0.00407867401809109,0.542547510722618,0.75252452833983
"low-large","none",2,"binary",18,37,1388617,2863276,1,1,1,1,1.04260190492096,0.926314779202432,1.04928944626821,1.04260190492096,0.557400629975815,0.00401327712571674,0.456158125121927,0.661249685327536,0.557400629975815,0.00401327712571674,0.456158125121927,0.661249685327536,0.583140138624097,0.00397404571541229,0.480541785529185,0.691511656469363,0.583140138624097,0.00397404571541229,0.480541785529185,0.691511656469363,0.556188260207848,0.00328953602303931,0.46438332766492,0.651208552227451,0.556188260207848,0.00328953602303931,0.46438332766492,0.651208552227451,0.50716254045232,0.00363926250934166,0.409179999984862,0.609369698218761,0.50716254045232,0.00363926250934166,0.409179999984862,0.609369698218761
"low-large","none",2,"binary",18,38,1388617,7549108,1,1,1,1,1.04260190492096,0.926314779202432,1.04928944626821,1.04260190492096,0.563810760305031,0.00412461842913457,0.459772610962491,0.670111918650116,0.563810760305031,0.00412461842913457,0.459772610962491,0.670111918650116,0.552998463465261,0.00395998003314432,0.454982774123684,0.654673929930459,0.552998463465261,0.00395998003314432,0.454982774123684,0.654673929930459,0.57923999418399,0.00328674160818722,0.488091952915924,0.676867742687925,0.57923999418399,0.00328674160818722,0.488091952915924,0.676867742687925,0.584595514062138,0.00391123488006092,0.481950714043217,0.687541362085294,0.584595514062138,0.00391123488006092,0.481950714043217,0.687541362085294
"low-large","none",2,"binary",18,39,1388617,14397810,1,1,1,1,1.04260190492096,0.926314779202432,1.04928944626821,1.04260190492096,0.586207229788526,0.00392780914752595,0.483849662651502,0.691344380567935,0.586207229788526,0.00392780914752595,0.483849662651502,0.691344380567935,0.4742950801666,0.00364430804512593,0.374634472276487,0.576337354202053,0.4742950801666,0.00364430804512593,0.374634472276487,0.576337354202053,0.545084900945285,0.00313771790273558,0.455999163717505,0.639522002296968,0.545084900945285,0.00313771790273558,0.455999163717505,0.639522002296968,0.490100918688799,0.00346074793740543,0.39461513387818,0.588157484900035,0.490100918688799,0.00346074793740543,0.39461513387818,0.588157484900035
"low-large","none",2,"binary",18,40,1388617,4970149,1,1,1,1,1.04260190492096,0.926314779202432,1.04928944626821,1.04260190492096,0.557401385976515,0.00393260497947145,0.454242242809818,0.661928453360469,0.557401385976515,0.00393260497947145,0.454242242809818,0.661928453360469,0.560745554371758,0.00389052566304139,0.457930768012959,0.666547696254661,0.560745554371758,0.00389052566304139,0.457930768012959,0.666547696254661,0.521242641415416,0.0032792994199613,0.428123374966094,0.614939964529851,0.521242641415416,0.0032792994199613,0.428123374966094,0.614939964529851,0.530406056356043,0.0036009284541194,0.432514689960427,0.629278526819954,0.530406056356043,0.0036009284541194,0.432514689960427,0.629278526819954
"low-large","none",2,"binary",18,41,1388617,12764960,1,1,1,1,1.04260190492096,0.926314779202432,1.04928944626821,1.04260190492096,0.622940592401332,0.00433285761831348,0.515261386741549,0.72776166368624,0.622940592401332,0.00433285761831348,0.515261386741549,0.72776166368624,0.600473439095837,0.00418774871032559,0.494747520367846,0.70960980558436,0.600473439095837,0.00418774871032559,0.494747520367846,0.70960980558436,0.516760322083117,0.00328839905872721,0.425269642106895,0.612481858383874,0.516760322083117,0.00328839905872721,0.425269642106895,0.612481858383874,0.576785050605315,0.00369257239630472,0.477805510647722,0.678246509741934,0.576785050605315,0.00369257239630472,0.477805510647722,0.678246509741934
"low-large","none",2,"binary",18,42,1388617,7093891,1,1,1,1,1.04260190492096,0.926314779202432,1.04928944626821,1.04260190492096,0.547904133906117,0.00404141461493371,0.44660152530339,0.652256139838144,0.547904133906117,0.00404141461493371,0.44660152530339,0.652256139838144,0.572901314640199,0.00409366913699757,0.470824821562235,0.681742613949915,0.572901314640199,0.00409366913699757,0.470824821562235,0.681742613949915,0.54017189228229,0.0031483859656788,0.447252450220437,0.634351645634669,0.54017189228229,0.0031483859656788,0.447252450220437,0.634351645634669,0.529786311091399,0.00355123050650206,0.431844832268845,0.626428895116167,0.529786311091399,0.00355123050650206,0.431844832268845,0.626428895116167
"low-large","none",2,"binary",18,43,1388617,10398328,1,1,1,1,1.04260190492096,0.926314779202432,1.04928944626821,1.04260190492096,0.630172131008422,0.00425492024667551,0.522728274803538,0.740010790403767,0.630172131008422,0.00425492024667551,0.522728274803538,0.740010790403767,0.617357135382304,0.00435223369452313,0.511240819847912,0.732199256839063,0.617357135382304,0.00435223369452313,0.511240819847912,0.732199256839063,0.578672641075462,0.00337893691857913,0.488359429637664,0.677645373021477,0.578672641075462,0.00337893691857913,0.488359429637664,0.677645373021477,0.500244770075468,0.00375504084666558,0.398538447068776,0.601189378430059,0.500244770075468,0.00375504084666558,0.398538447068776,0.601189378430059
"low-large","none",2,"binary",18,44,1388617,15889449,1,1,1,1,1.04260190492096,0.926314779202432,1.04928944626821,1.04260190492096,0.593281352073292,0.00411135833153397,0.488793353984319,0.702110450879836,0.593281352073292,0.00411135833153397,0.488793353984319,0.702110450879836,0.584117063431515,0.00413858232362486,0.481080885988675,0.692294271508635,0.584117063431515,0.00413858232362486,0.481080885988675,0.692294271508635,0.484999342434746,0.00314346585313247,0.394976234120649,0.578576363424848,0.484999342434746,0.00314346585313247,0.394976234120649,0.578576363424848,0.548822786092577,0.00378526588996606,0.450920424801285,0.650189028065772,0.548822786092577,0.00378526588996606,0.450920424801285,0.650189028065772
"low-large","none",2,"binary",18,45,1388617,11697228,1,1,1,1,1.04260190492096,0.926314779202432,1.04928944626821,1.04260190492096,0.693774125111903,0.00453042025782964,0.587652449228576,0.808455902360108,0.693774125111903,0.00453042025782964,0.587652449228576,0.808455902360108,0.672616412707463,0.00457128518175296,0.565513521468078,0.785869681668471,0.672616412707463,0.00457128518175296,0.565513521468078,0.785869681668471,0.57042936711071,0.00341053850436556,0.476302261839597,0.665415292820891,0.57042936711071,0.00341053850436556,0.476302261839597,0.665415292820891,0.501222247142474,0.00386493879776275,0.39919455867548,0.602797236653586,0.501222247142474,0.00386493879776275,0.39919455867548,0.602797236653586
"low-large","none",2,"binary",18,46,1388617,3699566,1,1,1,1,1.04260190492096,0.926314779202432,1.04928944626821,1.04260190492096,0.627034473724361,0.00419637001959293,0.523907385258283,0.732936603846861,0.627034473724361,0.00419637001959293,0.523907385258283,0.732936603846861,0.54368423961654,0.00411985839626675,0.437553880293686,0.651406165188933,0.54368423961654,0.00411985839626675,0.437553880293686,0.651406165188933,0.492281141278893,0.00322098439167346,0.402193334845642,0.586701382965278,0.492281141278893,0.00322098439167346,0.402193334845642,0.586701382965278,0.547862482926182,0.00365155597291353,0.45235184347988,0.650643891962266,0.547862482926182,0.00365155597291353,0.45235184347988,0.650643891962266
"low-large","none",2,"binary",18,47,1388617,183718,1,1,1,1,1.04260190492096,0.926314779202432,1.04928944626821,1.04260190492096,0.613114102406479,0.00418862709506403,0.50526394207992,0.720393283571728,0.613114102406479,0.00418862709506403,0.50526394207992,0.720393283571728,0.545567891779584,0.00402098730170142,0.443928441392988,0.653215622184876,0.545567891779584,0.00402098730170142,0.443928441392988,0.653215622184876,0.607049019074934,0.00338934406990413,0.511986997691693,0.704270130253009,0.607049019074934,0.00338934406990413,0.511986997691693,0.704270130253009,0.583480212734492,0.0038482101493619,0.484356610707628,0.691971401897473,0.583480212734492,0.0038482101493619,0.484356610707628,0.691971401897473
"low-large","none",2,"binary",18,48,1388617,9564189,1,1,1,1,1.04260190492096,0.926314779202432,1.04928944626821,1.04260190492096,0.649765800721224,0.00466924936687163,0.536713213982066,0.76138989079318,0.649765800721224,0.00466924936687163,0.536713213982066,0.76138989079318,0.68402256072592,0.00477490728819027,0.572924486912202,0.802554279649698,0.68402256072592,0.00477490728819027,0.572924486912202,0.802554279649698,0.662618748451218,0.00364884873647681,0.5662332022232,0.760907996325047,0.662618748451218,0.00364884873647681,0.5662332022232,0.760907996325047,0.606694097655207,0.00405382018994573,0.502618591430622,0.71242900164035,0.606694097655207,0.00405382018994573,0.502618591430622,0.71242900164035
"low-large","none",2,"binary",18,49,1388617,14528203,1,1,1,1,1.04260190492096,0.926314779202432,1.04928944626821,1.04260190492096,0.673421515496159,0.00433384844413813,0.565640523079196,0.783364592328051,0.673421515496159,0.00433384844413813,0.565640523079196,0.783364592328051,0.542770310675544,0.00414504280615747,0.440621005349296,0.652553949746961,0.542770310675544,0.00414504280615747,0.440621005349296,0.652553949746961,0.533214370913064,0.00316725006030967,0.444565337096407,0.626362572348584,0.533214370913064,0.00316725006030967,0.444565337096407,0.626362572348584,0.531821895708151,0.00362172142092947,0.436912836840793,0.630031611377266,0.531821895708151,0.00362172142092947,0.436912836840793,0.630031611377266
"low-large","none",2,"binary",18,50,1388617,5676919,1,1,1,1,1.04260190492096,0.926314779202432,1.04928944626821,1.04260190492096,0.539201271826145,0.00398801517609963,0.433273916117506,0.64280818483848,0.539201271826145,0.00398801517609963,0.433273916117506,0.64280818483848,0.568589888580108,0.0040163791103984,0.46658259467896,0.676708844980366,0.568589888580108,0.0040163791103984,0.46658259467896,0.676708844980366,0.561165348703216,0.0033975546423544,0.466834825181096,0.655537260202544,0.561165348703216,0.0033975546423544,0.466834825181096,0.655537260202544,0.572696992076649,0.00377113575118318,0.471491594343968,0.675087116786794,0.572696992076649,0.00377113575118318,0.471491594343968,0.675087116786794
"low-large","none",2,"binary",18,51,1388617,15893555,1,1,1,1,1.04260190492096,0.926314779202432,1.04928944626821,1.04260190492096,0.609118416144829,0.00425866478141596,0.501887716176951,0.715315176339421,0.609118416144829,0.00425866478141596,0.501887716176951,0.715315176339421,0.590539771753348,0.0041490102276738,0.485539727402259,0.700031547782173,0.590539771753348,0.0041490102276738,0.485539727402259,0.700031547782173,0.543615643643867,0.0033650044710381,0.449001631245514,0.638168961724381,0.543615643643867,0.0033650044710381,0.449001631245514,0.638168961724381,0.560165453158057,0.00386951999467878,0.455006594703514,0.66369947443977,0.560165453158057,0.00386951999467878,0.455006594703514,0.66369947443977
"low-large","none",2,"binary",18,52,1388617,12252808,1,1,1,1,1.04260190492096,0.926314779202432,1.04928944626821,1.04260190492096,0.423471667939635,0.00382175807565669,0.322376051625134,0.524546225362937,0.423471667939635,0.00382175807565669,0.322376051625134,0.524546225362937,0.561267879760782,0.00382515855664248,0.461200543111683,0.663779144960649,0.561267879760782,0.00382515855664248,0.461200543111683,0.663779144960649,0.555008073527772,0.00328284664942075,0.460492518665817,0.649814443152622,0.555008073527772,0.00328284664942075,0.460492518665817,0.649814443152622,0.597283629824128,0.00375359369426117,0.497990228477745,0.700290502449738,0.597283629824128,0.00375359369426117,0.497990228477745,0.700290502449738
"low-large","none",2,"binary",18,53,1388617,11789754,1,1,1,1,1.04260190492096,0.926314779202432,1.04928944626821,1.04260190492096,0.54351820171422,0.00402107698877188,0.437753200056508,0.650452843694962,0.54351820171422,0.00402107698877188,0.437753200056508,0.650452843694962,0.525139696314611,0.00379886314659461,0.424425889641308,0.631162502144826,0.525139696314611,0.00379886314659461,0.424425889641308,0.631162502144826,0.609228186911137,0.00342366254877395,0.514124927089205,0.703492208083862,0.609228186911137,0.00342366254877395,0.514124927089205,0.703492208083862,0.511086748902781,0.00368400399537072,0.411651992385065,0.611312011227562,0.511086748902781,0.00368400399537072,0.411651992385065,0.611312011227562
"low-large","none",2,"binary",18,54,1388617,7760817,1,1,1,1,1.04260190492096,0.926314779202432,1.04928944626821,1.04260190492096,0.526089099007849,0.00394003099141735,0.425135360583662,0.630170264951961,0.526089099007849,0.00394003099141735,0.425135360583662,0.630170264951961,0.560800175894137,0.0039545601702363,0.459836417445062,0.665135655010834,0.560800175894137,0.0039545601702363,0.459836417445062,0.665135655010834,0.560669897429861,0.0032798710748331,0.469135313080318,0.655322315169225,0.560669897429861,0.0032798710748331,0.469135313080318,0.655322315169225,0.548863645733139,0.00376512997306178,0.449376183425639,0.65261050205184,0.548863645733139,0.00376512997306178,0.449376183425639,0.65261050205184
"low-large","none",2,"binary",18,55,1388617,2171720,1,1,1,1,1.04260190492096,0.926314779202432,1.04928944626821,1.04260190492096,0.617768331722998,0.00417055239489958,0.51452908851212,0.72335562618038,0.617768331722998,0.00417055239489958,0.51452908851212,0.72335562618038,0.600518053643536,0.00416370580631666,0.497498653788654,0.708510255141168,0.600518053643536,0.00416370580631666,0.497498653788654,0.708510255141168,0.556857024365668,0.00332743953759714,0.465096306371295,0.654429473605638,0.556857024365668,0.00332743953759714,0.465096306371295,0.654429473605638,0.475126202004742,0.00347114852469757,0.380284494960179,0.574276228686682,0.475126202004742,0.00347114852469757,0.380284494960179,0.574276228686682
"low-large","none",2,"binary",18,56,1388617,15240324,1,1,1,1,1.04260190492096,0.926314779202432,1.04928944626821,1.04260190492096,0.612201874182602,0.00418135123571152,0.507784137314085,0.718702682707714,0.612201874182602,0.00418135123571152,0.507784137314085,0.718702682707714,0.600036219422155,0.00414544456253194,0.497211389313491,0.709021064999087,0.600036219422155,0.00414544456253194,0.497211389313491,0.709021064999087,0.581436915722087,0.00341540446458611,0.487227747794786,0.678001686657421,0.581436915722087,0.00341540446458611,0.487227747794786,0.678001686657421,0.562723242143451,0.00399418307784677,0.459424362182602,0.669334146037061,0.562723242143451,0.00399418307784677,0.459424362182602,0.669334146037061
"low-large","none",2,"binary",18,57,1388617,16691823,1,1,1,1,1.04260190492096,0.926314779202432,1.04928944626821,1.04260190492096,0.528096629683049,0.00409001120221294,0.424548702611367,0.636722135675728,0.528096629683049,0.00409001120221294,0.424548702611367,0.636722135675728,0.650560914828193,0.00428756349647171,0.54709623783405,0.7573805885732,0.650560914828193,0.00428756349647171,0.54709623783405,0.7573805885732,0.620487877078096,0.00342051757001751,0.525976378918901,0.717940151252932,0.620487877078096,0.00342051757001751,0.525976378918901,0.717940151252932,0.531746840869899,0.00375498396685318,0.431175325210208,0.633152901940127,0.531746840869899,0.00375498396685318,0.431175325210208,0.633152901940127
"low-large","none",2,"binary",18,58,1388617,14228415,1,1,1,1,1.04260190492096,0.926314779202432,1.04928944626821,1.04260190492096,0.500191946110756,0.00387052572450833,0.395054823782899,0.604316284410771,0.500191946110756,0.00387052572450833,0.395054823782899,0.604316284410771,0.624940777593309,0.00402103858416484,0.520251937511421,0.731916248257429,0.624940777593309,0.00402103858416484,0.520251937511421,0.731916248257429,0.430014234117591,0.00298148399169798,0.344179537533806,0.518802529951663,0.430014234117591,0.00298148399169798,0.344179537533806,0.518802529951663,0.520022137256378,0.00352882076316728,0.421298918026624,0.616131647186319,0.520022137256378,0.00352882076316728,0.421298918026624,0.616131647186319
"low-large","none",2,"binary",18,59,1388617,7213244,1,1,1,1,1.04260190492096,0.926314779202432,1.04928944626821,1.04260190492096,0.589704006739831,0.00408602448293312,0.484974476740714,0.695341939870492,0.589704006739831,0.00408602448293312,0.484974476740714,0.695341939870492,0.597066094920122,0.00409517655665925,0.495455407188771,0.703442068248522,0.597066094920122,0.00409517655665925,0.495455407188771,0.703442068248522,0.561337774295614,0.00334488476822578,0.467573022149276,0.657879970779675,0.561337774295614,0.00334488476822578,0.467573022149276,0.657879970779675,0.498797857995316,0.00345611758437472,0.400140780858163,0.5941804236719,0.498797857995316,0.00345611758437472,0.400140780858163,0.5941804236719
"low-large","none",2,"binary",18,60,1388617,10729218,1,1,1,1,1.04260190492096,0.926314779202432,1.04928944626821,1.04260190492096,0.594271585067122,0.00429276000077077,0.488263672084583,0.702170888847305,0.594271585067122,0.00429276000077077,0.488263672084583,0.702170888847305,0.572443211485401,0.0040798839407763,0.469852566241415,0.680312247443244,0.572443211485401,0.0040798839407763,0.469852566241415,0.680312247443244,0.568199332334297,0.00347914166604023,0.473421503127359,0.665556978462232,0.568199332334297,0.00347914166604023,0.473421503127359,0.665556978462232,0.62553070665457,0.00382518113387476,0.52534862584963,0.726304283307206,0.62553070665457,0.00382518113387476,0.52534862584963,0.726304283307206
"low-large","none",2,"binary",18,61,1388617,1536705,1,1,1,1,1.04260190492096,0.926314779202432,1.04928944626821,1.04260190492096,0.575344649235769,0.00422931032740678,0.469772606042183,0.686572136419554,0.575344649235769,0.00422931032740678,0.469772606042183,0.686572136419554,0.580579776910777,0.00422328979218763,0.477951412697281,0.690807786882009,0.580579776910777,0.00422328979218763,0.477951412697281,0.690807786882009,0.589529136422062,0.00339708342463841,0.494017139706385,0.686601156226923,0.589529136422062,0.00339708342463841,0.494017139706385,0.686601156226923,0.536402298952834,0.00387393221871032,0.434328093757243,0.641286618557101,0.536402298952834,0.00387393221871032,0.434328093757243,0.641286618557101
"low-large","none",2,"binary",18,62,1388617,1420326,1,1,1,1,1.04260190492096,0.926314779202432,1.04928944626821,1.04260190492096,0.623800044583963,0.00427767371210023,0.518678571927033,0.730225662478706,0.623800044583963,0.00427767371210023,0.518678571927033,0.730225662478706,0.579106832655113,0.00425769624758846,0.474138313337928,0.687599205321093,0.579106832655113,0.00425769624758846,0.474138313337928,0.687599205321093,0.537117694677426,0.00312019395351503,0.445199469146351,0.628132322920076,0.537117694677426,0.00312019395351503,0.445199469146351,0.628132322920076,0.462913802096887,0.00346377260077322,0.365688582005959,0.562770172003654,0.462913802096887,0.00346377260077322,0.365688582005959,0.562770172003654
"low-large","none",2,"binary",18,63,1388617,1983169,1,1,1,1,1.04260190492096,0.926314779202432,1.04928944626821,1.04260190492096,0.596536667579051,0.00415425468660232,0.490980540724118,0.702737687151334,0.596536667579051,0.00415425468660232,0.490980540724118,0.702737687151334,0.577969157632578,0.00413180601648164,0.476621111490415,0.68628967129789,0.577969157632578,0.00413180601648164,0.476621111490415,0.68628967129789,0.535478649154977,0.00339586609932308,0.444092076134556,0.629943693520264,0.535478649154977,0.00339586609932308,0.444092076134556,0.629943693520264,0.639127910872127,0.00415210521757906,0.533400872642619,0.744641548256691,0.639127910872127,0.00415210521757906,0.533400872642619,0.744641548256691
"low-large","none",2,"binary",18,64,1388617,15210624,1,1,1,1,1.04260190492096,0.926314779202432,1.04928944626821,1.04260190492096,0.599424240312713,0.00399382403603181,0.497178393353425,0.70558203821753,0.599424240312713,0.00399382403603181,0.497178393353425,0.70558203821753,0.549721245450787,0.00399617042601955,0.448306456028357,0.656631598686355,0.549721245450787,0.00399617042601955,0.448306456028357,0.656631598686355,0.52962257954889,0.00319699802306377,0.438243054041426,0.624248948914487,0.52962257954889,0.00319699802306377,0.438243054041426,0.624248948914487,0.546730434903828,0.00361070033993917,0.448696192746721,0.646170889260249,0.546730434903828,0.00361070033993917,0.448696192746721,0.646170889260249
"low-large","none",2,"binary",18,65,1388617,2211163,1,1,1,1,1.04260190492096,0.926314779202432,1.04928944626821,1.04260190492096,0.578272048674467,0.00414674957868129,0.474257537248961,0.684719830224512,0.578272048674467,0.00414674957868129,0.474257537248961,0.684719830224512,0.575432589021029,0.00414645966194849,0.473354230053115,0.682657898581398,0.575432589021029,0.00414645966194849,0.473354230053115,0.682657898581398,0.599289141316873,0.00349391455737737,0.503029849158641,0.696572645522108,0.599289141316873,0.00349391455737737,0.503029849158641,0.696572645522108,0.509800171309083,0.0035592115409103,0.411551979632571,0.607448828872624,0.509800171309083,0.0035592115409103,0.411551979632571,0.607448828872624
"low-large","none",2,"binary",18,66,1388617,9631792,1,1,1,1,1.04260190492096,0.926314779202432,1.04928944626821,1.04260190492096,0.613273944776457,0.00407158745506286,0.509321436595952,0.722091397103194,0.613273944776457,0.00407158745506286,0.509321436595952,0.722091397103194,0.587285238524192,0.00420766294687254,0.484822748661269,0.696841282684752,0.587285238524192,0.00420766294687254,0.484822748661269,0.696841282684752,0.508745030333677,0.00326116218185062,0.417991165015716,0.606099518685026,0.508745030333677,0.00326116218185062,0.417991165015716,0.606099518685026,0.514832902608104,0.00357914993502573,0.417074892144989,0.612718366233009,0.514832902608104,0.00357914993502573,0.417074892144989,0.612718366233009
"low-large","none",2,"binary",18,67,1388617,6474249,1,1,1,1,1.04260190492096,0.926314779202432,1.04928944626821,1.04260190492096,0.587544745937503,0.00427059785046633,0.482949735027284,0.695104751324788,0.587544745937503,0.00427059785046633,0.482949735027284,0.695104751324788,0.53922307911849,0.00392260274870114,0.433871369696634,0.640612675174867,0.53922307911849,0.00392260274870114,0.433871369696634,0.640612675174867,0.572524246936945,0.00341676688969688,0.479428207832571,0.669414493412361,0.572524246936945,0.00341676688969688,0.479428207832571,0.669414493412361,0.622025634896231,0.00400202129418776,0.519911865753726,0.727789367431275,0.622025634896231,0.00400202129418776,0.519911865753726,0.727789367431275
"low-large","none",2,"binary",18,68,1388617,16088530,1,1,1,1,1.04260190492096,0.926314779202432,1.04928944626821,1.04260190492096,0.539208375665823,0.00396156831317828,0.435843257433407,0.64347911263535,0.539208375665823,0.00396156831317828,0.435843257433407,0.64347911263535,0.557695609050512,0.00400009862332623,0.454193790794821,0.663611638073173,0.557695609050512,0.00400009862332623,0.454193790794821,0.663611638073173,0.567200854663456,0.00333989800404707,0.472932982238924,0.664780140208172,0.567200854663456,0.00333989800404707,0.472932982238924,0.664780140208172,0.523654806175627,0.00357997902919983,0.42435556313864,0.620585314665908,0.523654806175627,0.00357997902919983,0.42435556313864,0.620585314665908
"low-large","none",2,"binary",18,69,1388617,13279408,1,1,1,1,1.04260190492096,0.926314779202432,1.04928944626821,1.04260190492096,0.567585998107543,0.00424470640639961,0.460925509498285,0.675686190433426,0.567585998107543,0.00424470640639961,0.460925509498285,0.675686190433426,0.647146502585439,0.00434992685846259,0.541577730370682,0.760887876529793,0.647146502585439,0.00434992685846259,0.541577730370682,0.760887876529793,0.538742715005196,0.00335222521781914,0.444575169873523,0.636071579835074,0.538742715005196,0.00335222521781914,0.444575169873523,0.636071579835074,0.561677497866371,0.00378659563880257,0.462143251430225,0.664404670941894,0.561677497866371,0.00378659563880257,0.462143251430225,0.664404670941894
"low-large","none",2,"binary",18,70,1388617,2943536,1,1,1,1,1.04260190492096,0.926314779202432,1.04928944626821,1.04260190492096,0.580843777532414,0.00413743928872525,0.472987166983592,0.684426764845779,0.580843777532414,0.00413743928872525,0.472987166983592,0.684426764845779,0.512879731981668,0.00383162385751739,0.41378693538198,0.616843421397663,0.512879731981668,0.00383162385751739,0.41378693538198,0.616843421397663,0.547795730160641,0.00326564327327053,0.456842645453569,0.642411714074785,0.547795730160641,0.00326564327327053,0.456842645453569,0.642411714074785,0.574928369810791,0.00380783488715542,0.47235404300975,0.679246778974985,0.574928369810791,0.00380783488715542,0.47235404300975,0.679246778974985
"low-large","none",2,"binary",18,71,1388617,11585951,1,1,1,1,1.04260190492096,0.926314779202432,1.04928944626821,1.04260190492096,0.522984893230239,0.0039118642743551,0.42111258073621,0.626195276313534,0.522984893230239,0.0039118642743551,0.42111258073621,0.626195276313534,0.546088278228843,0.00383969416870876,0.441814506003581,0.648070329869193,0.546088278228843,0.00383969416870876,0.441814506003581,0.648070329869193,0.563576183818312,0.0032835674504102,0.471094334923247,0.65795025065554,0.563576183818312,0.0032835674504102,0.471094334923247,0.65795025065554,0.542825853770765,0.0036943645326298,0.44278415051938,0.646568838420853,0.542825853770765,0.0036943645326298,0.44278415051938,0.646568838420853
"low-large","none",2,"binary",18,72,1388617,2965184,1,1,1,1,1.04260190492096,0.926314779202432,1.04928944626821,1.04260190492096,0.63292584611451,0.00439438989141436,0.526131596967776,0.745179475174194,0.63292584611451,0.00439438989141436,0.526131596967776,0.745179475174194,0.614117870948531,0.0042911712423095,0.511109503381955,0.723468691141823,0.614117870948531,0.0042911712423095,0.511109503381955,0.723468691141823,0.564468585990905,0.00334444538005082,0.473915929642989,0.663085753343895,0.564468585990905,0.00334444538005082,0.473915929642989,0.663085753343895,0.512938775708423,0.00368402593493188,0.411086528724499,0.613745594093853,0.512938775708423,0.00368402593493188,0.411086528724499,0.613745594093853
"low-large","none",2,"binary",18,73,1388617,4796112,1,1,1,1,1.04260190492096,0.926314779202432,1.04928944626821,1.04260190492096,0.59568562938729,0.00414795688922599,0.492420517573611,0.700273512462186,0.59568562938729,0.00414795688922599,0.492420517573611,0.700273512462186,0.563792241934189,0.00400531830018121,0.462714926421862,0.66745767829962,0.563792241934189,0.00400531830018121,0.462714926421862,0.66745767829962,0.525695084322421,0.00319044328469811,0.436207359114645,0.619438802811803,0.525695084322421,0.00319044328469811,0.436207359114645,0.619438802811803,0.532137861303925,0.00366875221436027,0.434812583001691,0.629390539398405,0.532137861303925,0.00366875221436027,0.434812583001691,0.629390539398405
"low-large","none",2,"binary",18,74,1388617,6180823,1,1,1,1,1.04260190492096,0.926314779202432,1.04928944626821,1.04260190492096,0.551554267309564,0.00388054006744823,0.452498135984426,0.653684187855972,0.551554267309564,0.00388054006744823,0.452498135984426,0.653684187855972,0.523515590116084,0.00378292051932298,0.425099186994021,0.62729775833495,0.523515590116084,0.00378292051932298,0.425099186994021,0.62729775833495,0.535241333619743,0.00318581061035464,0.446592149681353,0.629147642838119,0.535241333619743,0.00318581061035464,0.446592149681353,0.629147642838119,0.490916539105284,0.00344476255595442,0.396874372347232,0.588041347725651,0.490916539105284,0.00344476255595442,0.396874372347232,0.588041347725651
"low-large","none",2,"binary",18,75,1388617,6718396,1,1,1,1,1.04260190492096,0.926314779202432,1.04928944626821,1.04260190492096,0.538543508418802,0.00395400757776667,0.434541924808822,0.642631328582047,0.538543508418802,0.00395400757776667,0.434541924808822,0.642631328582047,0.58520721138659,0.00399656801119315,0.481821367147702,0.690641847216406,0.58520721138659,0.00399656801119315,0.481821367147702,0.690641847216406,0.543041699074117,0.00325194663766391,0.450521333997341,0.637555071111072,0.543041699074117,0.00325194663766391,0.450521333997341,0.637555071111072,0.524480778765003,0.00374901689047563,0.421028920438999,0.622711834930903,0.524480778765003,0.00374901689047563,0.421028920438999,0.622711834930903
"low-large","none",2,"binary",18,76,1388617,16345862,1,1,1,1,1.04260190492096,0.926314779202432,1.04928944626821,1.04260190492096,0.59486461793739,0.0042481872802644,0.486336946310547,0.700171253548931,0.59486461793739,0.0042481872802644,0.486336946310547,0.700171253548931,0.544359002703765,0.0040964902916293,0.441866850879378,0.65305085649918,0.544359002703765,0.0040964902916293,0.441866850879378,0.65305085649918,0.58472956236627,0.00341871299462134,0.488336819728424,0.680647739403747,0.58472956236627,0.00341871299462134,0.488336819728424,0.680647739403747,0.641390195686676,0.00417184430760674,0.534948208568681,0.749389723947704,0.641390195686676,0.00417184430760674,0.534948208568681,0.749389723947704
"low-large","none",2,"binary",18,77,1388617,13733387,1,1,1,1,1.04260190492096,0.926314779202432,1.04928944626821,1.04260190492096,0.611484179345339,0.00425575539904634,0.504176000068146,0.718256561012759,0.611484179345339,0.00425575539904634,0.504176000068146,0.718256561012759,0.569217567157737,0.00409360468950172,0.464527047823492,0.676505756335658,0.569217567157737,0.00409360468950172,0.464527047823492,0.676505756335658,0.616246428078976,0.00346536698123549,0.518454443381109,0.714004186052177,0.616246428078976,0.00346536698123549,0.518454443381109,0.714004186052177,0.507338837198497,0.00353700276073342,0.415205889191685,0.60524523806181,0.507338837198497,0.00353700276073342,0.415205889191685,0.60524523806181
"low-large","none",2,"binary",18,78,1388617,15776868,1,1,1,1,1.04260190492096,0.926314779202432,1.04928944626821,1.04260190492096,0.547348086869468,0.00404799038737309,0.445036090681239,0.654338716189786,0.547348086869468,0.00404799038737309,0.445036090681239,0.654338716189786,0.564438124986161,0.00404169702646017,0.463771335229099,0.67265262093294,0.564438124986161,0.00404169702646017,0.463771335229099,0.67265262093294,0.656255140369118,0.00376532408434409,0.557055083765198,0.758919452220784,0.656255140369118,0.00376532408434409,0.557055083765198,0.758919452220784,0.581407134339825,0.00390486871537802,0.476999399044273,0.682680809170339,0.581407134339825,0.00390486871537802,0.476999399044273,0.682680809170339
"low-large","none",2,"binary",18,79,1388617,15952641,1,1,1,1,1.04260190492096,0.926314779202432,1.04928944626821,1.04260190492096,0.590696392172299,0.00419137780642132,0.486418342884859,0.698227140150617,0.590696392172299,0.00419137780642132,0.486418342884859,0.698227140150617,0.590996996242924,0.00405766874991746,0.486346438826408,0.697386458243877,0.590996996242924,0.00405766874991746,0.486346438826408,0.697386458243877,0.550957888917077,0.00330631010765056,0.456890086015489,0.644913892140695,0.550957888917077,0.00330631010765056,0.456890086015489,0.644913892140695,0.545785684909118,0.00384088780365156,0.441757248660335,0.648194120407178,0.545785684909118,0.00384088780365156,0.441757248660335,0.648194120407178
"low-large","none",2,"binary",18,80,1388617,4379563,1,1,1,1,1.04260190492096,0.926314779202432,1.04928944626821,1.04260190492096,0.589519977863342,0.00427172354171949,0.484952236343705,0.695792786656247,0.589519977863342,0.00427172354171949,0.484952236343705,0.695792786656247,0.600594945797918,0.00421123305056038,0.497285090611364,0.710774954018966,0.600594945797918,0.00421123305056038,0.497285090611364,0.710774954018966,0.59594520314438,0.00339874188849438,0.500224947103514,0.69047873304338,0.59594520314438,0.00339874188849438,0.500224947103514,0.69047873304338,0.57033230044268,0.00380955008841586,0.470969070383031,0.671377837653633,0.57033230044268,0.00380955008841586,0.470969070383031,0.671377837653633
"low-large","none",2,"binary",18,81,1388617,7122418,1,1,1,1,1.04260190492096,0.926314779202432,1.04928944626821,1.04260190492096,0.591731160034798,0.00425039192814079,0.484078201856057,0.700601990643307,0.591731160034798,0.00425039192814079,0.484078201856057,0.700601990643307,0.541511616592873,0.00411847633034573,0.436877755801036,0.648793623176781,0.541511616592873,0.00411847633034573,0.436877755801036,0.648793623176781,0.561991670710742,0.00334492235833077,0.466375503420069,0.660290962454872,0.561991670710742,0.00334492235833077,0.466375503420069,0.660290962454872,0.580710401813362,0.00397745662092781,0.478903970845654,0.685681929816873,0.580710401813362,0.00397745662092781,0.478903970845654,0.685681929816873
"low-large","none",2,"binary",18,82,1388617,12717217,1,1,1,1,1.04260190492096,0.926314779202432,1.04928944626821,1.04260190492096,0.567470254278616,0.00411414958502756,0.461506832731998,0.675019853782547,0.567470254278616,0.00411414958502756,0.461506832731998,0.675019853782547,0.59118266399961,0.00421501772136582,0.489956652011167,0.700413237379385,0.59118266399961,0.00421501772136582,0.489956652011167,0.700413237379385,0.547187757794365,0.00335915646842419,0.451874510422292,0.641210609244956,0.547187757794365,0.00335915646842419,0.451874510422292,0.641210609244956,0.506607813415349,0.00345800893627377,0.411572161156749,0.604960678014778,0.506607813415349,0.00345800893627377,0.411572161156749,0.604960678014778
"low-large","none",2,"binary",18,83,1388617,2244374,1,1,1,1,1.04260190492096,0.926314779202432,1.04928944626821,1.04260190492096,0.566696425503301,0.00402064335152757,0.462093677600183,0.672493466691191,0.566696425503301,0.00402064335152757,0.462093677600183,0.672493466691191,0.539933122817478,0.00402130964978558,0.437234638627511,0.646934259638106,0.539933122817478,0.00402130964978558,0.437234638627511,0.646934259638106,0.560334526390535,0.00333683470212964,0.466537072755828,0.656104023127259,0.560334526390535,0.00333683470212964,0.466537072755828,0.656104023127259,0.587985014799952,0.00383119504938062,0.484316786692204,0.690057575714484,0.587985014799952,0.00383119504938062,0.484316786692204,0.690057575714484
"low-large","none",2,"binary",18,84,1388617,10300309,1,1,1,1,1.04260190492096,0.926314779202432,1.04928944626821,1.04260190492096,0.624523851044692,0.00431516120089952,0.515687611279682,0.734078526824409,0.624523851044692,0.00431516120089952,0.515687611279682,0.734078526824409,0.616803687662877,0.0043838772153769,0.510804268799299,0.730215908481204,0.616803687662877,0.0043838772153769,0.510804268799299,0.730215908481204,0.653852490282947,0.00367917171533124,0.554154184519508,0.752930786599217,0.653852490282947,0.00367917171533124,0.554154184519508,0.752930786599217,0.517470600427333,0.00372060193654609,0.419968428845689,0.6182070002184,0.517470600427333,0.00372060193654609,0.419968428845689,0.6182070002184
"low-large","none",2,"binary",18,85,1388617,6293619,1,1,1,1,1.04260190492096,0.926314779202432,1.04928944626821,1.04260190492096,0.565335248923952,0.003769016949048,0.465617907227054,0.665869696863753,0.565335248923952,0.003769016949048,0.465617907227054,0.665869696863753,0.521262307327969,0.00364922388778026,0.420341994077898,0.623449444700599,0.521262307327969,0.00364922388778026,0.420341994077898,0.623449444700599,0.535716826099466,0.00314772250869026,0.444831308740006,0.629894095716168,0.535716826099466,0.00314772250869026,0.444831308740006,0.629894095716168,0.474861769109587,0.00341009762460503,0.38023790136309,0.573665916728741,0.474861769109587,0.00341009762460503,0.38023790136309,0.573665916728741
"low-large","none",2,"binary",18,86,1388617,6443557,1,1,1,1,1.04260190492096,0.926314779202432,1.04928944626821,1.04260190492096,0.542659211962839,0.00396558533619925,0.439332373774586,0.64731221046218,0.542659211962839,0.00396558533619925,0.439332373774586,0.64731221046218,0.589646128607294,0.00414175938139597,0.488000414075173,0.698425456691399,0.589646128607294,0.00414175938139597,0.488000414075173,0.698425456691399,0.598355019085271,0.00329857684411265,0.504170723026096,0.691997243969567,0.598355019085271,0.00329857684411265,0.504170723026096,0.691997243969567,0.504452960330586,0.00359841231401273,0.406454547726502,0.602766956493391,0.504452960330586,0.00359841231401273,0.406454547726502,0.602766956493391
"low-large","none",2,"binary",18,87,1388617,1469684,1,1,1,1,1.04260190492096,0.926314779202432,1.04928944626821,1.04260190492096,0.656418811431348,0.00435619909743252,0.552665404020843,0.764685396605776,0.656418811431348,0.00435619909743252,0.552665404020843,0.764685396605776,0.633225407125854,0.00435569575903587,0.527942854279353,0.741748810672006,0.633225407125854,0.00435569575903587,0.527942854279353,0.741748810672006,0.55430135414063,0.00335274965907645,0.464947156837741,0.650534379437316,0.55430135414063,0.00335274965907645,0.464947156837741,0.650534379437316,0.53215112928138,0.0036966343772343,0.432407288167806,0.630298559960333,0.53215112928138,0.0036966343772343,0.432407288167806,0.630298559960333
"low-large","none",2,"binary",18,88,1388617,12317734,1,1,1,1,1.04260190492096,0.926314779202432,1.04928944626821,1.04260190492096,0.653243733467994,0.00423611998833761,0.551237537394197,0.761759485173409,0.653243733467994,0.00423611998833761,0.551237537394197,0.761759485173409,0.609422443436185,0.00427936443381069,0.501972884863684,0.719448926854074,0.609422443436185,0.00427936443381069,0.501972884863684,0.719448926854074,0.513715306716637,0.00327667783238155,0.420092992802364,0.608593729061407,0.513715306716637,0.00327667783238155,0.420092992802364,0.608593729061407,0.566600445067822,0.00373819078722455,0.465115945615625,0.667898312112646,0.566600445067822,0.00373819078722455,0.465115945615625,0.667898312112646
"low-large","none",2,"binary",18,89,1388617,15873695,1,1,1,1,1.04260190492096,0.926314779202432,1.04928944626821,1.04260190492096,0.623971298730071,0.00435522022130556,0.515844618185154,0.7319544399678,0.623971298730071,0.00435522022130556,0.515844618185154,0.7319544399678,0.638509837768823,0.00444232128251282,0.533714714391696,0.753333812833996,0.638509837768823,0.00444232128251282,0.533714714391696,0.753333812833996,0.584844023425454,0.00350980158610476,0.49092865320048,0.68327784806289,0.584844023425454,0.00350980158610476,0.49092865320048,0.68327784806289,0.552198879135197,0.00390882901946701,0.452404794351861,0.656779193829138,0.552198879135197,0.00390882901946701,0.452404794351861,0.656779193829138
"low-large","none",2,"binary",18,90,1388617,12106309,1,1,1,1,1.04260190492096,0.926314779202432,1.04928944626821,1.04260190492096,0.607633117216066,0.00413092193638648,0.504006543805693,0.716328190303449,0.607633117216066,0.00413092193638648,0.504006543805693,0.716328190303449,0.561920623025876,0.00400395436803805,0.458905679971471,0.66685516083688,0.561920623025876,0.00400395436803805,0.458905679971471,0.66685516083688,0.577192466225075,0.00323310954760291,0.488096688755163,0.670368140995965,0.577192466225075,0.00323310954760291,0.488096688755163,0.670368140995965,0.474125757092761,0.00346927158468093,0.378786235542873,0.573536794785769,0.474125757092761,0.00346927158468093,0.378786235542873,0.573536794785769
"low-large","none",2,"binary",18,91,1388617,8416891,1,1,1,1,1.04260190492096,0.926314779202432,1.04928944626821,1.04260190492096,0.553675086729551,0.00418071396913054,0.450364204524165,0.661234245978218,0.553675086729551,0.00418071396913054,0.450364204524165,0.661234245978218,0.58701482249827,0.0042295031605034,0.48303167170175,0.696128689401706,0.58701482249827,0.0042295031605034,0.48303167170175,0.696128689401706,0.609144624870325,0.00348684705739083,0.514844351911176,0.7059720398814,0.609144624870325,0.00348684705739083,0.514844351911176,0.7059720398814,0.514685971110041,0.0037573544138925,0.413166670427519,0.614472046116196,0.514685971110041,0.0037573544138925,0.413166670427519,0.614472046116196
"low-large","none",2,"binary",18,92,1388617,4763166,1,1,1,1,1.04260190492096,0.926314779202432,1.04928944626821,1.04260190492096,0.64751256930735,0.004519648372918,0.536430241645686,0.75713440560506,0.64751256930735,0.004519648372918,0.536430241645686,0.75713440560506,0.677516111219138,0.00460773489268275,0.56880448927127,0.795103232100742,0.677516111219138,0.00460773489268275,0.56880448927127,0.795103232100742,0.649832170834838,0.00371149935971669,0.550270507257422,0.749177694216209,0.649832170834838,0.00371149935971669,0.550270507257422,0.749177694216209,0.633707030971654,0.00433497168655083,0.523332491593377,0.741765592754201,0.633707030971654,0.00433497168655083,0.523332491593377,0.741765592754201
"low-large","none",2,"binary",18,93,1388617,10977161,1,1,1,1,1.04260190492096,0.926314779202432,1.04928944626821,1.04260190492096,0.637043012928895,0.00441866192437894,0.528104001898979,0.743272402775602,0.637043012928895,0.00441866192437894,0.528104001898979,0.743272402775602,0.662859133473366,0.00450446152567097,0.554647205136372,0.777915253859158,0.662859133473366,0.00450446152567097,0.554647205136372,0.777915253859158,0.542606794034851,0.00336145042752752,0.447529539336283,0.635809921664912,0.542606794034851,0.00336145042752752,0.447529539336283,0.635809921664912,0.511099056934179,0.00367284209111972,0.410269863307779,0.610876926374288,0.511099056934179,0.00367284209111972,0.410269863307779,0.610876926374288
"low-large","none",2,"binary",18,94,1388617,11910886,1,1,1,1,1.04260190492096,0.926314779202432,1.04928944626821,1.04260190492096,0.590201326414023,0.00414165540683883,0.483937894333153,0.694971417327602,0.590201326414023,0.00414165540683883,0.483937894333153,0.694971417327602,0.583646144364499,0.00410558476733965,0.478471928627322,0.695937422214351,0.583646144364499,0.00410558476733965,0.478471928627322,0.695937422214351,0.528250880964525,0.00320285745578456,0.440089563466195,0.623863320200324,0.528250880964525,0.00320285745578456,0.440089563466195,0.623863320200324,0.564809164414173,0.0036808648469337,0.465717201463872,0.665048319825064,0.564809164414173,0.0036808648469337,0.465717201463872,0.665048319825064
"low-large","none",2,"binary",18,95,1388617,14119222,1,1,1,1,1.04260190492096,0.926314779202432,1.04928944626821,1.04260190492096,0.465466787149028,0.00383711943521106,0.36315059107631,0.567127159862068,0.465466787149028,0.00383711943521106,0.36315059107631,0.567127159862068,0.58868145562598,0.0039187352907182,0.487915652977846,0.69220315305139,0.58868145562598,0.0039187352907182,0.487915652977846,0.69220315305139,0.557809562917333,0.00323854399605749,0.465427910963843,0.65058552532756,0.557809562917333,0.00323854399605749,0.465427910963843,0.65058552532756,0.506808992750255,0.00364128870098106,0.403903912783474,0.606704145509238,0.506808992750255,0.00364128870098106,0.403903912783474,0.606704145509238
"low-large","none",2,"binary",18,96,1388617,14532758,1,1,1,1,1.04260190492096,0.926314779202432,1.04928944626821,1.04260190492096,0.609655834850784,0.00442383946775726,0.501180723888038,0.720093636748862,0.609655834850784,0.00442383946775726,0.501180723888038,0.720093636748862,0.653456983693726,0.00471164196297235,0.543892098390123,0.771112250905565,0.653456983693726,0.00471164196297235,0.543892098390123,0.771112250905565,0.613187950311192,0.003583565864709,0.51630585857007,0.711357065871467,0.613187950311192,0.003583565864709,0.51630585857007,0.711357065871467,0.556658806816302,0.00375166366788804,0.455251384521262,0.657153331361579,0.556658806816302,0.00375166366788804,0.455251384521262,0.657153331361579
"low-large","none",2,"binary",18,97,1388617,7290919,1,1,1,1,1.04260190492096,0.926314779202432,1.04928944626821,1.04260190492096,0.518317992298144,0.00390352083966279,0.419712800956761,0.622472327879707,0.518317992298144,0.00390352083966279,0.419712800956761,0.622472327879707,0.547264666223593,0.00381033536169582,0.447888273074182,0.651882238876467,0.547264666223593,0.00381033536169582,0.447888273074182,0.651882238876467,0.569727025479957,0.0032455235738245,0.4795926046494,0.66501832262075,0.569727025479957,0.0032455235738245,0.4795926046494,0.66501832262075,0.537284493197128,0.00369505212793079,0.436610700718136,0.638011973218017,0.537284493197128,0.00369505212793079,0.436610700718136,0.638011973218017
"low-large","none",2,"binary",18,98,1388617,15859389,1,1,1,1,1.04260190492096,0.926314779202432,1.04928944626821,1.04260190492096,0.624553970366646,0.00413944231666468,0.517968327692313,0.729891764788058,0.624553970366646,0.00413944231666468,0.517968327692313,0.729891764788058,0.556903559567078,0.00403073118925342,0.455626234124902,0.662474276885894,0.556903559567078,0.00403073118925342,0.455626234124902,0.662474276885894,0.553714675837116,0.00321939025675933,0.460421484296241,0.650372557071657,0.553714675837116,0.00321939025675933,0.460421484296241,0.650372557071657,0.454156884217451,0.00333629994174436,0.362080785256725,0.549931342264992,0.454156884217451,0.00333629994174436,0.362080785256725,0.549931342264992
"low-large","none",2,"binary",18,99,1388617,5961813,1,1,1,1,1.04260190492096,0.926314779202432,1.04928944626821,1.04260190492096,0.641985732001938,0.00438773448548529,0.533688486614296,0.748332165504596,0.641985732001938,0.00438773448548529,0.533688486614296,0.748332165504596,0.597192180096196,0.0043173606986152,0.489821946327198,0.708481711173919,0.597192180096196,0.0043173606986152,0.489821946327198,0.708481711173919,0.600043533012186,0.00345769324385881,0.506370321182195,0.696936125467887,0.600043533012186,0.00345769324385881,0.506370321182195,0.696936125467887,0.511731156015529,0.00362533979222337,0.412902414300974,0.613978754885527,0.511731156015529,0.00362533979222337,0.412902414300974,0.613978754885527
"low-large","none",2,"binary",18,100,1388617,6242038,1,1,1,1,1.04260190492096,0.926314779202432,1.04928944626821,1.04260190492096,0.544618477504089,0.00405985606132032,0.445419242031723,0.651028226401096,0.544618477504089,0.00405985606132032,0.445419242031723,0.651028226401096,0.565783129855689,0.00405552052384891,0.463200078657564,0.673788411659604,0.565783129855689,0.00405552052384891,0.463200078657564,0.673788411659604,0.588564676819354,0.00338796606350768,0.493929995323357,0.68668024223262,0.588564676819354,0.00338796606350768,0.493929995323357,0.68668024223262,0.512193238691611,0.00364021927100619,0.41145570319353,0.610902049224639,0.512193238691611,0.00364021927100619,0.41145570319353,0.610902049224639
"low-large","none",2,"binary",18,101,1388617,19999,1,1,1,1,1.04260190492096,0.926314779202432,1.04928944626821,1.04260190492096,0.568247605886109,0.00385272977600959,0.469966155144597,0.672649356090528,0.568247605886109,0.00385272977600959,0.469966155144597,0.672649356090528,0.525632240846408,0.00364665272908986,0.427023445990192,0.627990554841213,0.525632240846408,0.00364665272908986,0.427023445990192,0.627990554841213,0.496761864748058,0.00295607360142659,0.405858216876641,0.586743749343344,0.496761864748058,0.00295607360142659,0.405858216876641,0.586743749343344,0.458423728014357,0.00332876479359493,0.364903799654165,0.55485689708409,0.458423728014357,0.00332876479359493,0.364903799654165,0.55485689708409
"low-large","none",2,"binary",18,102,1388617,13080458,1,1,1,1,1.04260190492096,0.926314779202432,1.04928944626821,1.04260190492096,0.504396731924501,0.00402719520472854,0.398600874954548,0.607881566178963,0.504396731924501,0.00402719520472854,0.398600874954548,0.607881566178963,0.617131266611625,0.00407150213830144,0.512885069816023,0.724397341741658,0.617131266611625,0.00407150213830144,0.512885069816023,0.724397341741658,0.584616719709843,0.00336151645479846,0.488537904379535,0.678232645292778,0.584616719709843,0.00336151645479846,0.488537904379535,0.678232645292778,0.549893097000776,0.00379062698730351,0.448240548111684,0.651667968126594,0.549893097000776,0.00379062698730351,0.448240548111684,0.651667968126594
"low-large","none",2,"binary",18,103,1388617,9582598,1,1,1,1,1.04260190492096,0.926314779202432,1.04928944626821,1.04260190492096,0.530981324079667,0.00423382690361538,0.426914915663275,0.637518482544206,0.530981324079667,0.00423382690361538,0.426914915663275,0.637518482544206,0.62758913776181,0.00424524888478903,0.521742198755434,0.735971347645026,0.62758913776181,0.00424524888478903,0.521742198755434,0.735971347645026,0.623621815601496,0.0034894815388706,0.528702103441283,0.720624720109295,0.623621815601496,0.0034894815388706,0.528702103441283,0.720624720109295,0.530775452471618,0.00396174406643286,0.430746173163965,0.634776256260584,0.530775452471618,0.00396174406643286,0.430746173163965,0.634776256260584
"low-large","none",2,"binary",18,104,1388617,14156446,1,1,1,1,1.04260190492096,0.926314779202432,1.04928944626821,1.04260190492096,0.523483742767219,0.00395769375062942,0.421438971409815,0.625424685100552,0.523483742767219,0.00395769375062942,0.421438971409815,0.625424685100552,0.588009585246813,0.00418198189707149,0.484863440649435,0.695024245220711,0.588009585246813,0.00418198189707149,0.484863440649435,0.695024245220711,0.536813563218678,0.00331054060413379,0.440981219170253,0.63527920318051,0.536813563218678,0.00331054060413379,0.440981219170253,0.63527920318051,0.561786304053312,0.00372412430160598,0.461911895651265,0.659720310258638,0.561786304053312,0.00372412430160598,0.461911895651265,0.659720310258638
"low-large","none",2,"binary",18,105,1388617,16462037,1,1,1,1,1.04260190492096,0.926314779202432,1.04928944626821,1.04260190492096,0.509563548733662,0.00382121111507203,0.408482525866364,0.60853904690762,0.509563548733662,0.00382121111507203,0.408482525866364,0.60853904690762,0.515582502939226,0.00362623836558992,0.415842788803381,0.614127931833485,0.515582502939226,0.00362623836558992,0.415842788803381,0.614127931833485,0.543549847552382,0.00310116217802875,0.453534142644852,0.632980522221373,0.543549847552382,0.00310116217802875,0.453534142644852,0.632980522221373,0.520017362192056,0.00345686317312522,0.424807805114197,0.618089217424104,0.520017362192056,0.00345686317312522,0.424807805114197,0.618089217424104
"low-large","none",2,"binary",18,106,1388617,7225277,1,1,1,1,1.04260190492096,0.926314779202432,1.04928944626821,1.04260190492096,0.460029324530909,0.00384281436922095,0.360217527903275,0.561626898452644,0.460029324530909,0.00384281436922095,0.360217527903275,0.561626898452644,0.592799199387378,0.00403774052539603,0.492636962394325,0.700175457929029,0.592799199387378,0.00403774052539603,0.492636962394325,0.700175457929029,0.590231149051573,0.00335903730786154,0.496785438000718,0.684516295528691,0.590231149051573,0.00335903730786154,0.496785438000718,0.684516295528691,0.531620444193096,0.00372074963282768,0.432629805190915,0.636335512575262,0.531620444193096,0.00372074963282768,0.432629805190915,0.636335512575262
"low-large","none",2,"binary",18,107,1388617,11385530,1,1,1,1,1.04260190492096,0.926314779202432,1.04928944626821,1.04260190492096,0.515991852011991,0.00386743601001233,0.417268548704025,0.61997008362588,0.515991852011991,0.00386743601001233,0.417268548704025,0.61997008362588,0.527187250889876,0.00377724467914308,0.424731527749168,0.628960773375044,0.527187250889876,0.00377724467914308,0.424731527749168,0.628960773375044,0.565109010505855,0.0033150929349978,0.472411158007329,0.659267160733029,0.565109010505855,0.0033150929349978,0.472411158007329,0.659267160733029,0.515530135013887,0.00358515867894963,0.419089649551209,0.617159311874236,0.515530135013887,0.00358515867894963,0.419089649551209,0.617159311874236
"low-large","none",2,"binary",18,108,1388617,342573,1,1,1,1,1.04260190492096,0.926314779202432,1.04928944626821,1.04260190492096,0.626907627249008,0.00434490091905982,0.517701746374428,0.736450683447262,0.626907627249008,0.00434490091905982,0.517701746374428,0.736450683447262,0.577651157186206,0.00413616173240731,0.474922024405671,0.685878274227799,0.577651157186206,0.00413616173240731,0.474922024405671,0.685878274227799,0.605874512583488,0.00349237946979174,0.509444019621273,0.703648896344527,0.605874512583488,0.00349237946979174,0.509444019621273,0.703648896344527,0.55374311828907,0.00381219383270463,0.451047520630204,0.655412247350883,0.55374311828907,0.00381219383270463,0.451047520630204,0.655412247350883
"low-large","none",2,"binary",18,109,1388617,4442233,1,1,1,1,1.04260190492096,0.926314779202432,1.04928944626821,1.04260190492096,0.635600783793986,0.00443076645615664,0.525530476791895,0.745523954967141,0.635600783793986,0.00443076645615664,0.525530476791895,0.745523954967141,0.631617568326214,0.00447978705651881,0.523772753363844,0.745612118941099,0.631617568326214,0.00447978705651881,0.523772753363844,0.745612118941099,0.624248033118489,0.00365993301151116,0.528215179602203,0.723681282119759,0.624248033118489,0.00365993301151116,0.528215179602203,0.723681282119759,0.52587987001245,0.0037082569490761,0.427567001651852,0.624493056019091,0.52587987001245,0.0037082569490761,0.427567001651852,0.624493056019091
"low-large","none",2,"binary",18,110,1388617,8288272,1,1,1,1,1.04260190492096,0.926314779202432,1.04928944626821,1.04260190492096,0.586491161949589,0.00416166502239193,0.482138211145506,0.692964733149393,0.586491161949589,0.00416166502239193,0.482138211145506,0.692964733149393,0.510600698001822,0.00387578100554019,0.40876493408052,0.614545857648464,0.510600698001822,0.00387578100554019,0.40876493408052,0.614545857648464,0.571297530280574,0.00333433506447986,0.47772336212393,0.669207562151283,0.571297530280574,0.00333433506447986,0.47772336212393,0.669207562151283,0.58797110206456,0.00389017394429503,0.4842808240633,0.691895768756327,0.58797110206456,0.00389017394429503,0.4842808240633,0.691895768756327
"low-large","none",2,"binary",18,111,1388617,1275474,1,1,1,1,1.04260190492096,0.926314779202432,1.04928944626821,1.04260190492096,0.568481119034289,0.00428826558946349,0.45956324645599,0.678137217015351,0.568481119034289,0.00428826558946349,0.45956324645599,0.678137217015351,0.665307427206252,0.00445527994239296,0.556936795780349,0.777545600086214,0.665307427206252,0.00445527994239296,0.556936795780349,0.777545600086214,0.604061709037397,0.00349340905898906,0.510189797295106,0.698903334809262,0.604061709037397,0.00349340905898906,0.510189797295106,0.698903334809262,0.568988411373519,0.00404369974738401,0.468729542163354,0.674501206503515,0.568988411373519,0.00404369974738401,0.468729542163354,0.674501206503515
"low-large","none",2,"binary",18,112,1388617,612897,1,1,1,1,1.04260190492096,0.926314779202432,1.04928944626821,1.04260190492096,0.567537796353219,0.00418546226706952,0.466196478082133,0.67564681139976,0.567537796353219,0.00418546226706952,0.466196478082133,0.67564681139976,0.560840058138373,0.00405719675301814,0.460417824659182,0.667703784701345,0.560840058138373,0.00405719675301814,0.460417824659182,0.667703784701345,0.594149221115829,0.00356591617153908,0.496936211951809,0.691465368954483,0.594149221115829,0.00356591617153908,0.496936211951809,0.691465368954483,0.553815910381786,0.00389718922289563,0.449900836874319,0.654305656576243,0.553815910381786,0.00389718922289563,0.449900836874319,0.654305656576243
"low-large","none",2,"binary",18,113,1388617,4936997,1,1,1,1,1.04260190492096,0.926314779202432,1.04928944626821,1.04260190492096,0.615487387604341,0.00419820159800339,0.510211051363314,0.720543405677162,0.615487387604341,0.00419820159800339,0.510211051363314,0.720543405677162,0.561808323960941,0.00408988707011534,0.458138136007169,0.66764007667241,0.561808323960941,0.00408988707011534,0.458138136007169,0.66764007667241,0.555388491000594,0.00326294568932385,0.462551620940171,0.650081885684257,0.555388491000594,0.00326294568932385,0.462551620940171,0.650081885684257,0.56589690685462,0.00370944401722655,0.467333122504912,0.667031030588919,0.56589690685462,0.00370944401722655,0.467333122504912,0.667031030588919
"low-large","none",2,"binary",18,114,1388617,7702530,1,1,1,1,1.04260190492096,0.926314779202432,1.04928944626821,1.04260190492096,0.601615715917443,0.00405019633246984,0.498602236411023,0.705105582034867,0.601615715917443,0.00405019633246984,0.498602236411023,0.705105582034867,0.575208751243234,0.00398087905361387,0.473894766235588,0.6780429961874,0.575208751243234,0.00398087905361387,0.473894766235588,0.6780429961874,0.514902746311375,0.00308109556557593,0.424600939950961,0.608204512867684,0.514902746311375,0.00308109556557593,0.424600939950961,0.608204512867684,0.511196374659468,0.00360753983848568,0.413998607645841,0.61005826349499,0.511196374659468,0.00360753983848568,0.413998607645841,0.61005826349499
"low-large","none",2,"binary",18,115,1388617,10268539,1,1,1,1,1.04260190492096,0.926314779202432,1.04928944626821,1.04260190492096,0.51679073903425,0.00391586935959239,0.413787222082907,0.62387567402646,0.51679073903425,0.00391586935959239,0.413787222082907,0.62387567402646,0.548275985817476,0.00384580644324411,0.44859741416478,0.654889043233141,0.548275985817476,0.00384580644324411,0.44859741416478,0.654889043233141,0.56855673716307,0.00326703631302419,0.476571683093088,0.664333833501784,0.56855673716307,0.00326703631302419,0.476571683093088,0.664333833501784,0.518563808573091,0.00354324632791775,0.420354376789044,0.615213610145404,0.518563808573091,0.00354324632791775,0.420354376789044,0.615213610145404
"low-large","none",2,"binary",18,116,1388617,4688601,1,1,1,1,1.04260190492096,0.926314779202432,1.04928944626821,1.04260190492096,0.540795062112461,0.00390577271267614,0.43885368607591,0.646682816076656,0.540795062112461,0.00390577271267614,0.43885368607591,0.646682816076656,0.588982004076611,0.00401838289620425,0.487130396906449,0.695967513353725,0.588982004076611,0.00401838289620425,0.487130396906449,0.695967513353725,0.565739386760152,0.00332576037815598,0.472269037788621,0.661737991639835,0.565739386760152,0.00332576037815598,0.472269037788621,0.661737991639835,0.525262696989775,0.00377513130137185,0.423300274166992,0.627956372774542,0.525262696989775,0.00377513130137185,0.423300274166992,0.627956372774542
"low-large","none",2,"binary",18,117,1388617,3277042,1,1,1,1,1.04260190492096,0.926314779202432,1.04928944626821,1.04260190492096,0.527892266668052,0.00400086535382402,0.42572517521106,0.632524064405498,0.527892266668052,0.00400086535382402,0.42572517521106,0.632524064405498,0.58601442646692,0.00389136555191572,0.483420812947358,0.69392514162321,0.58601442646692,0.00389136555191572,0.483420812947358,0.69392514162321,0.500389582690284,0.00305970736174684,0.411811929567455,0.592107617742737,0.500389582690284,0.00305970736174684,0.411811929567455,0.592107617742737,0.585840357478754,0.00375329976646187,0.486537121240182,0.688750525864501,0.585840357478754,0.00375329976646187,0.486537121240182,0.688750525864501
"low-large","none",2,"binary",18,118,1388617,11859018,1,1,1,1,1.04260190492096,0.926314779202432,1.04928944626821,1.04260190492096,0.662232104437837,0.00438932921217811,0.553576957717692,0.7719909603241,0.662232104437837,0.00438932921217811,0.553576957717692,0.7719909603241,0.633323974895787,0.00450109955081054,0.524438978145919,0.747686425494608,0.633323974895787,0.00450109955081054,0.524438978145919,0.747686425494608,0.57756048460563,0.00350645930446752,0.483551245247495,0.673783107038126,0.57756048460563,0.00350645930446752,0.483551245247495,0.673783107038126,0.542648269367497,0.00365963436724953,0.443757200317267,0.643277168548611,0.542648269367497,0.00365963436724953,0.443757200317267,0.643277168548611
"low-large","none",2,"binary",18,119,1388617,5209126,1,1,1,1,1.04260190492096,0.926314779202432,1.04928944626821,1.04260190492096,0.55618744020058,0.00403419549428856,0.453632310664584,0.66025512600051,0.55618744020058,0.00403419549428856,0.453632310664584,0.66025512600051,0.564100197611051,0.00403430927825862,0.457069101856162,0.668571662307621,0.564100197611051,0.00403430927825862,0.457069101856162,0.668571662307621,0.51781531709186,0.0033205883938442,0.424387984879544,0.612357563559133,0.51781531709186,0.0033205883938442,0.424387984879544,0.612357563559133,0.544868094342654,0.00370536112213393,0.445530428737355,0.6479150274869,0.544868094342654,0.00370536112213393,0.445530428737355,0.6479150274869
"low-large","none",2,"binary",18,120,1388617,2724400,1,1,1,1,1.04260190492096,0.926314779202432,1.04928944626821,1.04260190492096,0.564895975723601,0.00389065683879682,0.46423715838448,0.66920263324113,0.564895975723601,0.00389065683879682,0.46423715838448,0.66920263324113,0.54948816978053,0.0038555376705115,0.447842164735309,0.653923409258621,0.54948816978053,0.0038555376705115,0.447842164735309,0.653923409258621,0.571768695786941,0.00324445889667971,0.480135780991713,0.66548248214446,0.571768695786941,0.00324445889667971,0.480135780991713,0.66548248214446,0.550494988645739,0.00378939409385398,0.449759630917728,0.648752334577965,0.550494988645739,0.00378939409385398,0.449759630917728,0.648752334577965
"low-large","none",2,"binary",18,121,1388617,1245339,1,1,1,1,1.04260190492096,0.926314779202432,1.04928944626821,1.04260190492096,0.565769128854831,0.00408535869963321,0.462482745500864,0.674998475065892,0.565769128854831,0.00408535869963321,0.462482745500864,0.674998475065892,0.579381344347254,0.003985414743168,0.474725817742284,0.686557791958207,0.579381344347254,0.003985414743168,0.474725817742284,0.686557791958207,0.549088150943755,0.00327446328472509,0.455452468011946,0.642204129512199,0.549088150943755,0.00327446328472509,0.455452468011946,0.642204129512199,0.472691211315025,0.00343697776082603,0.376479601107497,0.567840355878821,0.472691211315025,0.00343697776082603,0.376479601107497,0.567840355878821
"low-large","none",2,"binary",18,122,1388617,9576778,1,1,1,1,1.04260190492096,0.926314779202432,1.04928944626821,1.04260190492096,0.590894457637498,0.00404487022555118,0.489662462315776,0.692726920839938,0.590894457637498,0.00404487022555118,0.489662462315776,0.692726920839938,0.551731190900188,0.00390634654703258,0.4516857889804,0.657000979869256,0.551731190900188,0.00390634654703258,0.4516857889804,0.657000979869256,0.542865219055283,0.00333120832806556,0.446801188557269,0.636206001445142,0.542865219055283,0.00333120832806556,0.446801188557269,0.636206001445142,0.541976553033983,0.00356515225151705,0.44362619141357,0.642434485553368,0.541976553033983,0.00356515225151705,0.44362619141357,0.642434485553368
"low-large","none",2,"binary",18,123,1388617,2589680,1,1,1,1,1.04260190492096,0.926314779202432,1.04928944626821,1.04260190492096,0.581324887844108,0.00418958026762896,0.475669666086911,0.686927652229853,0.581324887844108,0.00418958026762896,0.475669666086911,0.686927652229853,0.619496315426584,0.00410638813230943,0.516534474176388,0.723918461899406,0.619496315426584,0.00410638813230943,0.516534474176388,0.723918461899406,0.579875360962686,0.00332343022081655,0.485391299264207,0.675512393661284,0.579875360962686,0.00332343022081655,0.485391299264207,0.675512393661284,0.477276364476382,0.00347668529687773,0.384363765137624,0.576321102519598,0.477276364476382,0.00347668529687773,0.384363765137624,0.576321102519598
"low-large","none",2,"binary",18,124,1388617,11602141,1,1,1,1,1.04260190492096,0.926314779202432,1.04928944626821,1.04260190492096,0.505508466498524,0.00376354067758372,0.404500016184292,0.60898680446072,0.505508466498524,0.00376354067758372,0.404500016184292,0.60898680446072,0.548010184094246,0.00388280264218658,0.447802814190946,0.654794225531068,0.548010184094246,0.00388280264218658,0.447802814190946,0.654794225531068,0.535494497444869,0.00321148180076765,0.444760532259401,0.632654818934016,0.535494497444869,0.00321148180076765,0.444760532259401,0.632654818934016,0.518760859905589,0.00366528088063152,0.417949754982303,0.617289953301544,0.518760859905589,0.00366528088063152,0.417949754982303,0.617289953301544
"low-large","none",2,"binary",18,125,1388617,7395692,1,1,1,1,1.04260190492096,0.926314779202432,1.04928944626821,1.04260190492096,0.582998915720896,0.00400415974478709,0.479679280899338,0.685820624136044,0.582998915720896,0.00400415974478709,0.479679280899338,0.685820624136044,0.565391000732069,0.00397975492585851,0.461143692392295,0.671103715316149,0.565391000732069,0.00397975492585851,0.461143692392295,0.671103715316149,0.521073730532953,0.00311982553518544,0.427897243322341,0.613796808587783,0.521073730532953,0.00311982553518544,0.427897243322341,0.613796808587783,0.516697631386561,0.00370591701593573,0.418086657577596,0.619384564665307,0.516697631386561,0.00370591701593573,0.418086657577596,0.619384564665307
"low-large","none",2,"binary",18,126,1388617,13631916,1,1,1,1,1.04260190492096,0.926314779202432,1.04928944626821,1.04260190492096,0.573480965500708,0.00397838434480624,0.467962677411927,0.677174813007229,0.573480965500708,0.00397838434480624,0.467962677411927,0.677174813007229,0.485850402276884,0.00367078531613082,0.38620478251034,0.588698115891351,0.485850402276884,0.00367078531613082,0.38620478251034,0.588698115891351,0.501149559141797,0.00308896880185533,0.411762225907444,0.594196913656748,0.501149559141797,0.00308896880185533,0.411762225907444,0.594196913656748,0.498874738519591,0.00345662661419853,0.403075118449495,0.594460727867221,0.498874738519591,0.00345662661419853,0.403075118449495,0.594460727867221
"low-large","none",2,"binary",18,127,1388617,16496869,1,1,1,1,1.04260190492096,0.926314779202432,1.04928944626821,1.04260190492096,0.564753732307949,0.00425078955615355,0.458516886013346,0.670537143884375,0.564753732307949,0.00425078955615355,0.458516886013346,0.670537143884375,0.585444332558108,0.00421919886565349,0.485102560942768,0.69553529343183,0.585444332558108,0.00421919886565349,0.485102560942768,0.69553529343183,0.597792893273448,0.00361523517925891,0.499128234550838,0.696508410087118,0.597792893273448,0.00361523517925891,0.499128234550838,0.696508410087118,0.617744074797265,0.00402861832697643,0.513188535167221,0.721935342087597,0.617744074797265,0.00402861832697643,0.513188535167221,0.721935342087597
"low-large","none",2,"binary",18,128,1388617,2912752,1,1,1,1,1.04260190492096,0.926314779202432,1.04928944626821,1.04260190492096,0.654239398806788,0.00443933717756428,0.546267642800672,0.765290728588263,0.654239398806788,0.00443933717756428,0.546267642800672,0.765290728588263,0.584321451636513,0.00422741622806516,0.479922107324323,0.69025910062952,0.584321451636513,0.00422741622806516,0.479922107324323,0.69025910062952,0.622457951416513,0.00354377913177481,0.525812720110601,0.72097580732123,0.622457951416513,0.00354377913177481,0.525812720110601,0.72097580732123,0.508252228663495,0.00363355106186566,0.409938765353883,0.60687084462645,0.508252228663495,0.00363355106186566,0.409938765353883,0.60687084462645
"low-large","none",2,"binary",18,129,1388617,8726554,1,1,1,1,1.04260190492096,0.926314779202432,1.04928944626821,1.04260190492096,0.584571708573791,0.00401624654051446,0.483239706185217,0.688098980657124,0.584571708573791,0.00401624654051446,0.483239706185217,0.688098980657124,0.574738962887678,0.00404380120705721,0.470707339280888,0.680481741579263,0.574738962887678,0.00404380120705721,0.470707339280888,0.680481741579263,0.549342538143996,0.00332301804403491,0.458119289219282,0.644215227273753,0.549342538143996,0.00332301804403491,0.458119289219282,0.644215227273753,0.550370507908317,0.00354026427122339,0.452684098494819,0.651653405901682,0.550370507908317,0.00354026427122339,0.452684098494819,0.651653405901682
"low-large","none",2,"binary",18,130,1388617,10491166,1,1,1,1,1.04260190492096,0.926314779202432,1.04928944626821,1.04260190492096,0.617621529096384,0.00435115455387456,0.509721913494968,0.726975915896873,0.617621529096384,0.00435115455387456,0.509721913494968,0.726975915896873,0.61421902803349,0.00438154389191496,0.509792015250177,0.727164735706532,0.61421902803349,0.00438154389191496,0.509792015250177,0.727164735706532,0.52921563694858,0.00337270841690439,0.43739224667249,0.624400436943222,0.52921563694858,0.00337270841690439,0.43739224667249,0.624400436943222,0.629622520727033,0.00406482819128307,0.525121491673881,0.736957323100065,0.629622520727033,0.00406482819128307,0.525121491673881,0.736957323100065
"low-large","none",2,"binary",18,131,1388617,7541399,1,1,1,1,1.04260190492096,0.926314779202432,1.04928944626821,1.04260190492096,0.655695237847249,0.00461496195682024,0.544395172864286,0.770196725814763,0.655695237847249,0.00461496195682024,0.544395172864286,0.770196725814763,0.627859453126325,0.00452071989117773,0.522494194247588,0.737370565196315,0.627859453126325,0.00452071989117773,0.522494194247588,0.737370565196315,0.569622292205064,0.00349638060254179,0.476446758882168,0.668700465489064,0.569622292205064,0.00349638060254179,0.476446758882168,0.668700465489064,0.585331770106478,0.00389374337206575,0.482756935272633,0.68683189935326,0.585331770106478,0.00389374337206575,0.482756935272633,0.68683189935326
"low-large","none",2,"binary",18,132,1388617,6245859,1,1,1,1,1.04260190492096,0.926314779202432,1.04928944626821,1.04260190492096,0.615365686634232,0.00434848320798302,0.509492522409218,0.725224481917563,0.615365686634232,0.00434848320798302,0.509492522409218,0.725224481917563,0.642183346984846,0.00440899447547689,0.536203507393973,0.751022241857983,0.642183346984846,0.00440899447547689,0.536203507393973,0.751022241857983,0.562141393143188,0.00343749355022873,0.465525141852477,0.658438256179524,0.562141393143188,0.00343749355022873,0.465525141852477,0.658438256179524,0.571937570280521,0.00389461955904547,0.471625639662157,0.677693085657134,0.571937570280521,0.00389461955904547,0.471625639662157,0.677693085657134
"low-large","none",2,"binary",18,133,1388617,15456070,1,1,1,1,1.04260190492096,0.926314779202432,1.04928944626821,1.04260190492096,0.53034775030511,0.00401136623328229,0.42773281472674,0.635028531114871,0.53034775030511,0.00401136623328229,0.42773281472674,0.635028531114871,0.55305728228908,0.00393015076710812,0.450672923432781,0.659040037603715,0.55305728228908,0.00393015076710812,0.450672923432781,0.659040037603715,0.557439457635339,0.00333472632856341,0.465423989555712,0.648898877819036,0.557439457635339,0.00333472632856341,0.465423989555712,0.648898877819036,0.481166776563533,0.00354951592206357,0.382531952165386,0.580929009993309,0.481166776563533,0.00354951592206357,0.382531952165386,0.580929009993309
"low-large","none",2,"binary",18,134,1388617,13205507,1,1,1,1,1.04260190492096,0.926314779202432,1.04928944626821,1.04260190492096,0.527464299816457,0.00403953158275048,0.42337563143233,0.631761815812034,0.527464299816457,0.00403953158275048,0.42337563143233,0.631761815812034,0.656363280585255,0.00424955865582319,0.551590100336933,0.763977335762937,0.656363280585255,0.00424955865582319,0.551590100336933,0.763977335762937,0.556520661109354,0.00327471519665518,0.46356855483426,0.653108574366125,0.556520661109354,0.00327471519665518,0.46356855483426,0.653108574366125,0.49758983294536,0.00362847627761307,0.398849857010771,0.600239962089199,0.49758983294536,0.00362847627761307,0.398849857010771,0.600239962089199
"low-large","none",2,"binary",18,135,1388617,14357348,1,1,1,1,1.04260190492096,0.926314779202432,1.04928944626821,1.04260190492096,0.478930653683831,0.00373765445140265,0.377788619182243,0.580668055190866,0.478930653683831,0.00373765445140265,0.377788619182243,0.580668055190866,0.506794250388938,0.0036569576928266,0.411989410387326,0.607900791213249,0.506794250388938,0.0036569576928266,0.411989410387326,0.607900791213249,0.561162004808047,0.00318706069340773,0.472385026065966,0.652780042663146,0.561162004808047,0.00318706069340773,0.472385026065966,0.652780042663146,0.53445087095877,0.00362419499826316,0.439621021193442,0.633035102362745,0.53445087095877,0.00362419499826316,0.439621021193442,0.633035102362745
"low-large","none",2,"binary",18,136,1388617,10702479,1,1,1,1,1.04260190492096,0.926314779202432,1.04928944626821,1.04260190492096,0.59458695316378,0.00415165762499948,0.488133971051915,0.70659584620334,0.59458695316378,0.00415165762499948,0.488133971051915,0.70659584620334,0.644803919378902,0.00417301909181336,0.544344379796221,0.751090476883377,0.644803919378902,0.00417301909181336,0.544344379796221,0.751090476883377,0.475158093889213,0.00315857074477494,0.383751208790062,0.565955828076078,0.475158093889213,0.00315857074477494,0.383751208790062,0.565955828076078,0.501228916451237,0.00369918247619431,0.400596318110483,0.601063536844339,0.501228916451237,0.00369918247619431,0.400596318110483,0.601063536844339
"low-large","none",2,"binary",18,137,1388617,4743529,1,1,1,1,1.04260190492096,0.926314779202432,1.04928944626821,1.04260190492096,0.611791587074285,0.00454642195536584,0.498438015667119,0.724375460172615,0.611791587074285,0.00454642195536584,0.498438015667119,0.724375460172615,0.653533870540244,0.00450212209196867,0.546615595084158,0.764062568059282,0.653533870540244,0.00450212209196867,0.546615595084158,0.764062568059282,0.659039156136831,0.00376570536636265,0.56167026757143,0.760927787519807,0.659039156136831,0.00376570536636265,0.56167026757143,0.760927787519807,0.614041712106995,0.00397521652596552,0.510796348561873,0.718911807053071,0.614041712106995,0.00397521652596552,0.510796348561873,0.718911807053071
"low-large","none",2,"binary",18,138,1388617,10064652,1,1,1,1,1.04260190492096,0.926314779202432,1.04928944626821,1.04260190492096,0.566783154986485,0.00402883351297283,0.461003857931635,0.67386574204011,0.566783154986485,0.00402883351297283,0.461003857931635,0.67386574204011,0.548069184646467,0.00388306702445425,0.446353680811174,0.651752776035023,0.548069184646467,0.00388306702445425,0.446353680811174,0.651752776035023,0.554350896262882,0.00327791234064573,0.460364889234553,0.646493880390973,0.554350896262882,0.00327791234064573,0.460364889234553,0.646493880390973,0.507201871938498,0.00354717903913162,0.406263432974415,0.604279495505716,0.507201871938498,0.00354717903913162,0.406263432974415,0.604279495505716
"low-large","none",2,"binary",18,139,1388617,5991915,1,1,1,1,1.04260190492096,0.926314779202432,1.04928944626821,1.04260190492096,0.518522030731449,0.00391721487294529,0.417092008318524,0.622442642007424,0.518522030731449,0.00391721487294529,0.417092008318524,0.622442642007424,0.547750066442994,0.00376740126580867,0.449202950459583,0.649819350738628,0.547750066442994,0.00376740126580867,0.449202950459583,0.649819350738628,0.540971539801932,0.00325703949219721,0.451180519356729,0.634380749614695,0.540971539801932,0.00325703949219721,0.451180519356729,0.634380749614695,0.534937769787962,0.00351602672874762,0.437426120345527,0.632129118250667,0.534937769787962,0.00351602672874762,0.437426120345527,0.632129118250667
"low-large","none",2,"binary",18,140,1388617,2600664,1,1,1,1,1.04260190492096,0.926314779202432,1.04928944626821,1.04260190492096,0.594922059025337,0.00427879047360221,0.485868302172074,0.704448677404079,0.594922059025337,0.00427879047360221,0.485868302172074,0.704448677404079,0.647284102805941,0.004414597556046,0.541222335111645,0.756221926245028,0.647284102805941,0.004414597556046,0.541222335111645,0.756221926245028,0.640150440277337,0.00372717264068971,0.54345237724319,0.740996815504665,0.640150440277337,0.00372717264068971,0.54345237724319,0.740996815504665,0.522291921216592,0.00367674280756187,0.42243495957617,0.620869462968063,0.522291921216592,0.00367674280756187,0.42243495957617,0.620869462968063
"low-large","none",2,"binary",18,141,1388617,5405410,1,1,1,1,1.04260190492096,0.926314779202432,1.04928944626821,1.04260190492096,0.505841228064061,0.00389834131537042,0.402032274349968,0.609442736264693,0.505841228064061,0.00389834131537042,0.402032274349968,0.609442736264693,0.552881231778771,0.00379310627807895,0.455116479111966,0.658857989663173,0.552881231778771,0.00379310627807895,0.455116479111966,0.658857989663173,0.502536586631738,0.00313177219387161,0.409604579317858,0.596065059624112,0.502536586631738,0.00313177219387161,0.409604579317858,0.596065059624112,0.570822964848063,0.00366191347314413,0.473651461835993,0.666834518594708,0.570822964848063,0.00366191347314413,0.473651461835993,0.666834518594708
"low-large","none",2,"binary",18,142,1388617,3347988,1,1,1,1,1.04260190492096,0.926314779202432,1.04928944626821,1.04260190492096,0.516673350952787,0.00399294791902554,0.413865021939982,0.615775001999566,0.516673350952787,0.00399294791902554,0.413865021939982,0.615775001999566,0.590198180880446,0.00399049907375714,0.487481185939239,0.69726955488372,0.590198180880446,0.00399049907375714,0.487481185939239,0.69726955488372,0.564315891833676,0.00329495354139053,0.471876830204083,0.658714485078572,0.564315891833676,0.00329495354139053,0.471876830204083,0.658714485078572,0.542499672609654,0.00366798114289311,0.442649221533781,0.639659424823573,0.542499672609654,0.00366798114289311,0.442649221533781,0.639659424823573
"low-large","none",2,"binary",18,143,1388617,14471466,1,1,1,1,1.04260190492096,0.926314779202432,1.04928944626821,1.04260190492096,0.543111913326617,0.00398240816266731,0.440646447565677,0.644211151119685,0.543111913326617,0.00398240816266731,0.440646447565677,0.644211151119685,0.514481104000689,0.00388555106575978,0.413119680356479,0.619533436556627,0.514481104000689,0.00388555106575978,0.413119680356479,0.619533436556627,0.52385138059841,0.00310605290718615,0.433260546524777,0.615389725921559,0.52385138059841,0.00310605290718615,0.433260546524777,0.615389725921559,0.528360241831918,0.00355528242437679,0.430552396072183,0.627425918639119,0.528360241831918,0.00355528242437679,0.430552396072183,0.627425918639119
"low-large","none",2,"binary",18,144,1388617,7244665,1,1,1,1,1.04260190492096,0.926314779202432,1.04928944626821,1.04260190492096,0.60598442195391,0.0042145504967744,0.498703607382378,0.713677918706375,0.60598442195391,0.0042145504967744,0.498703607382378,0.713677918706375,0.594586921968591,0.00427627702832163,0.487849620508927,0.702059760593357,0.594586921968591,0.00427627702832163,0.487849620508927,0.702059760593357,0.60461531986027,0.00344034793396862,0.512504096084254,0.703281902542481,0.60461531986027,0.00344034793396862,0.512504096084254,0.703281902542481,0.579862096093486,0.00384990275791946,0.478216864998798,0.680710576201475,0.579862096093486,0.00384990275791946,0.478216864998798,0.680710576201475
"low-large","none",2,"binary",18,145,1388617,7684521,1,1,1,1,1.04260190492096,0.926314779202432,1.04928944626821,1.04260190492096,0.491379077066872,0.00392323355709515,0.385938016184837,0.595407016767583,0.491379077066872,0.00392323355709515,0.385938016184837,0.595407016767583,0.512763873063236,0.00380013255992343,0.411907036355912,0.614841673004507,0.512763873063236,0.00380013255992343,0.411907036355912,0.614841673004507,0.574856273289997,0.00325826056423905,0.48307483722134,0.66910030945848,0.574856273289997,0.00325826056423905,0.48307483722134,0.66910030945848,0.535455956173326,0.00367855822450476,0.436374124505202,0.636698044930725,0.535455956173326,0.00367855822450476,0.436374124505202,0.636698044930725
"low-large","none",2,"binary",18,146,1388617,4938034,1,1,1,1,1.04260190492096,0.926314779202432,1.04928944626821,1.04260190492096,0.520729274578622,0.00386926027616417,0.42035808995624,0.621166295261884,0.520729274578622,0.00386926027616417,0.42035808995624,0.621166295261884,0.526057432668206,0.00380276849873295,0.426647378831665,0.627691954432558,0.526057432668206,0.00380276849873295,0.426647378831665,0.627691954432558,0.564061568836486,0.00319675864881525,0.473020013428531,0.657364478040665,0.564061568836486,0.00319675864881525,0.473020013428531,0.657364478040665,0.516538336855588,0.00358070275086363,0.41839091667794,0.612726186980481,0.516538336855588,0.00358070275086363,0.41839091667794,0.612726186980481
"low-large","none",2,"binary",18,147,1388617,16024288,1,1,1,1,1.04260190492096,0.926314779202432,1.04928944626821,1.04260190492096,0.587202970136949,0.00409313011109501,0.483718251339492,0.694492175423652,0.587202970136949,0.00409313011109501,0.483718251339492,0.694492175423652,0.586892963120459,0.00411743226355376,0.483600485260484,0.69315308587761,0.586892963120459,0.00411743226355376,0.483600485260484,0.69315308587761,0.52693591221048,0.00321924436607287,0.43126034815307,0.620256547615331,0.52693591221048,0.00321924436607287,0.43126034815307,0.620256547615331,0.506116389492288,0.00355669661404039,0.407535572248029,0.605512666465207,0.506116389492288,0.00355669661404039,0.407535572248029,0.605512666465207
"low-large","none",2,"binary",18,148,1388617,470451,1,1,1,1,1.04260190492096,0.926314779202432,1.04928944626821,1.04260190492096,0.596680444098053,0.0041013624643242,0.494246514290801,0.702521559272714,0.596680444098053,0.0041013624643242,0.494246514290801,0.702521559272714,0.574276332780068,0.0040713787911259,0.47184931223284,0.683061110683776,0.574276332780068,0.0040713787911259,0.47184931223284,0.683061110683776,0.57729570822251,0.00346188548142022,0.483924466274353,0.67673559997133,0.57729570822251,0.00346188548142022,0.483924466274353,0.67673559997133,0.571814937831989,0.00375865354982299,0.470494350546665,0.671331516086078,0.571814937831989,0.00375865354982299,0.470494350546665,0.671331516086078
"low-large","none",2,"binary",18,149,1388617,12771411,1,1,1,1,1.04260190492096,0.926314779202432,1.04928944626821,1.04260190492096,0.570733539336306,0.00411444985769265,0.464844026603514,0.677866800525345,0.570733539336306,0.00411444985769265,0.464844026603514,0.677866800525345,0.580516545449542,0.00409123797058182,0.478327625601433,0.686912917822164,0.580516545449542,0.00409123797058182,0.478327625601433,0.686912917822164,0.562298896160417,0.0033648342118864,0.468907321721373,0.658740220285726,0.562298896160417,0.0033648342118864,0.468907321721373,0.658740220285726,0.508697889953909,0.00351821792818087,0.409938507261708,0.605446867092571,0.508697889953909,0.00351821792818087,0.409938507261708,0.605446867092571
"low-large","none",2,"binary",18,150,1388617,6909428,1,1,1,1,1.04260190492096,0.926314779202432,1.04928944626821,1.04260190492096,0.627024414117478,0.00439861394600089,0.520637617198967,0.737315425763752,0.627024414117478,0.00439861394600089,0.520637617198967,0.737315425763752,0.654642224576413,0.00451259462873241,0.545721154506145,0.770340162584488,0.654642224576413,0.00451259462873241,0.545721154506145,0.770340162584488,0.551335008922448,0.00341237910283506,0.457324074088651,0.647018646385555,0.551335008922448,0.00341237910283506,0.457324074088651,0.647018646385555,0.56090253527102,0.00379153562599752,0.460030920026061,0.66232821635362,0.56090253527102,0.00379153562599752,0.460030920026061,0.66232821635362
"low-large","none",2,"binary",18,151,1388617,6227886,1,1,1,1,1.04260190492096,0.926314779202432,1.04928944626821,1.04260190492096,0.609834606207236,0.0040852620720047,0.503103372850864,0.714111883358078,0.609834606207236,0.0040852620720047,0.503103372850864,0.714111883358078,0.614307108082146,0.00423065787385622,0.508072508013903,0.718208390770199,0.614307108082146,0.00423065787385622,0.508072508013903,0.718208390770199,0.49106664419082,0.00317716630563446,0.399849539684638,0.58229592286094,0.49106664419082,0.00317716630563446,0.399849539684638,0.58229592286094,0.529499327807556,0.00370333742501049,0.432512739096469,0.629611732302167,0.529499327807556,0.00370333742501049,0.432512739096469,0.629611732302167
"low-large","none",2,"binary",18,152,1388617,4421240,1,1,1,1,1.04260190492096,0.926314779202432,1.04928944626821,1.04260190492096,0.603966681043562,0.00429328016940279,0.499286024298399,0.713145380077609,0.603966681043562,0.00429328016940279,0.499286024298399,0.713145380077609,0.606560020003933,0.0042531991935152,0.50047800623444,0.718897085206004,0.606560020003933,0.0042531991935152,0.50047800623444,0.718897085206004,0.532797355284749,0.0033574676140551,0.43894228744293,0.628864859007194,0.532797355284749,0.0033574676140551,0.43894228744293,0.628864859007194,0.551885608233304,0.00375866602036145,0.453340468914779,0.653056455609356,0.551885608233304,0.00375866602036145,0.453340468914779,0.653056455609356
"low-large","none",2,"binary",18,153,1388617,4006357,1,1,1,1,1.04260190492096,0.926314779202432,1.04928944626821,1.04260190492096,0.543407592931543,0.00397959311289966,0.442428150568175,0.647168445246089,0.543407592931543,0.00397959311289966,0.442428150568175,0.647168445246089,0.547432658919783,0.00381762847339897,0.442899294146294,0.650206837546478,0.547432658919783,0.00381762847339897,0.442899294146294,0.650206837546478,0.491915975953681,0.00304291638313765,0.404694197779952,0.585628147808766,0.491915975953681,0.00304291638313765,0.404694197779952,0.585628147808766,0.537339446565442,0.00360128860174157,0.43836858460976,0.638325527491959,0.537339446565442,0.00360128860174157,0.43836858460976,0.638325527491959
"low-large","none",2,"binary",18,154,1388617,4060113,1,1,1,1,1.04260190492096,0.926314779202432,1.04928944626821,1.04260190492096,0.649924691778144,0.00439410590929158,0.542269307656006,0.757821901337933,0.649924691778144,0.00439410590929158,0.542269307656006,0.757821901337933,0.638151976582456,0.00434757121758283,0.532605043173765,0.749606070782322,0.638151976582456,0.00434757121758283,0.532605043173765,0.749606070782322,0.595698632645413,0.00343485682786413,0.499477062862221,0.690656014615352,0.595698632645413,0.00343485682786413,0.499477062862221,0.690656014615352,0.517522229786954,0.00385688954307125,0.41743576551614,0.620780899379579,0.517522229786954,0.00385688954307125,0.41743576551614,0.620780899379579
"low-large","none",2,"binary",18,155,1388617,9631827,1,1,1,1,1.04260190492096,0.926314779202432,1.04928944626821,1.04260190492096,0.582593047607784,0.00418730835551013,0.478242534247793,0.692775062002769,0.582593047607784,0.00418730835551013,0.478242534247793,0.692775062002769,0.623082867721537,0.00431792667769749,0.518532268781563,0.733178995992521,0.623082867721537,0.00431792667769749,0.518532268781563,0.733178995992521,0.551367700927847,0.00320561910759056,0.461256130575967,0.645056985626156,0.551367700927847,0.00320561910759056,0.461256130575967,0.645056985626156,0.530986540108189,0.00367796501479548,0.430407599963428,0.631954900938158,0.530986540108189,0.00367796501479548,0.430407599963428,0.631954900938158
"low-large","none",2,"binary",18,156,1388617,4449747,1,1,1,1,1.04260190492096,0.926314779202432,1.04928944626821,1.04260190492096,0.536264238880405,0.00412498642491375,0.431664581721082,0.640664672524566,0.536264238880405,0.00412498642491375,0.431664581721082,0.640664672524566,0.566390724885249,0.00404770766968226,0.464290842837146,0.674486619122747,0.566390724885249,0.00404770766968226,0.464290842837146,0.674486619122747,0.587592661386424,0.00340957815193267,0.493811285548613,0.684694804976223,0.587592661386424,0.00340957815193267,0.493811285548613,0.684694804976223,0.569992803835533,0.0038264565611699,0.466627909071525,0.669712597270172,0.569992803835533,0.0038264565611699,0.466627909071525,0.669712597270172
"low-large","none",2,"binary",18,157,1388617,5590532,1,1,1,1,1.04260190492096,0.926314779202432,1.04928944626821,1.04260190492096,0.524207138010169,0.00408789025834073,0.41811902017737,0.630916754269308,0.524207138010169,0.00408789025834073,0.41811902017737,0.630916754269308,0.611830353586322,0.00401986460099662,0.508984601166317,0.716373148447152,0.611830353586322,0.00401986460099662,0.508984601166317,0.716373148447152,0.609182304956112,0.0034530372851682,0.516427848551529,0.705867983472321,0.609182304956112,0.0034530372851682,0.516427848551529,0.705867983472321,0.537607418511365,0.00366995884925172,0.439521518356945,0.637967507002751,0.537607418511365,0.00366995884925172,0.439521518356945,0.637967507002751
"low-large","none",2,"binary",18,158,1388617,8578962,1,1,1,1,1.04260190492096,0.926314779202432,1.04928944626821,1.04260190492096,0.563541694447868,0.00384303228348018,0.462726054007849,0.666319448200122,0.563541694447868,0.00384303228348018,0.462726054007849,0.666319448200122,0.526054589652998,0.00383794563634868,0.428287571859823,0.627469575082088,0.526054589652998,0.00383794563634868,0.428287571859823,0.627469575082088,0.552687117164205,0.00317769229005727,0.464134895218485,0.650278004796877,0.552687117164205,0.00317769229005727,0.464134895218485,0.650278004796877,0.452387195630614,0.00337661918301762,0.360339828779984,0.546586139919743,0.452387195630614,0.00337661918301762,0.360339828779984,0.546586139919743
"low-large","none",2,"binary",18,159,1388617,16221138,1,1,1,1,1.04260190492096,0.926314779202432,1.04928944626821,1.04260190492096,0.59393119474183,0.00432136788723512,0.487129361407384,0.702930734441827,0.59393119474183,0.00432136788723512,0.487129361407384,0.702930734441827,0.650487479652045,0.00429009471120807,0.550735106449567,0.762118792977271,0.650487479652045,0.00429009471120807,0.550735106449567,0.762118792977271,0.517656876810171,0.00331288741059433,0.423871160335936,0.608496014971958,0.517656876810171,0.00331288741059433,0.423871160335936,0.608496014971958,0.568557377669683,0.00390419413501963,0.468108868295396,0.671808005628724,0.568557377669683,0.00390419413501963,0.468108868295396,0.671808005628724
"low-large","none",2,"binary",18,160,1388617,5382667,1,1,1,1,1.04260190492096,0.926314779202432,1.04928944626821,1.04260190492096,0.526152622645263,0.00386840431212615,0.425055601194678,0.629299454277176,0.526152622645263,0.00386840431212615,0.425055601194678,0.629299454277176,0.557800028543137,0.00378925888262274,0.453937598566147,0.659177662785132,0.557800028543137,0.00378925888262274,0.453937598566147,0.659177662785132,0.467530943671977,0.00307180264413757,0.376836022892285,0.56000653207709,0.467530943671977,0.00307180264413757,0.376836022892285,0.56000653207709,0.504026861644098,0.00344808260560805,0.409527270309025,0.600601073309803,0.504026861644098,0.00344808260560805,0.409527270309025,0.600601073309803
"low-large","none",2,"binary",18,161,1388617,2285993,1,1,1,1,1.04260190492096,0.926314779202432,1.04928944626821,1.04260190492096,0.552290790048136,0.00390185679034722,0.450813400129114,0.654185048014937,0.552290790048136,0.00390185679034722,0.450813400129114,0.654185048014937,0.55526219971602,0.00399540393273834,0.452883300205724,0.659871311748071,0.55526219971602,0.00399540393273834,0.452883300205724,0.659871311748071,0.516342180479805,0.00299198514486603,0.426993021537892,0.608422505564107,0.516342180479805,0.00299198514486603,0.426993021537892,0.608422505564107,0.45614804821649,0.00336661208105278,0.361374846041562,0.550467899535151,0.45614804821649,0.00336661208105278,0.361374846041562,0.550467899535151
"low-large","none",2,"binary",18,162,1388617,14542027,1,1,1,1,1.04260190492096,0.926314779202432,1.04928944626821,1.04260190492096,0.578448648462541,0.00421275174993552,0.473346401454847,0.682053268633458,0.578448648462541,0.00421275174993552,0.473346401454847,0.682053268633458,0.571088401185931,0.0041510190297907,0.466588628915728,0.67873758872014,0.571088401185931,0.0041510190297907,0.466588628915728,0.67873758872014,0.58008252052275,0.00329851848015865,0.487427512169567,0.673699412850061,0.58008252052275,0.00329851848015865,0.487427512169567,0.673699412850061,0.575288740123247,0.00371428152636362,0.47143082478609,0.674784661642015,0.575288740123247,0.00371428152636362,0.47143082478609,0.674784661642015
"low-large","none",2,"binary",18,163,1388617,6247570,1,1,1,1,1.04260190492096,0.926314779202432,1.04928944626821,1.04260190492096,0.573637397558695,0.00422013968758283,0.46777414123918,0.677985553990406,0.573637397558695,0.00422013968758283,0.46777414123918,0.677985553990406,0.638608470399568,0.00436974209367419,0.531775108990467,0.748361231364505,0.638608470399568,0.00436974209367419,0.531775108990467,0.748361231364505,0.630196260311727,0.00359100957473602,0.535201619927467,0.731692346960867,0.630196260311727,0.00359100957473602,0.535201619927467,0.731692346960867,0.605228603232182,0.00394544038054716,0.505049704016779,0.70824216447521,0.605228603232182,0.00394544038054716,0.505049704016779,0.70824216447521
"low-large","none",2,"binary",18,164,1388617,16585335,1,1,1,1,1.04260190492096,0.926314779202432,1.04928944626821,1.04260190492096,0.634404175436139,0.00430748887343768,0.528014143017501,0.740570116315157,0.634404175436139,0.00430748887343768,0.528014143017501,0.740570116315157,0.596209034980191,0.00437933800479239,0.487686619715148,0.711115401731371,0.596209034980191,0.00437933800479239,0.487686619715148,0.711115401731371,0.547802341315587,0.0034070271803195,0.452528125080469,0.645360663845974,0.547802341315587,0.0034070271803195,0.452528125080469,0.645360663845974,0.622595350035329,0.00408922269010965,0.514968020530548,0.727832072860564,0.622595350035329,0.00408922269010965,0.514968020530548,0.727832072860564
"low-large","none",2,"binary",18,165,1388617,2850135,1,1,1,1,1.04260190492096,0.926314779202432,1.04928944626821,1.04260190492096,0.595750854521255,0.00424118691549578,0.487376427755123,0.703226750630033,0.595750854521255,0.00424118691549578,0.487376427755123,0.703226750630033,0.549056015596895,0.00394062346983654,0.449550486484878,0.653486796696365,0.549056015596895,0.00394062346983654,0.449550486484878,0.653486796696365,0.611956910655801,0.00349724921674336,0.518410444678329,0.711381305117948,0.611956910655801,0.00349724921674336,0.518410444678329,0.711381305117948,0.625580084864621,0.0040315309967542,0.521926114256624,0.7318708526836,0.625580084864621,0.0040315309967542,0.521926114256624,0.7318708526836
"low-large","none",2,"binary",18,166,1388617,398919,1,1,1,1,1.04260190492096,0.926314779202432,1.04928944626821,1.04260190492096,0.465312960557149,0.00378449128774155,0.364671348219071,0.56666581861678,0.465312960557149,0.00378449128774155,0.364671348219071,0.56666581861678,0.51167338968184,0.00376924564432778,0.414071584129625,0.615755709133785,0.51167338968184,0.00376924564432778,0.414071584129625,0.615755709133785,0.592914310228907,0.0033586585456914,0.497303568468559,0.684933583737239,0.592914310228907,0.0033586585456914,0.497303568468559,0.684933583737239,0.512065184451689,0.00359763428519852,0.414460709600943,0.612344587613999,0.512065184451689,0.00359763428519852,0.414460709600943,0.612344587613999
"low-large","none",2,"binary",18,167,1388617,9610309,1,1,1,1,1.04260190492096,0.926314779202432,1.04928944626821,1.04260190492096,0.659916085852782,0.00450684457500457,0.549698688787998,0.766225380397611,0.659916085852782,0.00450684457500457,0.549698688787998,0.766225380397611,0.64951797621098,0.00453377441903447,0.542174556735605,0.763402908562274,0.64951797621098,0.00453377441903447,0.542174556735605,0.763402908562274,0.514370085709572,0.00339362428496978,0.422620357031299,0.609702981043932,0.514370085709572,0.00339362428496978,0.422620357031299,0.609702981043932,0.582978385192998,0.0038392248762452,0.481162120022053,0.684782314188127,0.582978385192998,0.0038392248762452,0.481162120022053,0.684782314188127
"low-large","none",2,"binary",18,168,1388617,10778711,1,1,1,1,1.04260190492096,0.926314779202432,1.04928944626821,1.04260190492096,0.587786063191151,0.00419039182450219,0.483468355094367,0.69558155423331,0.587786063191151,0.00419039182450219,0.483468355094367,0.69558155423331,0.591342458137569,0.00408521600218283,0.487860910910581,0.699815141106776,0.591342458137569,0.00408521600218283,0.487860910910581,0.699815141106776,0.598257475341849,0.00346757284951048,0.50224402804089,0.697290511462956,0.598257475341849,0.00346757284951048,0.50224402804089,0.697290511462956,0.597303888447508,0.00390557403491002,0.493800599653256,0.698097576719044,0.597303888447508,0.00390557403491002,0.493800599653256,0.698097576719044
"low-large","none",2,"binary",18,169,1388617,7780529,1,1,1,1,1.04260190492096,0.926314779202432,1.04928944626821,1.04260190492096,0.52508112073766,0.00388536985098521,0.424708176846973,0.630085106896238,0.52508112073766,0.00388536985098521,0.424708176846973,0.630085106896238,0.575308421906424,0.00378880652615632,0.476826652481226,0.680409454815984,0.575308421906424,0.00378880652615632,0.476826652481226,0.680409454815984,0.481488503051237,0.00304054043380421,0.390495331344219,0.573836748981987,0.481488503051237,0.00304054043380421,0.390495331344219,0.573836748981987,0.529801882678711,0.003372715297345,0.435996648305074,0.626578310908655,0.529801882678711,0.003372715297345,0.435996648305074,0.626578310908655
"low-large","none",2,"binary",18,170,1388617,2311390,1,1,1,1,1.04260190492096,0.926314779202432,1.04928944626821,1.04260190492096,0.588129334336114,0.00419870600294426,0.482690118660105,0.693762620710475,0.588129334336114,0.00419870600294426,0.482690118660105,0.693762620710475,0.604509358946714,0.00423042177135284,0.499222911628783,0.715375307045176,0.604509358946714,0.00423042177135284,0.499222911628783,0.715375307045176,0.584550012523491,0.00336737155058493,0.490316059087703,0.678799014938153,0.584550012523491,0.00336737155058493,0.490316059087703,0.678799014938153,0.533220040858476,0.00379542393742522,0.431952645148159,0.636105729322465,0.533220040858476,0.00379542393742522,0.431952645148159,0.636105729322465
"low-large","none",2,"binary",18,171,1388617,7325797,1,1,1,1,1.04260190492096,0.926314779202432,1.04928944626821,1.04260190492096,0.553607104432487,0.00426345052851768,0.448440777885143,0.661513066560814,0.553607104432487,0.00426345052851768,0.448440777885143,0.661513066560814,0.621986799290582,0.00432708150365883,0.51415639840997,0.732954974533699,0.621986799290582,0.00432708150365883,0.51415639840997,0.732954974533699,0.602567165584911,0.00349943450580341,0.508753114578381,0.700498822143486,0.602567165584911,0.00349943450580341,0.508753114578381,0.700498822143486,0.566462564005021,0.00382948386326969,0.465600821930251,0.668960806235573,0.566462564005021,0.00382948386326969,0.465600821930251,0.668960806235573
"low-large","none",2,"binary",18,172,1388617,6362123,1,1,1,1,1.04260190492096,0.926314779202432,1.04928944626821,1.04260190492096,0.667953879844842,0.00430016018965922,0.561423501698788,0.772585273103908,0.667953879844842,0.00430016018965922,0.561423501698788,0.772585273103908,0.578785740126746,0.00421012096925982,0.475175880270688,0.686477087324005,0.578785740126746,0.00421012096925982,0.475175880270688,0.686477087324005,0.538678762546049,0.00323213282728137,0.449099538248294,0.634555350524464,0.538678762546049,0.00323213282728137,0.449099538248294,0.634555350524464,0.501714012132693,0.00356253539248673,0.405483214662201,0.601180966343201,0.501714012132693,0.00356253539248673,0.405483214662201,0.601180966343201
"low-large","none",2,"binary",18,173,1388617,2610892,1,1,1,1,1.04260190492096,0.926314779202432,1.04928944626821,1.04260190492096,0.522169588392791,0.00392988440159875,0.422104581920831,0.627167690496286,0.522169588392791,0.00392988440159875,0.422104581920831,0.627167690496286,0.524489136608032,0.00382254109138263,0.423057332311586,0.626087867035035,0.524489136608032,0.00382254109138263,0.423057332311586,0.626087867035035,0.503129873422199,0.0030812781689899,0.413427809901979,0.595300538350356,0.503129873422199,0.0030812781689899,0.413427809901979,0.595300538350356,0.50045741067424,0.00344988348951519,0.405855112416063,0.596300244643483,0.50045741067424,0.00344988348951519,0.405855112416063,0.596300244643483
"low-large","none",2,"binary",18,174,1388617,13640168,1,1,1,1,1.04260190492096,0.926314779202432,1.04928944626821,1.04260190492096,0.749036714223569,0.00486358989047723,0.635895066391913,0.862325760928325,0.749036714223569,0.00486358989047723,0.635895066391913,0.862325760928325,0.684207419427924,0.00492681446232652,0.572440410488081,0.80487893238418,0.684207419427924,0.00492681446232652,0.572440410488081,0.80487893238418,0.613495060866572,0.00369509701629686,0.516292677471257,0.714876986263747,0.613495060866572,0.00369509701629686,0.516292677471257,0.714876986263747,0.601866953514878,0.00418266696838783,0.495761708292967,0.709453259223867,0.601866953514878,0.00418266696838783,0.495761708292967,0.709453259223867
"low-large","none",2,"binary",18,175,1388617,1637948,1,1,1,1,1.04260190492096,0.926314779202432,1.04928944626821,1.04260190492096,0.616029448016641,0.00418638915634902,0.509064032686078,0.723569385153664,0.616029448016641,0.00418638915634902,0.509064032686078,0.723569385153664,0.571029979540146,0.00403906123015147,0.468474182206435,0.675239102018835,0.571029979540146,0.00403906123015147,0.468474182206435,0.675239102018835,0.548816118864897,0.00336355975867842,0.456696719919456,0.645293087612923,0.548816118864897,0.00336355975867842,0.456696719919456,0.645293087612923,0.529210195853914,0.00367799703597384,0.429996041884756,0.630069309072178,0.529210195853914,0.00367799703597384,0.429996041884756,0.630069309072178
"low-large","none",2,"binary",18,176,1388617,12961982,1,1,1,1,1.04260190492096,0.926314779202432,1.04928944626821,1.04260190492096,0.574727880502502,0.00391329765336604,0.470821595952057,0.676453122834558,0.574727880502502,0.00391329765336604,0.470821595952057,0.676453122834558,0.552633282928307,0.00381993951408484,0.451270152091723,0.656878143003989,0.552633282928307,0.00381993951408484,0.451270152091723,0.656878143003989,0.512966101972856,0.00317524329939373,0.422682495246696,0.604194554637835,0.512966101972856,0.00317524329939373,0.422682495246696,0.604194554637835,0.549290247591334,0.00360758875861093,0.450833376825106,0.651049173987546,0.549290247591334,0.00360758875861093,0.450833376825106,0.651049173987546
"low-large","none",2,"binary",18,177,1388617,6188656,1,1,1,1,1.04260190492096,0.926314779202432,1.04928944626821,1.04260190492096,0.560728215907645,0.00424067405636046,0.454257592979817,0.66562030920406,0.560728215907645,0.00424067405636046,0.454257592979817,0.66562030920406,0.600270731164754,0.00420687868929315,0.495591378699405,0.711312666627589,0.600270731164754,0.00420687868929315,0.495591378699405,0.711312666627589,0.576017267191936,0.00330980480080842,0.482186406993086,0.671993929520909,0.576017267191936,0.00330980480080842,0.482186406993086,0.671993929520909,0.547972277274325,0.00380575567287706,0.44518936801068,0.650067648623938,0.547972277274325,0.00380575567287706,0.44518936801068,0.650067648623938
"low-large","none",2,"binary",18,178,1388617,7833098,1,1,1,1,1.04260190492096,0.926314779202432,1.04928944626821,1.04260190492096,0.573139663439075,0.00423615314912228,0.467842920769016,0.682393908600632,0.573139663439075,0.00423615314912228,0.467842920769016,0.682393908600632,0.628801629055705,0.00437052268253297,0.520317103798348,0.737500061383452,0.628801629055705,0.00437052268253297,0.520317103798348,0.737500061383452,0.673485236143969,0.00364060758390644,0.578008389245044,0.774542672532098,0.673485236143969,0.00364060758390644,0.578008389245044,0.774542672532098,0.530908357989178,0.00378633687511273,0.429864965962637,0.63218043886114,0.530908357989178,0.00378633687511273,0.429864965962637,0.63218043886114
"low-large","none",2,"binary",18,179,1388617,16702634,1,1,1,1,1.04260190492096,0.926314779202432,1.04928944626821,1.04260190492096,0.531393687708041,0.00407830063213278,0.429577742468965,0.635281681614865,0.531393687708041,0.00407830063213278,0.429577742468965,0.635281681614865,0.640598764349023,0.00421861141510644,0.536897557102507,0.748361058902086,0.640598764349023,0.00421861141510644,0.536897557102507,0.748361058902086,0.502151735493655,0.00317436082500373,0.411097275543932,0.597063058529663,0.502151735493655,0.00317436082500373,0.411097275543932,0.597063058529663,0.547712900134531,0.00386436317618666,0.446469657734764,0.652198592432392,0.547712900134531,0.00386436317618666,0.446469657734764,0.652198592432392
"low-large","none",2,"binary",18,180,1388617,14522660,1,1,1,1,1.04260190492096,0.926314779202432,1.04928944626821,1.04260190492096,0.612194591361074,0.00421152301653333,0.507109368927978,0.718178622084837,0.612194591361074,0.00421152301653333,0.507109368927978,0.718178622084837,0.584828973510829,0.00408936347048526,0.483258595634152,0.689852364504057,0.584828973510829,0.00408936347048526,0.483258595634152,0.689852364504057,0.543835457220672,0.0033078020377047,0.45014612285849,0.64141034675406,0.543835457220672,0.0033078020377047,0.45014612285849,0.64141034675406,0.5659970612907,0.00366804423713206,0.467170710816632,0.667132526625896,0.5659970612907,0.00366804423713206,0.467170710816632,0.667132526625896
"low-large","none",2,"binary",18,181,1388617,8691329,1,1,1,1,1.04260190492096,0.926314779202432,1.04928944626821,1.04260190492096,0.573935230316578,0.00420075558641489,0.467268607185989,0.680685821912504,0.573935230316578,0.00420075558641489,0.467268607185989,0.680685821912504,0.566166889130278,0.00417823290244578,0.462282062933184,0.673993362423417,0.566166889130278,0.00417823290244578,0.462282062933184,0.673993362423417,0.608960000808907,0.00352349050551125,0.513661505544328,0.708244883871762,0.608960000808907,0.00352349050551125,0.513661505544328,0.708244883871762,0.547173506472805,0.00364382997150695,0.446767608485942,0.645497980868577,0.547173506472805,0.00364382997150695,0.446767608485942,0.645497980868577
"low-large","none",2,"binary",18,182,1388617,2005277,1,1,1,1,1.04260190492096,0.926314779202432,1.04928944626821,1.04260190492096,0.652635433375824,0.00451471503091499,0.541900569558916,0.762422543429362,0.652635433375824,0.00451471503091499,0.541900569558916,0.762422543429362,0.684850403706316,0.00464079071737892,0.575571531080203,0.801754582499222,0.684850403706316,0.00464079071737892,0.575571531080203,0.801754582499222,0.590258099013374,0.00359988644352931,0.493893311098124,0.691635684281118,0.590258099013374,0.00359988644352931,0.493893311098124,0.691635684281118,0.573587102276565,0.00389715827881926,0.472332580812658,0.676756370807252,0.573587102276565,0.00389715827881926,0.472332580812658,0.676756370807252
"low-large","none",2,"binary",18,183,1388617,15643511,1,1,1,1,1.04260190492096,0.926314779202432,1.04928944626821,1.04260190492096,0.535828659364582,0.00378483532526586,0.43353433905442,0.638949005139262,0.535828659364582,0.00378483532526586,0.43353433905442,0.638949005139262,0.521235064176,0.00386726639952843,0.421975668663291,0.621639179338817,0.521235064176,0.00386726639952843,0.421975668663291,0.621639179338817,0.589693194292073,0.00330554805309197,0.495533819804864,0.685047297189965,0.589693194292073,0.00330554805309197,0.495533819804864,0.685047297189965,0.493325415960132,0.00355156260473233,0.39490691759735,0.593439341915829,0.493325415960132,0.00355156260473233,0.39490691759735,0.593439341915829
"low-large","none",2,"binary",18,184,1388617,11875249,1,1,1,1,1.04260190492096,0.926314779202432,1.04928944626821,1.04260190492096,0.620158409417194,0.00431867602882278,0.51259824122786,0.724578369679968,0.620158409417194,0.00431867602882278,0.51259824122786,0.724578369679968,0.573820909785201,0.00411143823411531,0.471625413385554,0.682993593889911,0.573820909785201,0.00411143823411531,0.471625413385554,0.682993593889911,0.589657573313352,0.00339346325305374,0.496096713101664,0.686567835278627,0.589657573313352,0.00339346325305374,0.496096713101664,0.686567835278627,0.526889915026987,0.00365890931465826,0.428810172617771,0.626774422728891,0.526889915026987,0.00365890931465826,0.428810172617771,0.626774422728891
"low-large","none",2,"binary",18,185,1388617,12009248,1,1,1,1,1.04260190492096,0.926314779202432,1.04928944626821,1.04260190492096,0.618332515780863,0.00415999073620159,0.513497136422077,0.722432322718314,0.618332515780863,0.00415999073620159,0.513497136422077,0.722432322718314,0.607073061038941,0.00416716641366474,0.501660684482472,0.714502010135524,0.607073061038941,0.00416716641366474,0.501660684482472,0.714502010135524,0.553936656017146,0.00333320723700906,0.460724085804696,0.649618219527919,0.553936656017146,0.00333320723700906,0.460724085804696,0.649618219527919,0.575858972239903,0.00396340340487841,0.47334117786361,0.680402889437705,0.575858972239903,0.00396340340487841,0.47334117786361,0.680402889437705
"low-large","none",2,"binary",18,186,1388617,5869420,1,1,1,1,1.04260190492096,0.926314779202432,1.04928944626821,1.04260190492096,0.637261743202576,0.00439320328286906,0.52713973986859,0.751176383128057,0.637261743202576,0.00439320328286906,0.52713973986859,0.751176383128057,0.675134730533475,0.00458553384946473,0.566506119205761,0.786219474502664,0.675134730533475,0.00458553384946473,0.566506119205761,0.786219474502664,0.60754489550074,0.00340599574553362,0.514349705569451,0.707090233227449,0.60754489550074,0.00340599574553362,0.514349705569451,0.707090233227449,0.51651748839152,0.00386468827087025,0.415446581847845,0.618240380656915,0.51651748839152,0.00386468827087025,0.415446581847845,0.618240380656915
"low-large","none",2,"binary",18,187,1388617,5596140,1,1,1,1,1.04260190492096,0.926314779202432,1.04928944626821,1.04260190492096,0.52268996784683,0.0039885728993853,0.41816690668203,0.625006416519188,0.52268996784683,0.0039885728993853,0.41816690668203,0.625006416519188,0.614903840724933,0.00420221898224294,0.511277390480572,0.722190551903978,0.614903840724933,0.00420221898224294,0.511277390480572,0.722190551903978,0.569859014606988,0.00338130112865233,0.474452950016873,0.665368987151456,0.569859014606988,0.00338130112865233,0.474452950016873,0.665368987151456,0.516356086648973,0.00367510033993152,0.416378806843698,0.614211151129743,0.516356086648973,0.00367510033993152,0.416378806843698,0.614211151129743
"low-large","none",2,"binary",18,188,1388617,2480412,1,1,1,1,1.04260190492096,0.926314779202432,1.04928944626821,1.04260190492096,0.559385574666153,0.00412418978148131,0.456892194655235,0.666724385361387,0.559385574666153,0.00412418978148131,0.456892194655235,0.666724385361387,0.554228082412348,0.00394447707526099,0.455648879873434,0.660623314461133,0.554228082412348,0.00394447707526099,0.455648879873434,0.660623314461133,0.577165029743308,0.00330867040783635,0.486985688997198,0.6706755905129,0.577165029743308,0.00330867040783635,0.486985688997198,0.6706755905129,0.505788112349959,0.00359472188788106,0.408868011174136,0.603553446038932,0.505788112349959,0.00359472188788106,0.408868011174136,0.603553446038932
"low-large","none",2,"binary",18,189,1388617,9268643,1,1,1,1,1.04260190492096,0.926314779202432,1.04928944626821,1.04260190492096,0.534166796099498,0.00411357810739494,0.431851453187944,0.63921980372881,0.534166796099498,0.00411357810739494,0.431851453187944,0.63921980372881,0.5638099130959,0.00406748196041608,0.460338119437352,0.669189614927305,0.5638099130959,0.00406748196041608,0.460338119437352,0.669189614927305,0.597053223490143,0.003468519763511,0.498516487943212,0.694176334907985,0.597053223490143,0.003468519763511,0.498516487943212,0.694176334907985,0.531993680327949,0.00386228613560493,0.430879634037825,0.63517078238292,0.531993680327949,0.00386228613560493,0.430879634037825,0.63517078238292
"low-large","none",2,"binary",18,190,1388617,4105224,1,1,1,1,1.04260190492096,0.926314779202432,1.04928944626821,1.04260190492096,0.536089463829234,0.00390125447948625,0.432712852121977,0.638689825534968,0.536089463829234,0.00390125447948625,0.432712852121977,0.638689825534968,0.511803824372408,0.00363565224094855,0.415445348565942,0.612348604219553,0.511803824372408,0.00363565224094855,0.415445348565942,0.612348604219553,0.527546971338239,0.00306835293437187,0.438799189956985,0.619145481687618,0.527546971338239,0.00306835293437187,0.438799189956985,0.619145481687618,0.560146973543891,0.00360262662009613,0.461948930605633,0.659289593056469,0.560146973543891,0.00360262662009613,0.461948930605633,0.659289593056469
"low-large","none",2,"binary",18,191,1388617,13775033,1,1,1,1,1.04260190492096,0.926314779202432,1.04928944626821,1.04260190492096,0.537105280333175,0.00395623827637189,0.436534763435234,0.643197954419296,0.537105280333175,0.00395623827637189,0.436534763435234,0.643197954419296,0.57586485962632,0.00390416687067281,0.474576172506077,0.681781298737002,0.57586485962632,0.00390416687067281,0.474576172506077,0.681781298737002,0.46567413871592,0.00304685367645096,0.375229993914426,0.557558061399788,0.46567413871592,0.00304685367645096,0.375229993914426,0.557558061399788,0.510270427668387,0.00341428368927909,0.413794917105923,0.606703745339838,0.510270427668387,0.00341428368927909,0.413794917105923,0.606703745339838
"low-large","none",2,"binary",18,192,1388617,11787197,1,1,1,1,1.04260190492096,0.926314779202432,1.04928944626821,1.04260190492096,0.594487031578,0.00433573103803781,0.488030186901401,0.704335110120513,0.594487031578,0.00433573103803781,0.488030186901401,0.704335110120513,0.630210237652328,0.00435088728750217,0.525017938011903,0.740542455336646,0.630210237652328,0.00435088728750217,0.525017938011903,0.740542455336646,0.634522007589415,0.00365055737109854,0.536472558940742,0.735591062524061,0.634522007589415,0.00365055737109854,0.536472558940742,0.735591062524061,0.561155642625954,0.00382764008221803,0.463979687947937,0.661972360303647,0.561155642625954,0.00382764008221803,0.463979687947937,0.661972360303647
"low-large","none",2,"binary",18,193,1388617,375316,1,1,1,1,1.04260190492096,0.926314779202432,1.04928944626821,1.04260190492096,0.556177230865927,0.00392364309233706,0.454044052293105,0.660495597028087,0.556177230865927,0.00392364309233706,0.454044052293105,0.660495597028087,0.549262778675036,0.0039211061233472,0.446657895248172,0.655350583507204,0.549262778675036,0.0039211061233472,0.446657895248172,0.655350583507204,0.569457213615279,0.00327103152773595,0.47680144004582,0.664242186427009,0.569457213615279,0.00327103152773595,0.47680144004582,0.664242186427009,0.458050498167725,0.00338810377335081,0.36282525203397,0.553021888549046,0.458050498167725,0.00338810377335081,0.36282525203397,0.553021888549046
"low-large","none",2,"binary",18,194,1388617,6131090,1,1,1,1,1.04260190492096,0.926314779202432,1.04928944626821,1.04260190492096,0.577001189568438,0.00422743329153252,0.469974784707033,0.683217925038223,0.577001189568438,0.00422743329153252,0.469974784707033,0.683217925038223,0.584917065843533,0.00416751565799306,0.482842472251621,0.691653089562532,0.584917065843533,0.00416751565799306,0.482842472251621,0.691653089562532,0.623737276004209,0.00368017316450038,0.526155876360357,0.725820504026712,0.623737276004209,0.00368017316450038,0.526155876360357,0.725820504026712,0.622353587691463,0.00405115192497972,0.519098757223224,0.729644768626461,0.622353587691463,0.00405115192497972,0.519098757223224,0.729644768626461
"low-large","none",2,"binary",18,195,1388617,5072684,1,1,1,1,1.04260190492096,0.926314779202432,1.04928944626821,1.04260190492096,0.648054000878428,0.00448878303317374,0.5379349049812,0.755853435752472,0.648054000878428,0.00448878303317374,0.5379349049812,0.755853435752472,0.623548223856389,0.00434314106638135,0.515355367567145,0.734081531424047,0.623548223856389,0.00434314106638135,0.515355367567145,0.734081531424047,0.565931767682365,0.00345939292280781,0.466435132063024,0.665602001188375,0.565931767682365,0.00345939292280781,0.466435132063024,0.665602001188375,0.589568134532278,0.00393520011025876,0.48774109415039,0.694418467398129,0.589568134532278,0.00393520011025876,0.48774109415039,0.694418467398129
"low-large","none",2,"binary",18,196,1388617,8341868,1,1,1,1,1.04260190492096,0.926314779202432,1.04928944626821,1.04260190492096,0.614893463229334,0.00448481532865209,0.506796293782635,0.723697515055766,0.614893463229334,0.00448481532865209,0.506796293782635,0.723697515055766,0.623973982387575,0.0043092546709846,0.518769514898549,0.737793595826632,0.623973982387575,0.0043092546709846,0.518769514898549,0.737793595826632,0.635443051572827,0.00367299182204219,0.536466770541739,0.736327444432101,0.635443051572827,0.00367299182204219,0.536466770541739,0.736327444432101,0.641432218337494,0.00414493452493449,0.538918057736391,0.747839305459856,0.641432218337494,0.00414493452493449,0.538918057736391,0.747839305459856
"low-large","none",2,"binary",18,197,1388617,6819039,1,1,1,1,1.04260190492096,0.926314779202432,1.04928944626821,1.04260190492096,0.543944620576781,0.00414751653218048,0.439029655668316,0.650961282873541,0.543944620576781,0.00414751653218048,0.439029655668316,0.650961282873541,0.636746218405608,0.00433428126552489,0.528882108942119,0.743372546779295,0.636746218405608,0.00433428126552489,0.528882108942119,0.743372546779295,0.521077527161718,0.00329612415611389,0.429335517948141,0.614559777084761,0.521077527161718,0.00329612415611389,0.429335517948141,0.614559777084761,0.560752843691787,0.00383444071929013,0.460100782896793,0.663575957371765,0.560752843691787,0.00383444071929013,0.460100782896793,0.663575957371765
"low-large","none",2,"binary",18,198,1388617,6490037,1,1,1,1,1.04260190492096,0.926314779202432,1.04928944626821,1.04260190492096,0.558776188875927,0.00421139452196563,0.452466774886194,0.662738554543946,0.558776188875927,0.00421139452196563,0.452466774886194,0.662738554543946,0.601342702516951,0.00413937935396257,0.498614170774634,0.712640212965113,0.601342702516951,0.00413937935396257,0.498614170774634,0.712640212965113,0.575534278706909,0.0033272737397434,0.482675615980053,0.671967301796709,0.575534278706909,0.0033272737397434,0.482675615980053,0.671967301796709,0.563380207742429,0.0036556148547181,0.464229085059477,0.663724303744506,0.563380207742429,0.0036556148547181,0.464229085059477,0.663724303744506
"low-large","none",2,"binary",18,199,1388617,12220213,1,1,1,1,1.04260190492096,0.926314779202432,1.04928944626821,1.04260190492096,0.584972536168169,0.00420371033926065,0.478334689402192,0.69267878859062,0.584972536168169,0.00420371033926065,0.478334689402192,0.69267878859062,0.609077054650953,0.00419998316170182,0.505060800461048,0.713287211188503,0.609077054650953,0.00419998316170182,0.505060800461048,0.713287211188503,0.599010437131137,0.0034762227550629,0.506354237297677,0.695007976869455,0.599010437131137,0.0034762227550629,0.506354237297677,0.695007976869455,0.561175597747075,0.00368470580722943,0.458464738217168,0.662373083378255,0.561175597747075,0.00368470580722943,0.458464738217168,0.662373083378255
"low-large","none",2,"binary",18,200,1388617,13108156,1,1,1,1,1.04260190492096,0.926314779202432,1.04928944626821,1.04260190492096,0.624186875035869,0.00423099987263269,0.517620383023138,0.73125498404896,0.624186875035869,0.00423099987263269,0.517620383023138,0.73125498404896,0.580711615406572,0.00401105555841753,0.479499680945164,0.686822862654262,0.580711615406572,0.00401105555841753,0.479499680945164,0.686822862654262,0.545299507560708,0.00337260323572254,0.455152108481672,0.64263994616515,0.545299507560708,0.00337260323572254,0.455152108481672,0.64263994616515,0.509188411979802,0.00352815027735675,0.415276142795713,0.607551216281268,0.509188411979802,0.00352815027735675,0.415276142795713,0.607551216281268
