"excessvar","re.type","num.re","response","run","rep","design.seed","error.seed","beta_int_true","beta_row_true","beta_col_true","beta_dyad_true","delta_int_true","delta_row_true","delta_col_true","delta_dyad_true","beta_int_mean","beta_int_var","beta_int_5q","beta_int_95q","delta_int_mean","delta_int_var","delta_int_5q","delta_int_95q","beta_row_mean","beta_row_var","beta_row_5q","beta_row_95q","delta_row_mean","delta_row_var","delta_row_5q","delta_row_95q","beta_col_mean","beta_col_var","beta_col_5q","beta_col_95q","delta_col_mean","delta_col_var","delta_col_5q","delta_col_95q","beta_dyad_mean","beta_dyad_var","beta_dyad_5q","beta_dyad_95q","delta_dyad_mean","delta_dyad_var","delta_dyad_5q","delta_dyad_95q"
"high-large","halfcauchy",2,"continuous",58,1,2965169,11253268,1,1,1,1,1.51628981627919,0.990139557536723,0.0969327615777307,1.51628981627919,1.45684143375846,0.0154589583168694,1.24995527137256,1.66167657178131,1.45480598096067,0.00155738625290419,1.38709523474114,1.52073536707392,-0.0219818542246686,0.0130362413549912,-0.211243251470694,0.167731129425692,-0.0241605845469592,0.00208247478795981,-0.0983799958170813,0.0492007547020976,0.695566570415584,0.00802778882081322,0.547743358283418,0.839348253404679,0.701211787923444,0.00173698619807019,0.63310142038853,0.772936716849383,1.07317975263705,0.00171018619778479,1.0063664792129,1.14007671148238,1.0628874719301,0.00162187795786343,0.996001741983924,1.12919048480107
"high-large","halfcauchy",2,"continuous",58,2,2965169,5662530,1,1,1,1,1.51628981627919,0.990139557536723,0.0969327615777307,1.51628981627919,1.54331732335459,0.015975815455651,1.33303645782789,1.74721576057117,1.54312115030712,0.00149367140486405,1.47957141037231,1.60765327328887,0.0657781638998337,0.0103049998151495,-0.103784726081982,0.22962541893863,0.0641219732661937,0.00196431632061422,-0.00829631526112409,0.134477345010108,0.754219607133671,0.010748038696177,0.582191754610318,0.92218853124577,0.759155029487226,0.00165878601448347,0.692082606069962,0.825510820172493,1.04115104176365,0.00163360010007963,0.975856352878692,1.10718646207817,1.03499667137796,0.00156307011125013,0.970818537160139,1.10024406438196
"high-large","halfcauchy",2,"continuous",58,3,2965169,536895,1,1,1,1,1.51628981627919,0.990139557536723,0.0969327615777307,1.51628981627919,1.49443897207447,0.0171788557537288,1.2774144933368,1.70869617956423,1.49169495150816,0.00140620357652749,1.42839344295586,1.55483635232309,0.101519968101525,0.0147153479941985,-0.100579775736148,0.300359051087158,0.0974881344399418,0.00192071949449781,0.0265000108939575,0.169780472124001,0.785564396346177,0.00841788808935872,0.638064723340551,0.932016868289118,0.791687052947022,0.0015845225339244,0.725309131642967,0.858690218865265,0.998618760408337,0.00157529967907837,0.934943217186685,1.06233949297523,1.01651115575619,0.00148542050406105,0.952486597446181,1.0795892284906
"high-large","halfcauchy",2,"continuous",58,4,2965169,13464818,1,1,1,1,1.51628981627919,0.990139557536723,0.0969327615777307,1.51628981627919,1.48742915110556,0.0184318978992506,1.26174872238041,1.70486143356571,1.48707839860941,0.00150415472010758,1.42332703023182,1.55061944591393,0.0992250802194343,0.0133683481043363,-0.0851026627192461,0.290257580430956,0.0969915535543181,0.00196719304726899,0.0242761993232368,0.169018665551379,0.705127891352805,0.0109262881110753,0.53381066186242,0.873009614362843,0.712486583538813,0.00165516052034697,0.645211856470914,0.780381479979559,0.952205922560758,0.0016416741990095,0.886680790932913,1.01783363174628,0.941869743252702,0.00155554888905849,0.877155843618216,1.00534809611746
"high-large","halfcauchy",2,"continuous",58,5,2965169,9909237,1,1,1,1,1.51628981627919,0.990139557536723,0.0969327615777307,1.51628981627919,1.52245418006148,0.0182651186266938,1.30184496577918,1.73858621978216,1.52259222804542,0.00163332509389966,1.45487492116964,1.58800701331902,0.0852003998606525,0.0123823016859727,-0.100527014826004,0.267101385120362,0.0810484824783592,0.00218906752319958,0.00684727526659325,0.157627313663032,0.722003166116086,0.0116366710782752,0.546791258323924,0.899322248915597,0.728597112760405,0.00181388084706551,0.658166498684978,0.798680451511551,1.03449858635603,0.00181537032862311,0.965957590763117,1.10417152786754,1.02125693652709,0.00171570810655229,0.952582788082105,1.08933230074274
"high-large","halfcauchy",2,"continuous",58,6,2965169,5495005,1,1,1,1,1.51628981627919,0.990139557536723,0.0969327615777307,1.51628981627919,1.49880337884551,0.0181320672639445,1.2788621384583,1.71683696221187,1.49785536428266,0.00144062427553165,1.43474001507236,1.56200558271468,0.140759551343908,0.0133490337075384,-0.0478409554849397,0.332532069901532,0.137446704018282,0.00198157163488401,0.0647902085261792,0.209900280587647,0.680293739813266,0.0107696431917177,0.507610977375257,0.85232325182933,0.687589899205303,0.0016730171710977,0.619524610700014,0.754087751778885,0.945183939727427,0.00164492964570255,0.879994176560415,1.01108477178053,0.937392317664042,0.00155936863890503,0.872328638593249,1.00182798362184
"high-large","halfcauchy",2,"continuous",58,7,2965169,1808175,1,1,1,1,1.51628981627919,0.990139557536723,0.0969327615777307,1.51628981627919,1.44902914319436,0.0181158203234464,1.23150970897971,1.67111976612777,1.44968954861881,0.00147983727306752,1.38515166760521,1.5145241101928,0.0854481901103284,0.0125125710276718,-0.103330060322213,0.270500719655738,0.0825814294018217,0.00202136991144664,0.00964945623618385,0.156101428396803,0.704872967651093,0.0114568681323939,0.526488437202387,0.878136889835053,0.711878528917516,0.00169259092561038,0.64416860120832,0.779750052553456,0.982870299347851,0.00165166580174605,0.917525971892464,1.04901436111034,0.979497889768163,0.00156335595654543,0.914731023821378,1.04422043210437
"high-large","halfcauchy",2,"continuous",58,8,2965169,11221799,1,1,1,1,1.51628981627919,0.990139557536723,0.0969327615777307,1.51628981627919,1.5007149063362,0.0201476673625747,1.2670607546803,1.72809572924509,1.50182585232404,0.00145601137685618,1.4377730846373,1.56564856931337,0.136508875255161,0.0136141326244633,-0.0524177769607703,0.327462959018601,0.135448275833907,0.00197066276730117,0.0626532391086886,0.208227402814804,0.678927480624596,0.0127271313413761,0.491569016453361,0.86135744809828,0.6865855871129,0.00172203776798409,0.618601488094908,0.753749970939238,1.00047101006343,0.00166140632309172,0.934871123564037,1.06756715079915,0.972176817514048,0.00158122754810163,0.907281164278987,1.0362860596322
"high-large","halfcauchy",2,"continuous",58,9,2965169,14038837,1,1,1,1,1.51628981627919,0.990139557536723,0.0969327615777307,1.51628981627919,1.57573088801556,0.017168377980766,1.36250736367775,1.78591806815109,1.57577860479247,0.00157881741169387,1.50948129949197,1.64348766973382,0.0612521256396745,0.012571109684561,-0.12267488356336,0.241944944268257,0.0592740193775597,0.00211619708011796,-0.0166964290318868,0.135654707107504,0.736913267640859,0.0105253385375637,0.569305949539663,0.905574541679629,0.743192562632201,0.00175651960473153,0.673721017275458,0.811125461032858,0.937412503807989,0.0017418352953603,0.869872976468983,1.00540715884196,0.91955280536287,0.00166401221614392,0.852236603390022,0.986932625999554
"high-large","halfcauchy",2,"continuous",58,10,2965169,8775195,1,1,1,1,1.51628981627919,0.990139557536723,0.0969327615777307,1.51628981627919,1.48257267994392,0.0181429612484396,1.25986246358379,1.70254959164958,1.48223366707861,0.00142548039718667,1.42011933137326,1.54585069505111,0.0166042061654789,0.0135627607161728,-0.173947139034062,0.206815977271594,0.014279858179891,0.00194470757391685,-0.0569243852860748,0.0872079478099129,0.715109860546255,0.0102540578925655,0.544727593875314,0.879572680624728,0.722105759408318,0.0016173837216769,0.655499813370824,0.78972103887046,1.04238823270476,0.00158068430388055,0.978351631490448,1.10760745367079,1.02004643181281,0.00149684813053173,0.956848474572108,1.08287292648575
"high-large","halfcauchy",2,"continuous",58,11,2965169,1911473,1,1,1,1,1.51628981627919,0.990139557536723,0.0969327615777307,1.51628981627919,1.52665414805483,0.015370633177812,1.32450174103521,1.72762049337621,1.5259519835727,0.00158519724244586,1.45863495056823,1.59138216102008,0.0662325751855381,0.0110620857455215,-0.110691393089718,0.242301858524606,0.0632998264813477,0.00207012340879573,-0.0121028533756013,0.137600415849352,0.727343137158046,0.00947088871208035,0.564739950491093,0.884770398889226,0.732421348607494,0.00169939979166064,0.66436740904907,0.801191925651117,0.9770673250757,0.00170874089210893,0.910451499284427,1.0441172976905,0.973340210872693,0.00162727801454458,0.907560032483883,1.03968317098112
"high-large","halfcauchy",2,"continuous",58,12,2965169,10289640,1,1,1,1,1.51628981627919,0.990139557536723,0.0969327615777307,1.51628981627919,1.59623374358193,0.0171013409629876,1.37702518059922,1.80630387254245,1.59460492060374,0.00147259650011112,1.52912653034896,1.65974578711079,0.056094762213877,0.014879082834349,-0.145890196465155,0.254517506430639,0.0539759591362254,0.00204856497213309,-0.0198932228795017,0.130294621110841,0.761299983369206,0.00824353854877718,0.612781333499507,0.907538505752081,0.767934126941734,0.0016164003871078,0.701249792123462,0.83509948839365,0.932572467051941,0.00164728771087377,0.867129736426303,0.998495251326607,0.920355717378767,0.00155740405339095,0.854777906311604,0.984856168306269
"high-large","halfcauchy",2,"continuous",58,13,2965169,9324987,1,1,1,1,1.51628981627919,0.990139557536723,0.0969327615777307,1.51628981627919,1.53832213830649,0.0189116890798043,1.31201771349658,1.76102469703111,1.53872229110281,0.00136798405222797,1.47750839674784,1.60023970798062,0.0654443566952159,0.0131818455831616,-0.126447909799833,0.254565412758628,0.0637694555529597,0.00190132062109603,-0.00739850560202693,0.137341855328897,0.832519614408754,0.0119600123465317,0.650602068084788,1.00803868091809,0.839512555405462,0.00158536114726905,0.773776325201479,0.905470744983549,0.95957788620019,0.00153806543609802,0.896247108871518,1.02327629397039,0.936424183397738,0.00145407969552954,0.87428483873399,0.999093912100132
"high-large","halfcauchy",2,"continuous",58,14,2965169,8639309,1,1,1,1,1.51628981627919,0.990139557536723,0.0969327615777307,1.51628981627919,1.5072814324676,0.0196339320614009,1.2801656533492,1.730909536128,1.50654449173724,0.00149073013606269,1.44340825841647,1.56968523118846,0.102047202844604,0.0137182670956659,-0.0890164354290368,0.291390002293145,0.0986656169020185,0.00203188939551576,0.0252154797727319,0.173662878730981,0.718624042098422,0.011805289571118,0.538554840962655,0.893783063044476,0.725662191158876,0.00169661314747904,0.657166126510006,0.792735218182143,0.974748653845582,0.00166310680636727,0.909104677525641,1.0417869556784,0.974728508613323,0.00158106907996773,0.909211788987063,1.03899695826023
"high-large","halfcauchy",2,"continuous",58,15,2965169,5647471,1,1,1,1,1.51628981627919,0.990139557536723,0.0969327615777307,1.51628981627919,1.50368759359271,0.0220262214794615,1.25728399973935,1.74882996701988,1.50363744408998,0.00130637910614463,1.44242719483525,1.56432056543698,0.0875440383655206,0.0157261229877678,-0.114688174093416,0.290147413297723,0.0839965602683769,0.00183138383703077,0.0143356256081254,0.155096928540134,0.720606541554929,0.0127742705933849,0.530348591056095,0.89987820756,0.727976280392429,0.00152397786067078,0.663406512307706,0.793573182498114,0.974922071831957,0.00149511995947617,0.912568521432964,1.03798206132954,0.963002828497131,0.001408394513212,0.901761236075267,1.02493038723015
"high-large","halfcauchy",2,"continuous",58,16,2965169,5063324,1,1,1,1,1.51628981627919,0.990139557536723,0.0969327615777307,1.51628981627919,1.55677430292055,0.0203295581624126,1.32327728480685,1.78789906852744,1.55640499611795,0.00145624944699117,1.49205733779654,1.61919441880866,0.127014066424933,0.0152655109304025,-0.0813072328909074,0.331994945557346,0.125433140994672,0.00194617313265338,0.0535467663367758,0.197302724246682,0.651832941860399,0.0118845188109624,0.469074943487874,0.827613236509303,0.658709746466625,0.00161681752364492,0.592952240184311,0.724940900519249,1.04924968457396,0.00163420902005677,0.984150879875002,1.11578108058759,1.03228809301657,0.0015512443510907,0.967982714798213,1.09732607032801
"high-large","halfcauchy",2,"continuous",58,17,2965169,5328462,1,1,1,1,1.51628981627919,0.990139557536723,0.0969327615777307,1.51628981627919,1.5572029585259,0.0158165861083564,1.3498963349901,1.76020464876818,1.55713928035237,0.00145573159435107,1.4945165219736,1.62073924800231,0.0292701216995981,0.0113034108373993,-0.143823165457065,0.201780139286585,0.0267008780072066,0.0019381800433137,-0.0445840183968536,0.0999288158854694,0.683026942310071,0.00992799004234468,0.520760930871205,0.841406967704139,0.687500958212489,0.00163322162812858,0.620933242143577,0.753517280818106,0.912819637843863,0.00160382856699793,0.847789256050487,0.977719323927624,0.906207264296331,0.00151457321456411,0.843156744570406,0.97012768370208
"high-large","halfcauchy",2,"continuous",58,18,2965169,8575193,1,1,1,1,1.51628981627919,0.990139557536723,0.0969327615777307,1.51628981627919,1.53904167191511,0.0183129201554846,1.31912903885676,1.75748640909364,1.53678851516086,0.00137687533539776,1.4742051473069,1.60006812828733,0.144606861595374,0.0155451455421658,-0.0649962941297893,0.346597148839141,0.143893013867563,0.00186139384605938,0.0723887487868694,0.215270887744784,0.682449958479766,0.00884391685927492,0.525902367382093,0.833972677882955,0.689315833747638,0.00154508597617566,0.624718802786369,0.754999880518714,0.950087468494629,0.00153706199745392,0.886934132022374,1.01352198029945,0.941503280607799,0.00146582177162973,0.878167704196812,1.00424613934137
"high-large","halfcauchy",2,"continuous",58,19,2965169,11855617,1,1,1,1,1.51628981627919,0.990139557536723,0.0969327615777307,1.51628981627919,1.54906671314778,0.0208399856147231,1.31130542614813,1.78064775337401,1.54866280660769,0.00132034491449002,1.48845014995792,1.61000253766319,0.108415612444298,0.01366014262848,-0.0807453860935588,0.300380401078404,0.105913571527307,0.00179497143647476,0.0355736110720345,0.174607222411807,0.716757954237716,0.013490206747679,0.524885055174991,0.905126528428005,0.723876389064215,0.00153234764622055,0.659222018704546,0.78775486455833,1.05328509608249,0.00149218811982052,0.990631935856124,1.11644476079383,1.0349803598245,0.0014230178223022,0.974144440175089,1.09685260944122
"high-large","halfcauchy",2,"continuous",58,20,2965169,2298717,1,1,1,1,1.51628981627919,0.990139557536723,0.0969327615777307,1.51628981627919,1.5048153175121,0.0182163526154769,1.28516879427563,1.72669607685904,1.50430486386807,0.00133456749654581,1.44367195133612,1.56668670589401,0.148715996739786,0.0124769214389171,-0.0353259999099124,0.332883941183203,0.145904988890822,0.00176620134622603,0.0773378182723692,0.214278523113915,0.696985262668743,0.011441656079881,0.521656063469062,0.869161862608759,0.704179719523508,0.00151413864699084,0.639679613191546,0.76793555762847,0.993994895861374,0.00147776501779125,0.93216153587195,1.05687192829012,0.991786334582994,0.00140450713084135,0.929114452158956,1.05371545701884
"high-large","halfcauchy",2,"continuous",58,21,2965169,8838811,1,1,1,1,1.51628981627919,0.990139557536723,0.0969327615777307,1.51628981627919,1.57645918748014,0.0214408718885821,1.33604128353869,1.81176419303309,1.57548955833695,0.00131785840462705,1.51510517712701,1.63612131559946,0.148308358738936,0.017176002335805,-0.0678660623034682,0.363479963514731,0.146608314146229,0.00186458825350078,0.0760716460842333,0.217441174489571,0.741709021241979,0.0110524702356422,0.570394390112004,0.912564571889886,0.749678276715931,0.00146582573881934,0.68525706092403,0.813834993121182,0.939259968474579,0.001502450574815,0.876691847739902,1.00273787123246,0.927872061327379,0.00139550114427675,0.866346811586107,0.989157685877515
"high-large","halfcauchy",2,"continuous",58,22,2965169,15708392,1,1,1,1,1.51628981627919,0.990139557536723,0.0969327615777307,1.51628981627919,1.47868073451167,0.0180409351390712,1.26189801354921,1.6980114395574,1.47899087015877,0.00160889573881367,1.41304871197421,1.54595938405153,0.140776287354022,0.0112638479031245,-0.0305996297309319,0.31359638963272,0.138071160290869,0.00214121522688098,0.0620019233104981,0.212067808671971,0.685970681359512,0.0119987488278075,0.503985129165331,0.862819454931439,0.691552453559536,0.00188378171511255,0.620066996881878,0.76103102965023,1.00536654013781,0.00178871189892029,0.937104178400702,1.07488523617822,0.989115081626462,0.00169855113160037,0.921990591553119,1.05630136573922
"high-large","halfcauchy",2,"continuous",58,23,2965169,1040624,1,1,1,1,1.51628981627919,0.990139557536723,0.0969327615777307,1.51628981627919,1.50513281811435,0.0196989938650883,1.27480797974945,1.73542457653398,1.50461061107074,0.00149880963385949,1.4397932749986,1.56942830549533,0.0528780406687234,0.0139616759219974,-0.141181450867882,0.245353323900116,0.0489793489021628,0.00204819672699197,-0.0248743613490207,0.124480504487144,0.683983485209711,0.0122797338352392,0.504675185602034,0.861525838534731,0.690929246900321,0.00172985026784813,0.622615645336276,0.759118132489191,0.931754964047835,0.00169728100419191,0.865244419944953,0.998789845851571,0.935616263085692,0.00161245048672943,0.870002826081593,1.00094071996396
"high-large","halfcauchy",2,"continuous",58,24,2965169,10723511,1,1,1,1,1.51628981627919,0.990139557536723,0.0969327615777307,1.51628981627919,1.51457974238692,0.0157848922677251,1.30836414809755,1.71682375661065,1.51402432911233,0.00131133618379309,1.45433144904202,1.57444065437121,0.108238424097161,0.0104548264565783,-0.0578052227464478,0.272825460954465,0.105709346689587,0.00184518603905638,0.0356069920395874,0.174063492536115,0.711481501870775,0.010413649621263,0.540282614642326,0.879319545646928,0.717585318434439,0.00152717060318489,0.652891556025882,0.781668300108748,1.02057889606442,0.00150473156179008,0.957959740370607,1.08375409430551,1.01366336099918,0.00143439013508879,0.951379261442934,1.07574753265933
"high-large","halfcauchy",2,"continuous",58,25,2965169,5115664,1,1,1,1,1.51628981627919,0.990139557536723,0.0969327615777307,1.51628981627919,1.53593784612611,0.0163119028544541,1.32576709147296,1.73989979194276,1.53498764606722,0.00153820986391258,1.46941067872065,1.60096846679872,0.115441222990797,0.0134921605602752,-0.0774049892979905,0.307806294656599,0.113689503142165,0.0019851300651408,0.0402572417601585,0.186432633467852,0.758706018886439,0.00839934928894822,0.609413076458819,0.903292060611865,0.765092951778292,0.00162238735934267,0.69989677351361,0.832936562546309,0.936971117434058,0.00169059064936774,0.870955928636863,1.00330543073117,0.922435467584655,0.001598876314058,0.856177737101628,0.988479923357177
"high-large","halfcauchy",2,"continuous",58,26,2965169,5308142,1,1,1,1,1.51628981627919,0.990139557536723,0.0969327615777307,1.51628981627919,1.52315990350888,0.0190518333930861,1.29922501229896,1.74157905575436,1.52340693657638,0.00148114684585684,1.45955299820881,1.5886301073053,0.129106095026579,0.0148134338050542,-0.0682243290674773,0.325015216497348,0.127000929492114,0.00205042459286479,0.0517916299613097,0.201757328317554,0.784722441916039,0.0106583683930103,0.614256845627622,0.953118078200093,0.791873475411888,0.00166711723609664,0.724223235169333,0.85926740562014,1.03500696304294,0.00164877143374385,0.969621300445016,1.10129853701741,1.01613983193301,0.00156265868668881,0.9507735010422,1.08082196870242
"high-large","halfcauchy",2,"continuous",58,27,2965169,16197537,1,1,1,1,1.51628981627919,0.990139557536723,0.0969327615777307,1.51628981627919,1.4832109309374,0.0157060127911377,1.27651860228103,1.68500163274803,1.48406949151048,0.00144370527402385,1.42105026721365,1.54689529336301,0.102036656517225,0.00960348502504717,-0.0589255554573149,0.26370548753659,0.0992945115430344,0.00196507852233988,0.0278552413797699,0.171351103967292,0.803516330809011,0.0109211821898534,0.630214096481259,0.972242485479041,0.809487527005204,0.00170229227041065,0.741560091210404,0.87723206909212,0.950044503401182,0.00162734214045617,0.885144110052595,1.01569019929957,0.93649327329166,0.00155180831741724,0.87328815118576,1.00148669932934
"high-large","halfcauchy",2,"continuous",58,28,2965169,416582,1,1,1,1,1.51628981627919,0.990139557536723,0.0969327615777307,1.51628981627919,1.546418106783,0.0151015299611398,1.34714637915423,1.74483345068666,1.54678850131323,0.00145392666793581,1.48474734479738,1.61090422000277,0.113943461642954,0.00911117929383738,-0.0450540654032964,0.269069122757891,0.11176137261293,0.00192521175743558,0.0418721734523693,0.182278099894441,0.773559808980914,0.0105826219560176,0.606193123180446,0.938722218038049,0.779728235908112,0.00167397296690707,0.711961787458303,0.846614022034674,0.876498874102236,0.00163512659018305,0.810886073684064,0.942822817053662,0.869520176639534,0.00155497190955462,0.805045422162258,0.9344276407831
"high-large","halfcauchy",2,"continuous",58,29,2965169,11094290,1,1,1,1,1.51628981627919,0.990139557536723,0.0969327615777307,1.51628981627919,1.49694109697498,0.0187772388619311,1.27160892143586,1.71626105489053,1.49639061426299,0.00134675635154433,1.4348683586358,1.55728345778761,0.0774906144229343,0.0127900069727401,-0.113155371206125,0.265739445564619,0.073073573208216,0.00185690496951856,0.00302924323508312,0.145243477125889,0.705463309835421,0.0117081011410942,0.522699076168843,0.883635914695088,0.712038657103112,0.001544900451267,0.647135566635631,0.776883853336499,1.05648205915956,0.00152709001191103,0.99388210346382,1.12004262870725,1.06151021650986,0.00145360106889033,0.998315660184479,1.12403522595897
"high-large","halfcauchy",2,"continuous",58,30,2965169,11804633,1,1,1,1,1.51628981627919,0.990139557536723,0.0969327615777307,1.51628981627919,1.52659590899317,0.0144011940967973,1.32649406134536,1.72099888967346,1.52637267078227,0.00148911650674179,1.46247215493005,1.58972152344313,0.112283366457526,0.0109743225196465,-0.0625815319654981,0.284188727401592,0.109766145567164,0.00189934780766364,0.0387857648405698,0.180259048642733,0.700986729757428,0.00856990362566099,0.548159478356501,0.84673946324638,0.707247725135352,0.00172986061895586,0.638770673078208,0.776477404403148,1.02062706506856,0.00167929281193849,0.954197547198858,1.08766421111857,1.01781488327012,0.00158086298838966,0.952920677084822,1.08251604321663
"high-large","halfcauchy",2,"continuous",58,31,2965169,6784342,1,1,1,1,1.51628981627919,0.990139557536723,0.0969327615777307,1.51628981627919,1.54021102846958,0.0178678322100286,1.31887436393552,1.75957180217936,1.54025543267261,0.00153544860183534,1.47561979409218,1.60580849938563,0.0914883740978426,0.0111152238601306,-0.0812467749417932,0.260757228114959,0.0892900714331268,0.00204833258452929,0.0156412682839475,0.162448888845348,0.738348122196721,0.0121462759818086,0.558484463879509,0.913664626193778,0.744787653561007,0.00180269859443508,0.67384595533393,0.81409688857341,1.00637524443768,0.0016966147149353,0.939739216880856,1.07409488901132,0.992801166175993,0.00162100205306023,0.92703982357671,1.05872573002781
"high-large","halfcauchy",2,"continuous",58,32,2965169,2677286,1,1,1,1,1.51628981627919,0.990139557536723,0.0969327615777307,1.51628981627919,1.5411063031745,0.0200078308171754,1.3094542204226,1.76914648070966,1.53987180381257,0.00133573133651609,1.47810310879603,1.60083510819971,0.0648462498068547,0.0148258950927834,-0.129670322107065,0.266971615150574,0.0623394462149625,0.001873492395436,-0.00815463805929136,0.13498263528463,0.738040508835534,0.0112647561979825,0.562713407799781,0.910079626401073,0.744635211098005,0.00149937142638653,0.68026280294069,0.809552610689183,0.986094258380048,0.00151734244315066,0.923307164568618,1.05106687507686,0.970215837014862,0.00142975080180367,0.907206603434945,1.0312324413999
"high-large","halfcauchy",2,"continuous",58,33,2965169,15225723,1,1,1,1,1.51628981627919,0.990139557536723,0.0969327615777307,1.51628981627919,1.56422374696569,0.0160556788330867,1.35363038908161,1.76688442112663,1.56431405945291,0.00143225536255797,1.50168310406791,1.62596080917126,0.134640670421603,0.0109433179420265,-0.040376560377777,0.308169589692457,0.130500237348095,0.00184117482136225,0.0582138978665948,0.199450514051394,0.626383576466952,0.0102841311211618,0.459559550810981,0.79219442599539,0.630675519733756,0.00162901746024011,0.563908583284855,0.6967643427905,0.936960358034628,0.00156033581605041,0.873033555385208,1.0003929688168,0.942682229031448,0.00148090976240124,0.880771060486961,1.00660419497948
"high-large","halfcauchy",2,"continuous",58,34,2965169,4859688,1,1,1,1,1.51628981627919,0.990139557536723,0.0969327615777307,1.51628981627919,1.54426365378595,0.0201567428116262,1.30593215838995,1.77580810640523,1.54321865157155,0.00132888430794438,1.48030737479641,1.60206387079189,0.18933205050932,0.0152919444987788,-0.0161135226816124,0.392913048678849,0.187444846516393,0.00182146740460978,0.118388817699923,0.259015877226471,0.764108799354315,0.0110153291433261,0.58850466328002,0.933639636916592,0.772162748797662,0.0015313338665127,0.706939504268526,0.838242759157047,1.08605934574953,0.00153088434803318,1.02276449779009,1.15002263008451,1.07393499442363,0.00143646482263653,1.01079764926082,1.13568587372511
"high-large","halfcauchy",2,"continuous",58,35,2965169,1316141,1,1,1,1,1.51628981627919,0.990139557536723,0.0969327615777307,1.51628981627919,1.48018358288942,0.018569660931206,1.263277406578,1.70427050301355,1.47887157789957,0.00137522081276788,1.41797371754935,1.53936683902122,0.0657389974904011,0.012346424089225,-0.114104330028647,0.248706378435122,0.0625537601598801,0.00191112507264857,-0.00705707376152518,0.134363857480281,0.726662552923241,0.0117751444247492,0.547984758848199,0.904625160725397,0.733358379525877,0.00163425283946894,0.666281849610663,0.79968196815548,1.0539494598988,0.00154249679937909,0.990635193565959,1.1189004694249,1.0417828823245,0.00145502013144165,0.979278564576322,1.10340314263362
"high-large","halfcauchy",2,"continuous",58,36,2965169,13461735,1,1,1,1,1.51628981627919,0.990139557536723,0.0969327615777307,1.51628981627919,1.57875050186709,0.0156927678978262,1.37514395736352,1.78552807413825,1.57984768624652,0.00145782649891247,1.51660095978454,1.64273064183954,0.114292103710013,0.0109191775735384,-0.0607097335787024,0.283683463755579,0.112223436397928,0.00195974799926376,0.0388357747203405,0.182757113791759,0.674028539948739,0.00978687126586848,0.507590258002967,0.832666340347648,0.679099395010463,0.00167107845547376,0.611289252983115,0.744796500645731,1.0303827677841,0.00164071024176843,0.965093554159228,1.09631046682648,1.01399301588793,0.00154818229949303,0.949728623277542,1.07877033342951
"high-large","halfcauchy",2,"continuous",58,37,2965169,5499687,1,1,1,1,1.51628981627919,0.990139557536723,0.0969327615777307,1.51628981627919,1.50913786477766,0.0162606946933678,1.29858151772555,1.71677983436913,1.50799833406986,0.00159978790154804,1.43847731481871,1.57535139456461,0.0625855311543152,0.0131219183778343,-0.125910868899845,0.252961914897689,0.0605932265479971,0.00205255774970642,-0.014971429584483,0.133899585485723,0.756861224657318,0.00874324932901875,0.60084504720766,0.90619778206884,0.763506938464694,0.00175508087080177,0.695543707605295,0.834436413422309,0.976944774436558,0.00176396208083039,0.909490104242741,1.04516834001935,0.966805601603565,0.00164455757150271,0.900835415657583,1.03345959422261
"high-large","halfcauchy",2,"continuous",58,38,2965169,13826414,1,1,1,1,1.51628981627919,0.990139557536723,0.0969327615777307,1.51628981627919,1.51840501133684,0.0215256419442081,1.27996777435587,1.75461016022886,1.51715714607753,0.00148886692106779,1.45079184442875,1.58197767362082,-0.0222632415009885,0.0173544809515295,-0.237054765672798,0.199589052035492,-0.0261217613414792,0.0019709117333798,-0.0982534754501896,0.0477366414645949,0.777208933225842,0.0110766481521671,0.604732253107216,0.945549427541262,0.784885066672916,0.00156381438361765,0.719099748393755,0.851362779446203,1.00823012174528,0.00161677791452651,0.943379933500783,1.07403666340509,0.999821762508463,0.00151945809059733,0.935141920819568,1.06367110898877
"high-large","halfcauchy",2,"continuous",58,39,2965169,11898067,1,1,1,1,1.51628981627919,0.990139557536723,0.0969327615777307,1.51628981627919,1.59921875673074,0.0132480873980264,1.4100441780526,1.78641778946087,1.59931979574844,0.00136392324309479,1.53852906541479,1.66201776243384,0.191649016583678,0.00960094731646306,0.0305817120257626,0.350244042817249,0.189484899511267,0.00176531452871927,0.120386533056307,0.256529270478485,0.696536664225625,0.00832034345211493,0.546304528078656,0.84550719363853,0.701810864125171,0.00159521576609203,0.63598229125114,0.765553749652958,1.00819922892207,0.00154614915979381,0.944492983552459,1.07299241006361,0.997808324562929,0.0014713881682415,0.934633267574992,1.06090677582023
"high-large","halfcauchy",2,"continuous",58,40,2965169,8592172,1,1,1,1,1.51628981627919,0.990139557536723,0.0969327615777307,1.51628981627919,1.51029130118487,0.0172910629464228,1.29432693956988,1.72159464296446,1.51027705837576,0.00138517030787874,1.44801116366456,1.57407009377535,0.106784910519403,0.0120616891799928,-0.0759693271244641,0.284954295120155,0.104678389647694,0.00181901761409342,0.0347294692641709,0.174596596753199,0.665661447386408,0.0108403049400486,0.495204522815842,0.832722511032114,0.672087374393071,0.00160379677050711,0.605623717773741,0.738232870056359,0.954066487695717,0.00156891403310969,0.890317786999642,1.01834856772793,0.943724393859651,0.0014925836939704,0.880952574003099,1.00771959570627
"high-large","halfcauchy",2,"continuous",58,41,2965169,1287310,1,1,1,1,1.51628981627919,0.990139557536723,0.0969327615777307,1.51628981627919,1.56194505339685,0.0210802976712965,1.31917397216114,1.79955626445717,1.56028928791879,0.00142130251028159,1.49688690225109,1.62311882760258,0.0592704759205779,0.0172292360473355,-0.157011463397059,0.281992086982916,0.0563726961060764,0.00197359096826334,-0.0150557071681544,0.130271509003354,0.704310663144113,0.0108567153163355,0.530174317315811,0.869922353152984,0.710795360997445,0.00157088948329264,0.647096901346816,0.778754800180403,0.995442715771186,0.00160194406096377,0.931032776659627,1.06082711003859,0.99150369090881,0.00150116278345314,0.927717949860192,1.05476097389021
"high-large","halfcauchy",2,"continuous",58,42,2965169,9873806,1,1,1,1,1.51628981627919,0.990139557536723,0.0969327615777307,1.51628981627919,1.47558845726523,0.0199145744462613,1.24341168444933,1.7044234692359,1.47470318420672,0.00154487769594652,1.408181541054,1.54095159786361,0.11641543830358,0.015085014359286,-0.0915501514862224,0.318905444523203,0.114263868150681,0.00212816125696152,0.0392390437262564,0.191712602782645,0.787548200292022,0.0111143836130995,0.614797592503275,0.957782983117137,0.794461716365732,0.00173622423407514,0.724571910665933,0.863192609230354,0.975594772715582,0.00169268497702872,0.909389894474197,1.04347886696568,0.964115902651891,0.00159200271547176,0.900141136842014,1.02960194879073
"high-large","halfcauchy",2,"continuous",58,43,2965169,14991199,1,1,1,1,1.51628981627919,0.990139557536723,0.0969327615777307,1.51628981627919,1.51147395643497,0.0228225369814268,1.25918478177381,1.75892454708628,1.51028668057942,0.00149388138396478,1.4475811672029,1.57358856365528,0.135552055861378,0.0158169606251528,-0.0743110403783787,0.33541032529633,0.132323354374933,0.00195082545105578,0.0614789423142861,0.20534641594563,0.695434931748594,0.0136366583979967,0.502819719855152,0.883582365740538,0.702518766694467,0.00167149875162705,0.635660709737665,0.770005418791223,0.883194521331048,0.00165023505481669,0.81758157948516,0.949926486399348,0.889872645205648,0.00157282631185512,0.825248309887723,0.954735800444037
"high-large","halfcauchy",2,"continuous",58,44,2965169,16682907,1,1,1,1,1.51628981627919,0.990139557536723,0.0969327615777307,1.51628981627919,1.45929303416641,0.0154307779102111,1.25372272564485,1.65949094937092,1.45898288089496,0.0015486862484865,1.39375979778639,1.52509673606061,0.057452813355094,0.0117780923724614,-0.12216491178759,0.23426215504797,0.0553974355317435,0.00197853531974757,-0.0192102798250865,0.127599652301542,0.694969663896236,0.00892093290296254,0.536637473650882,0.847895594552103,0.701228426706586,0.00172377926761799,0.632882394954639,0.768305449851909,1.00499327793697,0.00169463647852115,0.939077979094455,1.07202964407604,0.996905972193924,0.00160078834636062,0.93109154041239,1.06337180694948
"high-large","halfcauchy",2,"continuous",58,45,2965169,4845467,1,1,1,1,1.51628981627919,0.990139557536723,0.0969327615777307,1.51628981627919,1.52477303051097,0.01988113322757,1.29074848166449,1.7514051378803,1.52506198210238,0.00134423492567185,1.46454465500081,1.58471415057339,0.204160105992479,0.013721575276996,0.0154662625553496,0.394410895660214,0.201644595208227,0.00188874743055734,0.13039950062704,0.273045402578606,0.745860675035348,0.0121558605286655,0.565513920643456,0.926926935013375,0.752175921367979,0.00159359071269994,0.686840023145628,0.81800293625298,1.00004245257017,0.00152099753876682,0.936817272288657,1.06393564268036,0.985837078044662,0.00142096812643543,0.924190608824818,1.04800640938709
"high-large","halfcauchy",2,"continuous",58,46,2965169,8352839,1,1,1,1,1.51628981627919,0.990139557536723,0.0969327615777307,1.51628981627919,1.58821568644068,0.0150991430156522,1.38497148300361,1.7839090871264,1.58819959711064,0.00150138667760108,1.5221491112576,1.65284973461515,0.137149622976144,0.0114291401435058,-0.0391647432879832,0.312622159265958,0.13628270467318,0.00190982755318732,0.0646153088804506,0.208934324885748,0.735877251417534,0.00866507806999019,0.581780645423958,0.886667583504615,0.742096870696336,0.00163674550924688,0.67473458745169,0.809863245811317,1.04764212844968,0.00161805976175584,0.982862492609234,1.11309047717762,1.03549666082222,0.00154521138127304,0.971535469269473,1.10154723154728
"high-large","halfcauchy",2,"continuous",58,47,2965169,15198575,1,1,1,1,1.51628981627919,0.990139557536723,0.0969327615777307,1.51628981627919,1.51637213083519,0.0153326553389827,1.31412914121047,1.71479465965715,1.5142932036717,0.00142778553709358,1.45096191585348,1.57762891415021,0.124678367249141,0.0131447568971373,-0.0649501093022873,0.313566425134831,0.123905582213457,0.0019495493811323,0.0517538730048194,0.198469856388244,0.757087633527438,0.00754519669946764,0.616131188183567,0.897850073094817,0.762918631590915,0.00162796717697596,0.695795432166544,0.830730726910742,0.991181356334967,0.00163326169781688,0.926037133554083,1.05693463537828,0.975988741944104,0.00154630508744083,0.91045832991442,1.04138479886338
"high-large","halfcauchy",2,"continuous",58,48,2965169,648303,1,1,1,1,1.51628981627919,0.990139557536723,0.0969327615777307,1.51628981627919,1.51975573633395,0.0155310735053489,1.31413940297458,1.71604947042737,1.51834886634251,0.00134711215261256,1.45611346834196,1.57884103160341,0.118176482782537,0.0118009270491819,-0.0633288061594384,0.299136776571981,0.115156183608993,0.00182794889099539,0.044543905430151,0.186083349755506,0.718517820260425,0.00881250149381134,0.561955454820796,0.870475344107074,0.722574219982433,0.00161477177358944,0.655959100999613,0.788397556613002,1.0407905607452,0.00152825741464664,0.977500801240288,1.10351569735617,1.04875576725734,0.00145029653572562,0.987098987262453,1.11173067235485
"high-large","halfcauchy",2,"continuous",58,49,2965169,16577015,1,1,1,1,1.51628981627919,0.990139557536723,0.0969327615777307,1.51628981627919,1.49784887954169,0.0163794845017754,1.2853891995258,1.70436128035099,1.49661760763383,0.00149427215354672,1.43233582756481,1.56048744554746,0.120233033522521,0.0116534538219912,-0.0559211256891407,0.296355500133667,0.117522379252105,0.00202136358434179,0.0446788077420216,0.19006362842432,0.764234442561471,0.0100819863996069,0.601150176195345,0.925386338565772,0.76946760971591,0.00168671663101853,0.701186618874477,0.837581780076718,1.02336252551318,0.00165632164828282,0.957942238597683,1.08971020943103,1.0132852389113,0.00157101588809058,0.949590602335775,1.07861862262458
"high-large","halfcauchy",2,"continuous",58,50,2965169,5598002,1,1,1,1,1.51628981627919,0.990139557536723,0.0969327615777307,1.51628981627919,1.4556446082476,0.0168916689014458,1.24276043198607,1.66440866655721,1.45624273132003,0.00142691125859871,1.39343322301915,1.5198283010911,0.152777476171504,0.0104194292063153,-0.0142736452524436,0.321336888374296,0.150747139206453,0.00189185557448637,0.0802709162893958,0.220863788129962,0.710153815054034,0.0112760095233756,0.535001960983523,0.882771368976804,0.716132412859195,0.00162190995919236,0.64953533566031,0.782375383729313,0.994034247782168,0.00159152519740861,0.929654588678982,1.05901872440639,0.98217148936131,0.00151615517509529,0.918605062581682,1.04499415433431
"high-large","halfcauchy",2,"continuous",58,51,2965169,9643381,1,1,1,1,1.51628981627919,0.990139557536723,0.0969327615777307,1.51628981627919,1.5435024514186,0.0183385268695204,1.32510442538451,1.76401434918617,1.54353779831449,0.00131596954583994,1.48214601691697,1.60442752361632,0.0731536430436371,0.0145297486060579,-0.129756844972541,0.273337434814457,0.0703967536142037,0.00170461899821489,0.00266746809127905,0.139120806208657,0.740613522135942,0.00978262183853618,0.576937824527662,0.900349489063252,0.747447901386678,0.00141495428136891,0.68607827386005,0.811869379329695,0.999040271647208,0.00143522261240319,0.938007075160806,1.0606045176919,0.98352320776052,0.0013394331872306,0.923770093358481,1.04337017947414
"high-large","halfcauchy",2,"continuous",58,52,2965169,3871159,1,1,1,1,1.51628981627919,0.990139557536723,0.0969327615777307,1.51628981627919,1.54591992387112,0.0207390693329285,1.30958551973969,1.77965767231897,1.5448304121689,0.00145703186011676,1.48088866838098,1.60913972354493,0.0988827818290859,0.0151095042752479,-0.10372104978268,0.306185549199268,0.0976830203713343,0.00203331595927602,0.0231955829916632,0.172281298588305,0.75293220577537,0.0121119246582638,0.572673831235992,0.928530657678505,0.760023603924299,0.00166109714811081,0.693643718496067,0.828643239267141,1.00038603974862,0.00162646499976003,0.936154960708076,1.06545825785554,0.982302815610431,0.00152632586416695,0.919576726429519,1.04664135357726
"high-large","halfcauchy",2,"continuous",58,53,2965169,14924742,1,1,1,1,1.51628981627919,0.990139557536723,0.0969327615777307,1.51628981627919,1.44157044316058,0.0180769839538222,1.22044722978898,1.65807720717184,1.43969274565353,0.0014735055860171,1.37340499025607,1.50400595919476,0.108936944758822,0.0158713737997741,-0.103196115601491,0.322132443065581,0.107339827585627,0.00203123689590851,0.0340700337101518,0.182511528854588,0.726038560881417,0.00848429081297824,0.578566985189322,0.875185977991588,0.732495230570687,0.00166094417979804,0.665746813917173,0.801479225542721,0.95146076106859,0.00166803314278867,0.885758765770763,1.01795713920534,0.937592420552244,0.0015716257895602,0.872017661127194,1.00245884662156
"high-large","halfcauchy",2,"continuous",58,54,2965169,3414147,1,1,1,1,1.51628981627919,0.990139557536723,0.0969327615777307,1.51628981627919,1.57719940801463,0.0178695474894959,1.35985211091778,1.79113587259219,1.57574385741794,0.00151093969927899,1.51175935655402,1.64120899876781,0.124552318024151,0.0140213898279202,-0.0672118473669603,0.316732298885196,0.120732078887071,0.00201235542224975,0.0470613892915306,0.195670509665184,0.753913797913849,0.0100861961625417,0.588315082258568,0.917525694947452,0.761425548465181,0.00169154693439025,0.692876610334847,0.83113661416734,0.97266861611364,0.00165893249850659,0.907024661293331,1.03848572021748,0.969102319063044,0.00158412576355406,0.90303211075466,1.03437662415981
"high-large","halfcauchy",2,"continuous",58,55,2965169,7781936,1,1,1,1,1.51628981627919,0.990139557536723,0.0969327615777307,1.51628981627919,1.49286210542542,0.0167817807175322,1.28184100230578,1.70501715256991,1.49255311253362,0.00150055826533188,1.42903622715373,1.55672615723212,0.10401944612122,0.0109172953565245,-0.0685336272194935,0.270673326869453,0.100084086861957,0.0020791320631428,0.0245601609329202,0.172703214307781,0.712684232389521,0.0110624828795242,0.536298707765216,0.883874049301608,0.719169496376005,0.00181117772822198,0.64909521508007,0.78882882496258,0.990998618694023,0.00172311391766086,0.92401978085004,1.05938835022826,0.996495537261536,0.00163633675678621,0.929105902912547,1.06272591125022
"high-large","halfcauchy",2,"continuous",58,56,2965169,1593184,1,1,1,1,1.51628981627919,0.990139557536723,0.0969327615777307,1.51628981627919,1.49995113935874,0.0212164353176448,1.26640664672609,1.73337364173425,1.49711828258644,0.00153757898149704,1.43041695193531,1.56391902664569,0.0939398973324053,0.0185402572163226,-0.130285719870498,0.326462805733967,0.0914883431278305,0.00204613053662566,0.0174487939577045,0.165703954358438,0.677594799086813,0.00963343964029216,0.520892737239023,0.833464876458746,0.685152458220793,0.00166649668383912,0.617749742705921,0.75495435576914,0.962613503648142,0.00168001616484995,0.896674138147302,1.02900266730511,0.949677382556392,0.00158442243882948,0.88355674952582,1.01438213885683
"high-large","halfcauchy",2,"continuous",58,57,2965169,13477644,1,1,1,1,1.51628981627919,0.990139557536723,0.0969327615777307,1.51628981627919,1.54382569068306,0.0193518834188471,1.3144712657507,1.76149299442537,1.54107573950438,0.00153732763919868,1.4734321418961,1.60588162743362,0.0919475692061119,0.0187250117771135,-0.134467205835207,0.3198644415944,0.0892944626935869,0.00210191890499682,0.0152934812444631,0.166616721510702,0.759850388582219,0.00788539710374451,0.615326309492638,0.903950240943869,0.76643068210361,0.00165832711847409,0.698335693156412,0.835463148043918,1.0339886689378,0.00169481881328069,0.967887192164139,1.10111837474709,1.02814619737822,0.00159331408819724,0.961905678413205,1.09329415165699
"high-large","halfcauchy",2,"continuous",58,58,2965169,14153145,1,1,1,1,1.51628981627919,0.990139557536723,0.0969327615777307,1.51628981627919,1.60951071804843,0.0185868171537433,1.3844055478334,1.82691842145993,1.60810048485513,0.00151826620599629,1.54067404214561,1.67400080044595,0.108699132285183,0.0167480173565959,-0.106581072387835,0.330182292266131,0.107912249260305,0.00210420897669842,0.0338307884905028,0.184144537221772,0.780684758304875,0.00828491633049906,0.630710868564283,0.924665489185006,0.787345109354523,0.00166779842230978,0.718708028253274,0.856236464239725,0.945707003698064,0.00169391028879895,0.879346445883231,1.01353239214884,0.915839103728666,0.00160382439933439,0.850137897790101,0.981472198099224
"high-large","halfcauchy",2,"continuous",58,59,2965169,2210480,1,1,1,1,1.51628981627919,0.990139557536723,0.0969327615777307,1.51628981627919,1.56118398025811,0.0203061629367694,1.32680972792538,1.79138401282244,1.56112004604146,0.00138213561677097,1.49961446299127,1.62279332112981,0.110202751239517,0.0150123333749257,-0.0941447901840892,0.314289899557747,0.108169503093807,0.00185913449249324,0.0384487567032434,0.180076020520768,0.745060033278878,0.0114457533215053,0.569394651869838,0.917233733519863,0.752305588087253,0.00153537970704837,0.687183309543574,0.818657004348447,1.03917490911037,0.00154632102557498,0.976009324125974,1.10319925456323,1.02704670294164,0.00145795508706986,0.964394896589533,1.08938482266965
"high-large","halfcauchy",2,"continuous",58,60,2965169,9276263,1,1,1,1,1.51628981627919,0.990139557536723,0.0969327615777307,1.51628981627919,1.51789646057085,0.0155394266534882,1.31321509004122,1.71674153729824,1.51680635588051,0.00146583863928169,1.45208229473595,1.58220157749816,0.0768456970472767,0.0127518561795125,-0.110674086687551,0.265340657860352,0.0751437467040439,0.00194273559354672,0.00209543789948759,0.146998002392936,0.731762884282857,0.00836099467199542,0.581106042760936,0.878258768191987,0.737108106788408,0.00161169219410916,0.670545265213669,0.804191946379777,0.971245895951547,0.00163102222312493,0.906008192615903,1.03756022878502,0.953474661575156,0.00155216055872049,0.888976928679189,1.0187125230633
"high-large","halfcauchy",2,"continuous",58,61,2965169,10023558,1,1,1,1,1.51628981627919,0.990139557536723,0.0969327615777307,1.51628981627919,1.5268321663968,0.0215320602988109,1.28807725065829,1.76442274257188,1.52702869284849,0.00155068655096022,1.46079972419998,1.59210858938944,0.0668947092450654,0.0148058371826879,-0.138310692551293,0.267617930767537,0.0643260011437879,0.00206687072904246,-0.00943951022143817,0.138095678370773,0.754047713652075,0.0133648229304586,0.561440225142898,0.942269389136643,0.761735621993114,0.00175576793967198,0.693162902414006,0.830364652026951,1.00744783210254,0.00172040327923928,0.940585818993378,1.07586573414908,0.98989441231254,0.00163453113312397,0.923850436046018,1.05604781885274
"high-large","halfcauchy",2,"continuous",58,62,2965169,9062895,1,1,1,1,1.51628981627919,0.990139557536723,0.0969327615777307,1.51628981627919,1.49372160966832,0.0170204135507871,1.2824852714766,1.70114595452131,1.49237323654355,0.00143964894356616,1.42876910194599,1.55650090404764,0.131542685865677,0.0124267616984832,-0.0545033597141584,0.312878704880467,0.128098268614541,0.00197231760033088,0.0540823927061337,0.201874601466455,0.699108385001477,0.0100448495083812,0.529607790580598,0.860759750068127,0.704948793125146,0.00165984418329202,0.637057183924899,0.772835089629666,0.970267922923714,0.00161608732348181,0.905777901738938,1.03521114514075,0.975748984844366,0.00152343659830221,0.912413523352381,1.03992818932446
"high-large","halfcauchy",2,"continuous",58,63,2965169,5149248,1,1,1,1,1.51628981627919,0.990139557536723,0.0969327615777307,1.51628981627919,1.51350482195332,0.0186682537727308,1.28977159076847,1.73682650916871,1.51160831732722,0.00143621733503573,1.44831514196692,1.57599925632166,0.12066420766544,0.0149435734538408,-0.0805333152915759,0.326522339777058,0.11762236277275,0.00190827628115675,0.0444840226266745,0.190324462203366,0.723096652002185,0.0100413966512319,0.558696325007035,0.882572174036942,0.72936669304323,0.001526661309601,0.664614045522031,0.795277401039235,1.03439917065086,0.00157223802925309,0.970678955657953,1.09891520734759,1.02441722141357,0.0014802827660709,0.962259052962578,1.08731029873862
"high-large","halfcauchy",2,"continuous",58,64,2965169,1640057,1,1,1,1,1.51628981627919,0.990139557536723,0.0969327615777307,1.51628981627919,1.4768620582823,0.0153429372473982,1.27241749505913,1.6747077812704,1.47434243111057,0.00152275246803749,1.4083420915762,1.53908076900735,0.143770012672334,0.0128167208132062,-0.0435431318584759,0.331819602539997,0.139764675923246,0.00206849148728622,0.0642371488639069,0.214717453814147,0.72057878923263,0.00805069900713995,0.573909190608554,0.865651905971045,0.725940985952175,0.00174504411550675,0.656086950248806,0.795257292595634,1.04684907225057,0.00172068138222959,0.980721417574627,1.11361107089787,1.05992848678986,0.00163304280930421,0.993230349475586,1.12733679314537
"high-large","halfcauchy",2,"continuous",58,65,2965169,14755292,1,1,1,1,1.51628981627919,0.990139557536723,0.0969327615777307,1.51628981627919,1.50687249661418,0.0170392487123372,1.28916709803581,1.72405321242066,1.5052021028154,0.00150814777993057,1.43896881857208,1.5722924215566,0.116516204713967,0.0136221401566523,-0.0720455903822302,0.307886450882634,0.11633932617708,0.00201447943435458,0.0422902445952499,0.191157007361498,0.71368780192187,0.0093001071269994,0.557672252940095,0.866202577518033,0.720194884662578,0.00168656060364569,0.651882369658613,0.789022163033969,0.976145322297785,0.00168880767743589,0.910218771831681,1.04310644992015,0.959069599541574,0.00160152243287682,0.892693016417079,1.02534127480809
"high-large","halfcauchy",2,"continuous",58,66,2965169,16021794,1,1,1,1,1.51628981627919,0.990139557536723,0.0969327615777307,1.51628981627919,1.44546310181973,0.0192641020004444,1.21633534022412,1.67121248628648,1.4441352670116,0.00143124498034812,1.38211602721898,1.50691460212013,0.083672774224081,0.0142601905962042,-0.115359750718685,0.28039796511586,0.0794039447177728,0.00182355283443506,0.0095895277311189,0.149335907457894,0.722511238812031,0.0112938974761204,0.54333860241072,0.892582246008437,0.729407518622638,0.00156902068407789,0.663890780375605,0.795203638787995,0.901733860056486,0.00154378280679235,0.838643288668541,0.965095338043148,0.913555986252916,0.00145278895790636,0.852474992446977,0.976585618572731
"high-large","halfcauchy",2,"continuous",58,67,2965169,9713647,1,1,1,1,1.51628981627919,0.990139557536723,0.0969327615777307,1.51628981627919,1.41133235764228,0.017766777811526,1.19440782635629,1.62852117708062,1.41202980528572,0.00133488994983004,1.35143471952319,1.47348103728661,0.0945974541449334,0.0121966916482981,-0.0895045737809303,0.275917132688665,0.093193203957798,0.00182492309176409,0.0230176951695082,0.16324959101882,0.720058396427068,0.0112209716677704,0.546421516813083,0.887668270143103,0.726707421579427,0.00153112246332253,0.662877687579548,0.791758940920989,1.08029333512666,0.00151834214644956,1.01694798140573,1.14389189449873,1.06117162271518,0.00143934105962338,0.998705626680587,1.12366781203005
"high-large","halfcauchy",2,"continuous",58,68,2965169,8469841,1,1,1,1,1.51628981627919,0.990139557536723,0.0969327615777307,1.51628981627919,1.51223139503803,0.015402995549861,1.30909610700054,1.71046638099116,1.51234424984121,0.00154321167564929,1.4473069718676,1.57756683517422,0.108969435787382,0.0100404037550265,-0.0525746712794283,0.270872561661988,0.107517682367234,0.00211353098337058,0.0321643183591093,0.183364509012391,0.699400068939713,0.0103973322915068,0.529021339313663,0.865242389009641,0.704657014656229,0.00179457326899412,0.633206805057421,0.77237043364387,1.00821912886079,0.00173275343708103,0.940484124833673,1.07539514870282,0.990216358119142,0.00163781201009123,0.924709921355783,1.05668896903056
"high-large","halfcauchy",2,"continuous",58,69,2965169,15362893,1,1,1,1,1.51628981627919,0.990139557536723,0.0969327615777307,1.51628981627919,1.46904579978915,0.0179372431015993,1.2453028206523,1.68844607393641,1.46772021933834,0.00134992442406918,1.40483781423161,1.5294359054071,0.0479286710793497,0.0143204835536719,-0.147599008778778,0.246220407672488,0.0452192826607179,0.00187146001766283,-0.0265653438711391,0.116984757801506,0.718586256709919,0.00958952584905012,0.560749783127945,0.876826969806681,0.724407869364804,0.0014704779158885,0.661325202254793,0.789247795010284,0.950465895526853,0.00153271178686657,0.887540901366471,1.01382238273016,0.947851546408735,0.00145012203715385,0.885589353877208,1.01054598410932
"high-large","halfcauchy",2,"continuous",58,70,2965169,3891411,1,1,1,1,1.51628981627919,0.990139557536723,0.0969327615777307,1.51628981627919,1.55724679753046,0.0201144026883097,1.32486907746312,1.78757867321084,1.5568264526518,0.00125962491056138,1.497497381106,1.61664392239144,0.125124495645514,0.0141208775666697,-0.0640514569862963,0.321892071085877,0.120920036049548,0.00169304203004134,0.0542582406714001,0.188444381249927,0.800091398700109,0.0118662097858021,0.618145716123194,0.976158464412074,0.808069234729853,0.00144250062530097,0.745674279197793,0.870368076503828,0.987631076173245,0.00139132486567524,0.92701207412318,1.04853598592226,0.998602556324153,0.00130624198084268,0.939428277889383,1.05740584694656
"high-large","halfcauchy",2,"continuous",58,71,2965169,14969276,1,1,1,1,1.51628981627919,0.990139557536723,0.0969327615777307,1.51628981627919,1.48238928003974,0.0190657943979125,1.2555145616743,1.70724475904196,1.48242767336579,0.00144163472231081,1.41939416844103,1.54468248133425,0.0699863481458711,0.0127372181379948,-0.112829641532323,0.250376333335373,0.0675758317448282,0.00199337075545317,-0.00542870778529879,0.139731674946437,0.706010878662162,0.01233650156886,0.522084368915903,0.886518045785501,0.713144450487993,0.00172283060955586,0.643888675080799,0.781211725039971,0.909183382204671,0.00164306168991451,0.844109260630699,0.975146852304048,0.901831419784617,0.00155771730257862,0.837330043271809,0.96633197940206
"high-large","halfcauchy",2,"continuous",58,72,2965169,10518236,1,1,1,1,1.51628981627919,0.990139557536723,0.0969327615777307,1.51628981627919,1.52159371128121,0.0142966192290594,1.32752264413568,1.71273874534189,1.5205456481927,0.00147407008865588,1.45495646781899,1.58461253823913,0.139294566130961,0.0113349630894924,-0.0370913736659611,0.313734041260872,0.135014165618699,0.00203044077228432,0.0619728737650171,0.209685985507926,0.724951945201158,0.00802765893865402,0.57888240964625,0.868133562150432,0.730163440810783,0.00168244042587344,0.662257684025798,0.796996582398504,1.03246129877397,0.00164426841005659,0.967055125528818,1.09796356453828,1.03586868511422,0.00156983256146969,0.970736365438418,1.10111334578087
"high-large","halfcauchy",2,"continuous",58,73,2965169,7414164,1,1,1,1,1.51628981627919,0.990139557536723,0.0969327615777307,1.51628981627919,1.56401296345456,0.0186578305443839,1.33892014223275,1.78494572669028,1.56239103858755,0.0014254717509465,1.49776919551508,1.62494582964307,0.0694451912370445,0.015647309523263,-0.142459516393534,0.273477601100112,0.0667338352123814,0.00195504479279045,-0.00812897553510556,0.138873293334416,0.751902200975286,0.00967410345952919,0.588508604352244,0.910538549771251,0.758753642175755,0.00153907507246646,0.694773492747799,0.824363751792878,0.97887637644891,0.00160002524377983,0.914754339232145,1.04347964763617,0.979019418498958,0.00151062859009523,0.915052832760299,1.04290589074925
"high-large","halfcauchy",2,"continuous",58,74,2965169,5597191,1,1,1,1,1.51628981627919,0.990139557536723,0.0969327615777307,1.51628981627919,1.54072298526162,0.0181102485064718,1.32605842154295,1.76033857741086,1.53841736012583,0.00154631590251696,1.47273528896748,1.60455328946249,0.0556981848940874,0.0137995178185311,-0.141702109574118,0.248350659745324,0.0517859134625285,0.00206564765775042,-0.0228466879528526,0.126727105129656,0.778776973711742,0.0103550293366075,0.608005243630346,0.941844777186987,0.785609219165021,0.00175788710891687,0.716804127133809,0.855453321421224,0.958583741662042,0.00175082062445299,0.891265466855909,1.02640731291384,0.952841555819992,0.00164907759645201,0.885494779340168,1.01977006091343
"high-large","halfcauchy",2,"continuous",58,75,2965169,5995147,1,1,1,1,1.51628981627919,0.990139557536723,0.0969327615777307,1.51628981627919,1.5077375891838,0.0183753007463382,1.28766530130717,1.72749591857597,1.5058119132412,0.00144177701443615,1.44357263071772,1.56943851899057,0.057747951802566,0.013232961625018,-0.130541549726034,0.246579373733388,0.0559773406011667,0.00206827158566527,-0.0182450162703854,0.129874773723042,0.726727086386751,0.0110840719739654,0.555534232668884,0.893959381136583,0.731966786764922,0.00171306439572027,0.663213513184288,0.800812317240738,1.05050065504479,0.00168970949825408,0.984162576108649,1.11746411059768,1.03864990134925,0.00161311576746445,0.972366525368159,1.10463186814766
"high-large","halfcauchy",2,"continuous",58,76,2965169,9499658,1,1,1,1,1.51628981627919,0.990139557536723,0.0969327615777307,1.51628981627919,1.51807933820373,0.0154241100288316,1.31686807024146,1.7183662756433,1.51670519154989,0.00142156878150742,1.45220894728794,1.57919288236154,0.0492907877848456,0.0121031353351846,-0.130290844335028,0.231042990480292,0.0464237864790012,0.00181425366529182,-0.0237132265880928,0.11711133001095,0.73128648383405,0.00862006266122742,0.580714719124776,0.885038929245302,0.736647056946966,0.00157095024518509,0.670793775975761,0.801854246790706,1.01238770419982,0.00153951470136265,0.949242804142113,1.07587375335747,1.00941120361655,0.00147528606354801,0.945549367547717,1.07269704678716
"high-large","halfcauchy",2,"continuous",58,77,2965169,13680008,1,1,1,1,1.51628981627919,0.990139557536723,0.0969327615777307,1.51628981627919,1.5490785250203,0.0166808620987007,1.33451152523636,1.75493737920671,1.54815787360837,0.0014466545911512,1.48462452403893,1.61260121429303,0.0649832238940225,0.0128765999780478,-0.121337263956047,0.249875361033942,0.0620673014335533,0.00194157076297753,-0.0111576994169774,0.134082859347523,0.667680990011332,0.00919111574911763,0.505143276152083,0.822207620847896,0.673318972081572,0.00166884010573143,0.606229660061994,0.740724365464163,1.03472642916112,0.00159503775231999,0.970499507825302,1.09932934444023,1.01945617310376,0.00150887437711041,0.95550436179379,1.08252652463551
"high-large","halfcauchy",2,"continuous",58,78,2965169,11485793,1,1,1,1,1.51628981627919,0.990139557536723,0.0969327615777307,1.51628981627919,1.57973322213407,0.0202692928917449,1.34700302323633,1.81174748177031,1.57883253702718,0.00158541747945169,1.51317211563152,1.64625638770387,0.102574721249368,0.0127513725887291,-0.0825235822543988,0.285455126201804,0.100652591558606,0.00205380886029789,0.0265022556000203,0.174421390428172,0.686464552047761,0.0136247642314005,0.488198980692587,0.87450561986314,0.693073230319771,0.00176867448743089,0.623776821367493,0.76178358366675,0.975067407285385,0.00170185444590468,0.908613158560923,1.04267912843079,0.959059186447252,0.00160411594639767,0.893720425292508,1.02414046536266
"high-large","halfcauchy",2,"continuous",58,79,2965169,13545661,1,1,1,1,1.51628981627919,0.990139557536723,0.0969327615777307,1.51628981627919,1.52570336074167,0.0178542138886536,1.30378743084538,1.74383399664049,1.52570742818962,0.00151183410933647,1.4601241421868,1.59073248734525,0.0542450469912753,0.011334698390895,-0.123385365154758,0.225741167933049,0.0519953984954244,0.00198840497846627,-0.0218631201563743,0.125197793894933,0.690718477121082,0.0118618871510884,0.510883252241879,0.866129548497606,0.696105600667554,0.00172986841578855,0.627612102722664,0.764080120557021,1.01456702066102,0.00168096025636735,0.948316191663086,1.08118531608967,1.011796934052,0.00159768541071821,0.946949028124605,1.078197222549
"high-large","halfcauchy",2,"continuous",58,80,2965169,10431502,1,1,1,1,1.51628981627919,0.990139557536723,0.0969327615777307,1.51628981627919,1.54228984274458,0.0203303321437635,1.30605332312055,1.77328935210603,1.54158848737171,0.00131247175240096,1.48017689615165,1.60104023573861,0.0443659390177144,0.014976006194124,-0.158323426954222,0.245990488594013,0.0405897749328436,0.00182927633189205,-0.0300125995558024,0.112129800918468,0.726759663395805,0.0117295392197158,0.550715385135175,0.902591375235715,0.733582837701664,0.00150171161407908,0.669574455055531,0.798243466217309,0.96038436436965,0.00149840055218173,0.898102156698241,1.02308126387876,0.95161826138625,0.00140948215348597,0.88920786755404,1.01335107982406
"high-large","halfcauchy",2,"continuous",58,81,2965169,10912584,1,1,1,1,1.51628981627919,0.990139557536723,0.0969327615777307,1.51628981627919,1.51341277815062,0.0181600026562279,1.29595205870092,1.72818480968724,1.51084706629046,0.00146738796449959,1.44488375101079,1.57374912905823,0.0608491379076109,0.015256098071982,-0.147806031709042,0.266279194394558,0.0582400644612898,0.0020540615468632,-0.0161028898519555,0.134478953935374,0.701322555607672,0.00916670775054824,0.543392613549597,0.851688453488119,0.70780314728703,0.00165378623202259,0.640584358064495,0.776077199177689,1.04043847027933,0.00165993595908905,0.974789554129168,1.10623877361459,1.03502998491117,0.00156453880684597,0.969314957372867,1.09952666042282
"high-large","halfcauchy",2,"continuous",58,82,2965169,9516641,1,1,1,1,1.51628981627919,0.990139557536723,0.0969327615777307,1.51628981627919,1.48683630504648,0.0196663056627841,1.25613873377735,1.71465057465354,1.48555173179186,0.00136693291429563,1.42319843473853,1.54549911318285,0.140897442028595,0.015374010470387,-0.0670871839408062,0.348562988995763,0.137167205466365,0.00178661977207562,0.0674004398648072,0.206266175963445,0.732206985703212,0.0108255883576386,0.556671522160864,0.901016800709937,0.739867649992991,0.00149493525285571,0.675734273244814,0.805150762616515,0.989398790101319,0.00150262285194504,0.926940628599108,1.05265632926557,0.995390624133634,0.00141648777890586,0.932835638739367,1.05691759956117
"high-large","halfcauchy",2,"continuous",58,83,2965169,9597032,1,1,1,1,1.51628981627919,0.990139557536723,0.0969327615777307,1.51628981627919,1.53665715562551,0.0195480255614423,1.30533194741358,1.76308266043226,1.53674235636897,0.00150839518399885,1.46986928773692,1.5989797836091,0.0474165101829492,0.0133083020220861,-0.143885971235161,0.237454300227714,0.0448944620406248,0.00199823138973365,-0.0291353110785149,0.118112224111167,0.689198534942175,0.0123418404698391,0.508897961077787,0.867927424748202,0.696674563132931,0.00177391326513893,0.626669537276145,0.764725051306855,1.05336246011675,0.00168784861903639,0.987313946134414,1.12056093592248,1.02903255671502,0.00160631815487957,0.962972373897357,1.0944127563847
"high-large","halfcauchy",2,"continuous",58,84,2965169,10189304,1,1,1,1,1.51628981627919,0.990139557536723,0.0969327615777307,1.51628981627919,1.53387641907007,0.0158760116358462,1.32415456567635,1.73579276629005,1.53366550859237,0.00136403687595776,1.4735050479196,1.59665431793566,0.157335551939511,0.0105696576375597,-0.0137262391385534,0.327003239874352,0.153837180722163,0.00179700842066953,0.0848940683607737,0.223470590906109,0.699598584202336,0.0101167072381288,0.533760090109802,0.860331372712105,0.704371690714148,0.00159812702155165,0.639151521714533,0.770437364025246,0.97829395885992,0.00153450184211606,0.915111809815045,1.04248150778769,0.978948243943275,0.00145448997880142,0.917243147643518,1.04095833756474
"high-large","halfcauchy",2,"continuous",58,85,2965169,3914178,1,1,1,1,1.51628981627919,0.990139557536723,0.0969327615777307,1.51628981627919,1.52503050806599,0.0170891347029114,1.3081882994075,1.73625349872758,1.52364339656605,0.00157445347207091,1.45567905304708,1.59044012315189,0.0787281516539292,0.0150549672870402,-0.129454424075162,0.280386972487578,0.0766524090332971,0.00208598365027864,0.000782874640771498,0.150975700961325,0.658857523381552,0.00822914172069326,0.510912928577212,0.806350323479479,0.665205419962308,0.00172051637838677,0.595893635092471,0.735451435318554,1.03640502886095,0.00171390231637787,0.96950412261449,1.10337806513151,1.0289443962048,0.00160337197176636,0.962538850287989,1.09541436288578
"high-large","halfcauchy",2,"continuous",58,86,2965169,3993029,1,1,1,1,1.51628981627919,0.990139557536723,0.0969327615777307,1.51628981627919,1.49896812210516,0.0187805229372729,1.27483072961184,1.71891179299205,1.49813592105064,0.00132608450015767,1.4374603341079,1.5578548676003,0.0526591334503566,0.0122016460257066,-0.125375878421797,0.22841707231845,0.0500564128062631,0.00174174446240754,-0.0163283948362429,0.117984221188201,0.742137246143737,0.0120862920324686,0.563306313823874,0.919034530625038,0.748678943798084,0.00154969968817572,0.683775506621131,0.813050570011351,0.977042214389374,0.00148513326751962,0.914976245511022,1.04006034702755,0.97405120661943,0.00141733533001624,0.912139307189862,1.03592237982525
"high-large","halfcauchy",2,"continuous",58,87,2965169,5501544,1,1,1,1,1.51628981627919,0.990139557536723,0.0969327615777307,1.51628981627919,1.46733049146022,0.0184479955821861,1.24116708010762,1.68463709757295,1.46606279499161,0.00143344289855835,1.40306629228905,1.52884787902933,0.0818843255182602,0.013961215080386,-0.109502549109912,0.276238851702801,0.0773649340770248,0.00198002846330916,0.00401288642815739,0.149848321336387,0.732794100237799,0.0107211072725932,0.560068363896491,0.897334506228927,0.739836781176585,0.00166365816923527,0.672724600736681,0.80756352026822,1.06206633209547,0.0016696417214136,0.996201683921546,1.1286715214137,1.05920953653945,0.00158494888502056,0.993719872397269,1.12377070104778
"high-large","halfcauchy",2,"continuous",58,88,2965169,6234446,1,1,1,1,1.51628981627919,0.990139557536723,0.0969327615777307,1.51628981627919,1.49384494304261,0.018330143479785,1.27107216493592,1.71214213699928,1.49279155687999,0.00149734976640012,1.43001014373406,1.55641996719686,0.122116861026264,0.0132093517326771,-0.0669832907348633,0.311787976250324,0.11929077452354,0.00198802559254354,0.045817304474188,0.191034590610558,0.673352773484216,0.0111149720687445,0.499240559267973,0.843735703660327,0.679639974510847,0.00167264266093306,0.61200016519016,0.746207958993778,1.02962948447467,0.00164699799371456,0.964366574858829,1.0951893161857,1.02770073848482,0.00156358234928525,0.962530215501599,1.09177192298769
"high-large","halfcauchy",2,"continuous",58,89,2965169,4409944,1,1,1,1,1.51628981627919,0.990139557536723,0.0969327615777307,1.51628981627919,1.46504469307835,0.0195242034093163,1.23531549922828,1.69261009542778,1.46415592211406,0.00149462487870795,1.40071837683565,1.52882017481471,0.101493136367017,0.010711190636394,-0.0701424924986751,0.267310936297942,0.0984953054860662,0.00203742080858115,0.0259314353264865,0.170677306303568,0.684124761813046,0.0143407416070146,0.48758970426351,0.874467416828318,0.690553026102653,0.00177637844819322,0.621502264777706,0.75932973840622,0.920090780480224,0.00169333476409721,0.853786069592229,0.987529195970171,0.919101486725907,0.00160677371604348,0.854591002992741,0.984961964516088
"high-large","halfcauchy",2,"continuous",58,90,2965169,11796671,1,1,1,1,1.51628981627919,0.990139557536723,0.0969327615777307,1.51628981627919,1.56811352166081,0.0222866352163946,1.3238367718483,1.81129933360923,1.56798720510998,0.00138728202829719,1.50632260315364,1.63007368076113,0.094436951869145,0.0162722999522816,-0.119980599386112,0.304295786980088,0.0931650084219669,0.00188396943687411,0.0233732139544124,0.165018478506304,0.754870055372261,0.0128492456294051,0.565700126238957,0.939893687750173,0.76221534907375,0.00158991705748147,0.696895570650371,0.827867796605127,1.02653169696559,0.0015717461400165,0.962460967396332,1.09115792292354,1.01165580064728,0.0014955880372757,0.948665848805198,1.0750282669789
"high-large","halfcauchy",2,"continuous",58,91,2965169,10905811,1,1,1,1,1.51628981627919,0.990139557536723,0.0969327615777307,1.51628981627919,1.51973282851613,0.021475362899601,1.27749886892362,1.74929060445915,1.51918339521147,0.00151171407009654,1.45325753573228,1.5846526000785,0.113688767322089,0.017772430105986,-0.10958202738284,0.340744283643056,0.112930573474867,0.00213601209750786,0.0375703787963388,0.189108005950327,0.64147432692473,0.0107650385590675,0.471114268177189,0.807566916863556,0.649715236434966,0.00166409346968763,0.581543172010954,0.717997707235045,1.02694276388223,0.00169907891553841,0.960331757616542,1.09394529363762,0.997550263334842,0.00157578457703227,0.931806618791894,1.06304765701364
"high-large","halfcauchy",2,"continuous",58,92,2965169,10582065,1,1,1,1,1.51628981627919,0.990139557536723,0.0969327615777307,1.51628981627919,1.49119944998453,0.0167897783460036,1.28058191214254,1.69829425303545,1.49032898022309,0.00141413637790553,1.42724151933006,1.55403676218518,0.105082454272844,0.0131768068480757,-0.0832417970131562,0.29334287832515,0.102393649578281,0.00185522845096069,0.0311079932361815,0.172880131909415,0.748150698980114,0.00965534601679027,0.590347825517816,0.90675091976792,0.754682682487802,0.00162057664827376,0.689148881269013,0.822622569892671,0.999568604831516,0.00158279945566618,0.935462964628156,1.06474138961756,0.998134905174301,0.00150297193515743,0.934779986563125,1.06178580581321
"high-large","halfcauchy",2,"continuous",58,93,2965169,3823070,1,1,1,1,1.51628981627919,0.990139557536723,0.0969327615777307,1.51628981627919,1.47478880269835,0.0146876440153699,1.27209218995672,1.67017841580345,1.47246900870765,0.00135928689324001,1.40930328847613,1.53537689354785,0.143067196788518,0.0127619707452661,-0.0465057213484633,0.326523224749348,0.140272237400172,0.00183193571881996,0.0696747331810109,0.210651808767143,0.667594135672238,0.00739896055717777,0.527602288284648,0.804732314186843,0.672792182187425,0.0015760085721435,0.608200402831378,0.740677333364683,1.01031765802283,0.00152722642798001,0.947240339573082,1.07365594591829,1.00761668773139,0.00144080216676453,0.944645523411834,1.0697897361569
"high-large","halfcauchy",2,"continuous",58,94,2965169,15159504,1,1,1,1,1.51628981627919,0.990139557536723,0.0969327615777307,1.51628981627919,1.51114609653333,0.017894696160743,1.28892725330635,1.72466855960643,1.50878514854263,0.00142613251213129,1.44249102455089,1.5718879701974,0.123309119927173,0.0154404318175953,-0.0850345170600277,0.324306069682922,0.120010579212586,0.00185782552112805,0.049307514610732,0.191111787277403,0.698758516497387,0.00846712504490288,0.546022145714935,0.847028347939755,0.704793674886978,0.00152462143972135,0.639637695329452,0.77107285675699,0.958067814329306,0.00156460497120808,0.894403142458791,1.02280282317293,0.964350701400948,0.00148139073085525,0.900219944047612,1.02684383188351
"high-large","halfcauchy",2,"continuous",58,95,2965169,7012255,1,1,1,1,1.51628981627919,0.990139557536723,0.0969327615777307,1.51628981627919,1.49334238216497,0.0186804103856188,1.2739596493524,1.7117683372288,1.4926963442747,0.00154582901800619,1.42711214882709,1.55821460994528,0.102877045331503,0.0132772931072408,-0.0917642722283191,0.293633305693122,0.0985548134748441,0.00210469793626031,0.0238535725260547,0.173082191591543,0.739318063240901,0.0111855001483798,0.56458027202098,0.910753607692557,0.745343555592013,0.00178871201910855,0.675578322196121,0.817844688320298,0.922349183020999,0.00175559863356301,0.855006042688714,0.990762144284805,0.927926576648369,0.00167447413551423,0.860873595966538,0.994910381497978
"high-large","halfcauchy",2,"continuous",58,96,2965169,10362650,1,1,1,1,1.51628981627919,0.990139557536723,0.0969327615777307,1.51628981627919,1.51036317074762,0.0194936402783468,1.28280995815438,1.73384980045234,1.50868253974183,0.00136719129357531,1.4459432201258,1.57054860615632,0.133243056647509,0.015812070277673,-0.0766006814748235,0.341650159146291,0.132047608300563,0.00186627733343038,0.061355743959691,0.202512689853218,0.706481011616768,0.00995425138337829,0.545717408860487,0.867623322912245,0.713733908169072,0.0015180706057373,0.64792761434743,0.779383579432119,0.88025638204137,0.00156828681995705,0.816644603667429,0.944425045509971,0.867678660253476,0.00147132567665565,0.805026950403135,0.930661227860857
"high-large","halfcauchy",2,"continuous",58,97,2965169,195783,1,1,1,1,1.51628981627919,0.990139557536723,0.0969327615777307,1.51628981627919,1.48923890598769,0.0148288281531303,1.28960765556661,1.68371123288883,1.4887775405632,0.00147349270527424,1.42509605791954,1.55168304948706,0.0366907649038529,0.0100115789911436,-0.124912378953271,0.197232380867895,0.0343646993373175,0.00195657383956345,-0.037912658991952,0.106032959089803,0.73071977178244,0.00980186728865497,0.565195242779258,0.887325296595012,0.736023912702625,0.00167544315057069,0.668616547733915,0.802762348784933,1.05007454170826,0.00162326529871375,0.985054382854949,1.11604953666707,1.04795868806315,0.00155241642546408,0.983436003453549,1.11321140794438
"high-large","halfcauchy",2,"continuous",58,98,2965169,11954833,1,1,1,1,1.51628981627919,0.990139557536723,0.0969327615777307,1.51628981627919,1.52460417521497,0.0164867162456932,1.31330956543827,1.7339438375967,1.52274899769341,0.00140153321081517,1.46055090657218,1.58557197534094,0.131415516964967,0.0138356552841735,-0.0646939464130715,0.324923636142338,0.130550182213043,0.00198283385230836,0.0576165071255828,0.204546581617879,0.741737401581261,0.00838118731933469,0.588131203933786,0.893180759299706,0.747895913610557,0.00161063467569591,0.681293210282339,0.814259580123514,0.992121881281304,0.00161557124084446,0.926878836718802,1.05753612141443,0.964272153637244,0.00151967017986548,0.899626337110293,1.02833148705942
"high-large","halfcauchy",2,"continuous",58,99,2965169,7837869,1,1,1,1,1.51628981627919,0.990139557536723,0.0969327615777307,1.51628981627919,1.5287573677452,0.0222402765000211,1.286392559376,1.77071753278239,1.52722647547885,0.00139540571875658,1.4652451543748,1.59046793512112,0.0949308397912409,0.0183096623438191,-0.130886107715318,0.320613081325018,0.0924480786277133,0.00191047031020299,0.0216628809744249,0.165000944761241,0.754271836108687,0.0113975743567853,0.577366864350257,0.926598308283024,0.762423339121642,0.00150699422943464,0.699246341508879,0.827934403311478,1.00798172794073,0.00154663079846728,0.94437663937136,1.07145744743832,0.99430851370598,0.00144988623081869,0.931413872915142,1.05676536457814
"high-large","halfcauchy",2,"continuous",58,100,2965169,1298764,1,1,1,1,1.51628981627919,0.990139557536723,0.0969327615777307,1.51628981627919,1.50713847249642,0.019155136698696,1.27952434456529,1.7329709984861,1.50533316189505,0.00153281440906652,1.43968246593003,1.57141123743613,0.119952457465576,0.0154859419327483,-0.093714602313301,0.322773904130502,0.116374673792924,0.00212660177622859,0.040398212139617,0.191099770540191,0.745637436879632,0.0103616424761647,0.576888750979104,0.909678877159862,0.753348749228193,0.00171521104251412,0.684313696962652,0.82126999663187,1.09365705068747,0.00174733347448653,1.02687490111018,1.1614920799369,1.10082381092467,0.00163486477999707,1.03485362601437,1.16785365312923
"high-large","halfcauchy",2,"continuous",58,101,2965169,6054222,1,1,1,1,1.51628981627919,0.990139557536723,0.0969327615777307,1.51628981627919,1.56324568841205,0.0187453102024614,1.3386595628539,1.78210299986927,1.56316328531871,0.00149044444642241,1.5005435349818,1.62883917453258,0.0665079749814604,0.0129362104564288,-0.123226430695138,0.254171640592196,0.0647341848233211,0.00193392654862992,-0.00768758595016618,0.136525143038431,0.818245430439754,0.0121350115532438,0.641125898091366,0.998295188340436,0.825268409986428,0.00173330157778495,0.756112823615046,0.893008143163271,1.02073045004701,0.00165578205743947,0.954637440430914,1.08633738692261,0.999944560435318,0.0015536435167924,0.93534738163399,1.06408141022292
"high-large","halfcauchy",2,"continuous",58,102,2965169,15013545,1,1,1,1,1.51628981627919,0.990139557536723,0.0969327615777307,1.51628981627919,1.50498572656665,0.0164677269449874,1.29250249875267,1.71213377270111,1.50486358694861,0.00158316888028943,1.4381226520411,1.57130898973605,0.120641472531055,0.0122787036447503,-0.0647322165977054,0.297801531763285,0.119031432905855,0.00216509084663021,0.0421214615423359,0.194374173164003,0.725929249910364,0.00984580651306474,0.563018235020979,0.888339121376085,0.731601622783533,0.00177704671739219,0.662953858658502,0.801161295994441,1.04762618755767,0.00174850535809048,0.979957417052284,1.11600812368472,1.03768294700143,0.00166108493897971,0.970830205858628,1.10445746365746
"high-large","halfcauchy",2,"continuous",58,103,2965169,7809940,1,1,1,1,1.51628981627919,0.990139557536723,0.0969327615777307,1.51628981627919,1.50647538254063,0.0207310146894589,1.27166701505444,1.74021155747753,1.50468402520327,0.00141389376793514,1.44239635817594,1.56650866758039,0.0869531529231372,0.015579387187856,-0.12050306138504,0.294862766623705,0.0837992780328722,0.00193703182945696,0.0117807942437053,0.155956792378714,0.720737793922348,0.0116438246557824,0.541633038337331,0.894409031384606,0.727142545984162,0.00155601376391465,0.662062897848755,0.792964455516357,1.00309551397756,0.00158364467884956,0.939197949824223,1.06784394016738,1.00332689293322,0.00149131826219529,0.939230681801642,1.06699730094303
"high-large","halfcauchy",2,"continuous",58,104,2965169,12725306,1,1,1,1,1.51628981627919,0.990139557536723,0.0969327615777307,1.51628981627919,1.46403873600238,0.0174671970096753,1.2484664740132,1.67376592886597,1.46307990862871,0.00137192314540179,1.39989883408745,1.52516027530462,0.0877309016483665,0.0135595137756358,-0.103296022561864,0.280842712744512,0.0863721817056895,0.00185171596123546,0.0154384722066186,0.157810086370483,0.68689539117972,0.00961400102280052,0.525789913014575,0.844422587780081,0.693539235825584,0.00158697786096894,0.627889860789669,0.759602290588481,0.956414525865607,0.0015479605505239,0.892885174291054,1.02040442732984,0.936773138009393,0.00147713925224919,0.873945049229068,0.999996106685997
"high-large","halfcauchy",2,"continuous",58,105,2965169,719737,1,1,1,1,1.51628981627919,0.990139557536723,0.0969327615777307,1.51628981627919,1.48807887891199,0.0177528148132803,1.26800314551332,1.70123052196047,1.48646330715407,0.00130363603040853,1.42519166796324,1.54786345698577,0.186822820844783,0.014203190101548,-0.0112060535612064,0.386927734259447,0.183949694167444,0.00181185747063078,0.113961062423329,0.252637449722519,0.747912330243013,0.00945558148153552,0.586860583185006,0.902344244145256,0.754272829088223,0.00149182209761077,0.69077529819551,0.820126383436643,0.915247157046384,0.00145955562821921,0.853512204977696,0.977022951977231,0.909982133795218,0.00137205991914022,0.849352373398556,0.970190189057879
"high-large","halfcauchy",2,"continuous",58,106,2965169,12685097,1,1,1,1,1.51628981627919,0.990139557536723,0.0969327615777307,1.51628981627919,1.49165681792791,0.0212296708834144,1.25280404683304,1.72898284726326,1.48982381212905,0.00150273715002026,1.42413734290709,1.55547782106557,0.124626408054148,0.0188631714332827,-0.101848443307802,0.349516770002734,0.123986622863651,0.00206833685957957,0.0489662141053385,0.199610994124968,0.618699740474662,0.00986930510095768,0.4539895720026,0.777892453820688,0.626541056902606,0.00166741410912572,0.557711616186918,0.695013523680511,1.02314943634268,0.00168461575777642,0.957107869761936,1.08987980255344,0.995928761147494,0.00157473340463502,0.929890363191886,1.06063525182499
"high-large","halfcauchy",2,"continuous",58,107,2965169,3158583,1,1,1,1,1.51628981627919,0.990139557536723,0.0969327615777307,1.51628981627919,1.48304623758229,0.0160621544649623,1.27689316409593,1.68835514074224,1.48018433259676,0.00150992292931547,1.41555193363978,1.54458803440236,0.0979607046752183,0.0140233693971001,-0.101734626881713,0.289221782064635,0.0944332706247991,0.00206999343408931,0.0192652460752247,0.169692403367756,0.702989953666149,0.00804145250444074,0.553377427414506,0.846843610345487,0.708283811612985,0.0016571717120756,0.641310178109404,0.775685662408691,1.03686107813059,0.0016964134616946,0.970878224673665,1.10323340914196,1.04410678194775,0.00160056500774657,0.977458862438418,1.10944142306828
"high-large","halfcauchy",2,"continuous",58,108,2965169,11226043,1,1,1,1,1.51628981627919,0.990139557536723,0.0969327615777307,1.51628981627919,1.50726964192483,0.0192588406200238,1.27988175355651,1.73776599550002,1.50546462183172,0.0014014902383107,1.44242523044583,1.56789419986099,0.127650074749516,0.0147080356590334,-0.0738876162238691,0.325826760909833,0.123281973332423,0.00183794133569731,0.0526217949922936,0.192443186365149,0.702769452847018,0.0106363522011671,0.530863253066329,0.867591233619505,0.709698823348589,0.00161174943230694,0.642623046897898,0.776673297693347,0.957127753579503,0.00157579742571549,0.89338475240464,1.0213396046065,0.97277037802356,0.00148111416859007,0.910579997685124,1.03544733413986
"high-large","halfcauchy",2,"continuous",58,109,2965169,5672576,1,1,1,1,1.51628981627919,0.990139557536723,0.0969327615777307,1.51628981627919,1.47683071664462,0.0195620664845424,1.24754933348289,1.70381130002951,1.4757558570779,0.00128195196003556,1.41488303431455,1.53425194621205,0.0700617584699823,0.0133105835906727,-0.116995532131742,0.255748766259179,0.0676600825133755,0.00175902692033728,-0.0007017593716087,0.137042794519765,0.752788325665682,0.0122522509262935,0.575129331951121,0.929840711923192,0.760132815403228,0.00147106244236497,0.696839400760752,0.823824958466306,1.01383109983659,0.00146167994443206,0.952133059628245,1.07692942324739,1.00431530165109,0.00138999161074805,0.941904237485333,1.06431781899193
"high-large","halfcauchy",2,"continuous",58,110,2965169,3838184,1,1,1,1,1.51628981627919,0.990139557536723,0.0969327615777307,1.51628981627919,1.50851975839255,0.0185453086163715,1.28382885698093,1.73175745528197,1.50782180386179,0.00128636627665443,1.44775278825937,1.56730001589966,0.17103562690314,0.0138144064862066,-0.0246390137437538,0.368630222208716,0.169221879820627,0.00177884838758641,0.101070652485262,0.239023463330144,0.704960782863578,0.0107121739846351,0.532270261224548,0.869885408098814,0.712062986740688,0.00146933012981312,0.649375337458375,0.775890898126872,1.01202309586268,0.00147289367397958,0.949880969832133,1.07468596148139,0.995971332496852,0.00137490159190876,0.934925490869401,1.05592699632205
"high-large","halfcauchy",2,"continuous",58,111,2965169,7740974,1,1,1,1,1.51628981627919,0.990139557536723,0.0969327615777307,1.51628981627919,1.50513862868204,0.0188875303322333,1.28174144201285,1.73452969195956,1.5047768059808,0.00150488152893854,1.4414890105584,1.57114813942927,0.0331647653007275,0.0112184380906264,-0.14006390844446,0.20235443521818,0.0298402585829385,0.00201143955599167,-0.0457214697910078,0.102524322045106,0.680470355316343,0.0129829091778156,0.495197249101063,0.863787418692585,0.686207495426348,0.0017315922610717,0.618166740179565,0.754571622946467,0.949593950391463,0.00163792737782746,0.884701025950732,1.01616439565908,0.951381267825309,0.00155945170738017,0.887281151999366,1.01619382635028
"high-large","halfcauchy",2,"continuous",58,112,2965169,9016821,1,1,1,1,1.51628981627919,0.990139557536723,0.0969327615777307,1.51628981627919,1.48959163537428,0.0196209215024194,1.25703940621249,1.72060959270502,1.48949670596463,0.00152355049176457,1.42465036481266,1.55447024113855,0.0730740199716035,0.0113830854471525,-0.0999210848395697,0.242182721584368,0.0701762108792052,0.00207257813457902,-0.00261115338356809,0.143610362962136,0.701520652216926,0.0138167690950243,0.505685278840399,0.891880194604891,0.708235863489427,0.00180225811520516,0.63810885229283,0.778418049553365,1.03066049711447,0.00172811169929108,0.963566076175925,1.09862286971317,1.02320762946056,0.00163206598420119,0.957431381339262,1.08922228508859
"high-large","halfcauchy",2,"continuous",58,113,2965169,389441,1,1,1,1,1.51628981627919,0.990139557536723,0.0969327615777307,1.51628981627919,1.51181754725076,0.0194416230290683,1.28443261998325,1.73796443043378,1.51071211151334,0.00136913398880291,1.44741312435446,1.57161649061219,0.108297785524399,0.0142690500896093,-0.0936157897061265,0.307810685317041,0.106198382727376,0.00187190229843081,0.0342102616268934,0.177394679302085,0.789987291839741,0.0115009963430405,0.616430813033618,0.964314949846719,0.796686195820112,0.00158047275941282,0.731983008014878,0.862694653602918,0.937516976773338,0.00156104382075427,0.874079432002025,1.00121194758191,0.93805332189925,0.00146942148975585,0.874970749434854,0.999981276225925
"high-large","halfcauchy",2,"continuous",58,114,2965169,3690172,1,1,1,1,1.51628981627919,0.990139557536723,0.0969327615777307,1.51628981627919,1.48693600211896,0.0165928117369157,1.27595014568629,1.69447718411013,1.48630662853629,0.00143332214123012,1.42357220118404,1.55126335319116,0.121701681436803,0.012980867888976,-0.0672241211895793,0.310066056411969,0.120448280585371,0.0018545767920808,0.0492470067755838,0.19019032224281,0.761722500510003,0.00958234471689462,0.602499761782858,0.918909006289127,0.767570539511953,0.00157583251818012,0.702253723653373,0.833905484099681,0.991965117810464,0.00157812984776407,0.927404678676799,1.05700069541624,0.974373288816446,0.00148363793737576,0.911083311173433,1.03835892346297
"high-large","halfcauchy",2,"continuous",58,115,2965169,8460860,1,1,1,1,1.51628981627919,0.990139557536723,0.0969327615777307,1.51628981627919,1.45538858241391,0.0185678162120941,1.23483476753861,1.67296203863154,1.45393599502397,0.00132633459638097,1.39079124068342,1.51394688250609,0.159427483780117,0.0158765763191013,-0.0501317222554244,0.365927945556215,0.15748034926333,0.00182506915657854,0.0877791856771821,0.227175069129306,0.747300342669352,0.0089769519011148,0.593157779178159,0.899318662958415,0.753571625561178,0.00144050812735243,0.692014223777597,0.817586964192534,0.979204699816873,0.00147869126526248,0.917657044773907,1.04150808471829,0.974503700035931,0.00138941266173826,0.911884448566218,1.03518319034351
"high-large","halfcauchy",2,"continuous",58,116,2965169,11274229,1,1,1,1,1.51628981627919,0.990139557536723,0.0969327615777307,1.51628981627919,1.46676134870511,0.0171462283547524,1.24953197149295,1.67641056903041,1.46676569047804,0.00143702300517029,1.40386563767324,1.53085595993063,0.137204563564503,0.0125150030247463,-0.046853687685892,0.321518700193165,0.135786945734055,0.0019532825354639,0.0648907909946005,0.20778875692554,0.79072842107159,0.0103662193740916,0.625997273827736,0.954962451804031,0.798270335171088,0.00166678001936495,0.731206856736694,0.86638006217539,0.983764278161514,0.00162176633399753,0.918303601588278,1.04959641608976,0.962680579078142,0.00153282523250086,0.898549063276905,1.02690476709747
"high-large","halfcauchy",2,"continuous",58,117,2965169,6299567,1,1,1,1,1.51628981627919,0.990139557536723,0.0969327615777307,1.51628981627919,1.55001305298476,0.0194266839966826,1.32449580251818,1.7739437886892,1.54794569919213,0.00136542279420756,1.4847676540846,1.60876222413141,0.143275501011484,0.0159836347395056,-0.0693978965476265,0.349149971718605,0.141382022107254,0.00184451427432385,0.0705274854259891,0.211115016345331,0.731157731999118,0.00998279986007847,0.567106665118075,0.892172656013317,0.737939155872723,0.00159948317984771,0.671436314457806,0.80457584291773,0.979426904346966,0.00158897821483736,0.915635049744568,1.04402591265891,0.975089876817317,0.0014968528159486,0.911807659994091,1.03801456089512
"high-large","halfcauchy",2,"continuous",58,118,2965169,9014181,1,1,1,1,1.51628981627919,0.990139557536723,0.0969327615777307,1.51628981627919,1.5462820805614,0.0188287673189383,1.32267751940137,1.7684856321209,1.54487478552157,0.00135798961226895,1.48383502344491,1.60597338160934,0.0903375924128497,0.0143910006678117,-0.10616907710651,0.288368952510395,0.0878468170234755,0.00185172966521014,0.0166614272376781,0.159105593157151,0.723405182353137,0.0106812528679191,0.551307130982428,0.889185559176848,0.729775393026995,0.00150884633132505,0.664279687438727,0.793932367710635,0.942651574650861,0.00155302687765383,0.879171408958792,1.00709412736246,0.940345601773279,0.00144323194508599,0.876078373995194,1.00270074013222
"high-large","halfcauchy",2,"continuous",58,119,2965169,11312063,1,1,1,1,1.51628981627919,0.990139557536723,0.0969327615777307,1.51628981627919,1.49669518743508,0.0190539579482833,1.272584756331,1.72046405904046,1.4967820850606,0.00141702212290285,1.43288528724674,1.55937124175152,0.129727817687036,0.013313974432666,-0.0559596982179797,0.318864747559849,0.126992342587212,0.00188039399445412,0.0559869717062556,0.198055745422291,0.702681990317929,0.0116933520007115,0.525315034359504,0.878182753025751,0.709338288341182,0.00163455268204622,0.641990939121009,0.775582263065811,0.986891897030102,0.0015735704380874,0.922988231168887,1.05140010156493,0.9771539269977,0.00149989130241353,0.913309358120898,1.04035686124504
"high-large","halfcauchy",2,"continuous",58,120,2965169,5948867,1,1,1,1,1.51628981627919,0.990139557536723,0.0969327615777307,1.51628981627919,1.5845803061861,0.0161354343413572,1.37848391638706,1.79205767960469,1.58547346458642,0.00137714804491206,1.52330472290803,1.64613602481188,0.118976491232634,0.00983652897416206,-0.0444448417221109,0.283398406233078,0.116287159818095,0.00181800917437403,0.0448371458003985,0.183832376633891,0.679747400605251,0.0111546113644565,0.504499086196644,0.851918388745198,0.685701975700428,0.00160128496609272,0.619229001419355,0.751089577459093,0.990232448303674,0.00153955722131737,0.92664289343685,1.05446780577591,0.982779157063879,0.00146539901709855,0.918996814057321,1.04569157018252
"high-large","halfcauchy",2,"continuous",58,121,2965169,1885222,1,1,1,1,1.51628981627919,0.990139557536723,0.0969327615777307,1.51628981627919,1.53893553291924,0.0166507173985034,1.33034711718833,1.74552523807276,1.53691061558598,0.00142248024267129,1.47399181884576,1.60085111708614,0.0974561385668068,0.0128187393129778,-0.0875999385446776,0.283805656756327,0.0949047500661013,0.00185738940874943,0.025219334084296,0.167699905324974,0.670388112125553,0.00962171360888531,0.506125897945732,0.82734555319437,0.677643258027935,0.00163517627167282,0.612219232394463,0.745010775570682,1.03067681443107,0.00160594627727635,0.966092989854263,1.09549642133558,1.02732908818562,0.00152687378095651,0.961649842756604,1.09141347121054
"high-large","halfcauchy",2,"continuous",58,122,2965169,7967176,1,1,1,1,1.51628981627919,0.990139557536723,0.0969327615777307,1.51628981627919,1.51199345086335,0.0172154222544896,1.29741904376594,1.71913806023795,1.51166064214833,0.00140154831671424,1.45128179365982,1.57504232056991,0.0858845374023892,0.0113712477914953,-0.0915460059271748,0.256511282028984,0.0813531879145284,0.00182160250092663,0.0133518670255087,0.151938763825809,0.711603841899603,0.0114687372549561,0.535420381180576,0.88351864090658,0.717285018488921,0.00160974943934879,0.651238203905693,0.783052048563422,1.03290838664548,0.00156108936024747,0.969336039971151,1.09727718970909,1.04303382683485,0.00149819287083415,0.981176705863647,1.10632580696727
"high-large","halfcauchy",2,"continuous",58,123,2965169,10579706,1,1,1,1,1.51628981627919,0.990139557536723,0.0969327615777307,1.51628981627919,1.57982532882199,0.0177051434978522,1.36247968852018,1.79431070529008,1.58101499152567,0.00142079503989044,1.51890893616503,1.64416674612523,0.0870412776452981,0.0113199033258716,-0.0910114871915962,0.258680108169024,0.0846307919727709,0.00186300409328392,0.0148274930333246,0.154278842202858,0.715433088100089,0.0118760836556718,0.537232299709016,0.894558353592344,0.721012720121282,0.00165007137629001,0.654092281427981,0.78757877227143,0.969926506136957,0.00158078776881254,0.905525686611361,1.03508358844575,0.955727703319827,0.00149857367405206,0.892294533217273,1.01954850718014
"high-large","halfcauchy",2,"continuous",58,124,2965169,15599948,1,1,1,1,1.51628981627919,0.990139557536723,0.0969327615777307,1.51628981627919,1.59188635351554,0.0194077606481057,1.36322355857399,1.81836854950395,1.59246937972271,0.00138241790328587,1.53080305200942,1.6548951432381,0.0518302571846517,0.0129378097971059,-0.13752402907806,0.237740597561606,0.0490494850825299,0.00188143998604722,-0.0245193328577954,0.119973924083907,0.741700012101899,0.0123320445663733,0.559657991703217,0.920615557907596,0.749059989399288,0.00160979732529025,0.68319842112954,0.815099010620285,1.0090927622007,0.00155533247675216,0.945349376666871,1.07369622526833,1.00049100039145,0.00148041547674064,0.937636504536102,1.06403594963496
"high-large","halfcauchy",2,"continuous",58,125,2965169,3478859,1,1,1,1,1.51628981627919,0.990139557536723,0.0969327615777307,1.51628981627919,1.50764560284306,0.0195707448462879,1.27495951086462,1.73844873279503,1.50740798423595,0.00141868515135693,1.4449004323047,1.57067732376487,0.106569382215757,0.0128964541563519,-0.0799877686564124,0.289582335039612,0.103166124039004,0.00193963219176424,0.0301108914068078,0.17442950072117,0.685847897709326,0.0128165300624497,0.496890856468768,0.869165054538623,0.69170800106272,0.0016845654976121,0.624421407648595,0.759043236117939,0.947792828147781,0.00159957362263469,0.883452756425492,1.0133369613046,0.946241471771937,0.00151456773124479,0.883079069575411,1.00898642560216
"high-large","halfcauchy",2,"continuous",58,126,2965169,6704525,1,1,1,1,1.51628981627919,0.990139557536723,0.0969327615777307,1.51628981627919,1.51281840432402,0.0145808896303587,1.31221288880777,1.70666050560118,1.51292088002908,0.00149784987790896,1.44742432026683,1.57753237596567,0.0185100505493694,0.0108979324148594,-0.15369617905382,0.19174249102955,0.0149718972230328,0.00193930784269774,-0.0584280798521915,0.0872917344789419,0.739139957088722,0.00878201351373264,0.584235617480936,0.890379628621144,0.744495961909815,0.00166316324130216,0.67791635303211,0.811872242890336,1.03938126081171,0.00165764711400035,0.973198998911166,1.10531436057134,1.03282761846849,0.00157712267533337,0.967067659899468,1.09853886111641
"high-large","halfcauchy",2,"continuous",58,127,2965169,15631675,1,1,1,1,1.51628981627919,0.990139557536723,0.0969327615777307,1.51628981627919,1.44121373019808,0.0197610025406318,1.21433207482323,1.67115554849905,1.43835197352891,0.00139206320241086,1.3752796911379,1.50026950514391,0.108801923936832,0.0165233315469389,-0.103906098934753,0.321528839059824,0.104636125671835,0.00189673166669495,0.0327868952884392,0.175091868489266,0.763813528377344,0.0101982860651464,0.595646189231318,0.924327980234941,0.770362415724541,0.00153783842137846,0.705533353235427,0.836659530186583,1.0331626194182,0.00154129523780382,0.970384128469225,1.09613618868234,1.0413004793566,0.0014460901478151,0.978518418036228,1.10371103630708
"high-large","halfcauchy",2,"continuous",58,128,2965169,334489,1,1,1,1,1.51628981627919,0.990139557536723,0.0969327615777307,1.51628981627919,1.54589446463671,0.0207670363730054,1.30801164078312,1.781551230247,1.5446231032082,0.0014826706139914,1.47928363981541,1.60856983235368,0.0650357426574344,0.0166745429413239,-0.14531146957442,0.282409737005918,0.0620424720989382,0.00202210617023831,-0.0115915739793349,0.135697105162597,0.755928838782217,0.0111557873070362,0.580600316222403,0.926118795348061,0.763858955045168,0.00163769509877746,0.696393764589958,0.832043727911932,1.01335747934114,0.00166319918791223,0.947727693049434,1.07953733117679,1.00057885941394,0.00155896292089049,0.934965947401485,1.06530280857434
"high-large","halfcauchy",2,"continuous",58,129,2965169,15701170,1,1,1,1,1.51628981627919,0.990139557536723,0.0969327615777307,1.51628981627919,1.55919739305523,0.0173710489930712,1.34277401434956,1.76738306549624,1.55809355716364,0.00141622279045191,1.49364468905958,1.62103186301493,0.112164458383339,0.0144631128066185,-0.087720883319462,0.30766804514799,0.110137223177851,0.00186501004053027,0.0390804566327568,0.180944808069176,0.670795891905596,0.00892713978456737,0.516046967489102,0.824226182678856,0.676922266607849,0.00157331178187475,0.611640781899277,0.742407898018024,1.01984172170389,0.00160499084793137,0.955618487757699,1.08493892937088,1.00238923725256,0.0015150293570911,0.939101561773624,1.06687321912988
"high-large","halfcauchy",2,"continuous",58,130,2965169,3946490,1,1,1,1,1.51628981627919,0.990139557536723,0.0969327615777307,1.51628981627919,1.45153859949969,0.0180534230752077,1.23272984360689,1.67322022041531,1.45118888655075,0.00156763798424355,1.38602228988452,1.51665615437831,0.1232781121449,0.0113358458100377,-0.0540478824401013,0.295597922113132,0.120998003313706,0.00213504585294512,0.0451205412166006,0.195307828002423,0.760120340852747,0.0120872580543584,0.577929666518285,0.942430773692183,0.766212980858994,0.0018443198622215,0.696208082312047,0.836652978362802,1.02815863054798,0.00175869751677241,0.960903181911345,1.09716676310787,1.02245359791677,0.00166700675703564,0.954288872626895,1.0890699452545
"high-large","halfcauchy",2,"continuous",58,131,2965169,10527939,1,1,1,1,1.51628981627919,0.990139557536723,0.0969327615777307,1.51628981627919,1.46352608836889,0.0210356130988045,1.22636861932985,1.69218489030353,1.46112584217569,0.00154099713509911,1.39478022030772,1.5272032614763,0.182214293296614,0.0181919446652045,-0.0397367993172051,0.409219727878499,0.180269005588856,0.00218475138799593,0.103214909952356,0.258595238428671,0.731843125396455,0.0101909496419535,0.562377717294529,0.890460866240135,0.740020229499908,0.00175351292966788,0.671316211951126,0.810531452997593,1.02932091114213,0.00174548356157704,0.962042469499313,1.09658795028312,1.02517969592797,0.00163431031182799,0.957727657425965,1.09137383837919
"high-large","halfcauchy",2,"continuous",58,132,2965169,440135,1,1,1,1,1.51628981627919,0.990139557536723,0.0969327615777307,1.51628981627919,1.50526501133209,0.0190977095738603,1.28121460041034,1.72894094131245,1.50482528880688,0.00148610894584976,1.44025381762808,1.56897154378414,0.101557830632861,0.0138317212116031,-0.0889074893507141,0.289712817788121,0.0997918321245021,0.00201988706373418,0.0267876711200486,0.172907844516244,0.676303017815,0.0115187399748652,0.501957868298512,0.846781682560478,0.683481605243389,0.00169082731282814,0.615486035377368,0.751869003251661,0.92791492424132,0.00165456157747769,0.862814731307596,0.994278133083354,0.910908162227686,0.00154937486434512,0.847586148456126,0.97504571069312
"high-large","halfcauchy",2,"continuous",58,133,2965169,14826943,1,1,1,1,1.51628981627919,0.990139557536723,0.0969327615777307,1.51628981627919,1.50815468368065,0.0179694462252229,1.28959566841934,1.72437911934461,1.50620793302498,0.00143664393403329,1.44316148653607,1.56937281439593,0.0474747980306746,0.0138298662936331,-0.148747225937578,0.238497613100299,0.0435095138056667,0.00191053158596382,-0.0284343540033817,0.115829519271681,0.672309538576094,0.0101908299827504,0.50409789571919,0.838615140616291,0.679180762700681,0.00163028391153652,0.612053905055154,0.745725029550814,0.99242458012683,0.00164290176183644,0.926764213834458,1.0581644022498,0.992727405954394,0.00155055899872505,0.928164967841114,1.05786497713824
"high-large","halfcauchy",2,"continuous",58,134,2965169,10767521,1,1,1,1,1.51628981627919,0.990139557536723,0.0969327615777307,1.51628981627919,1.47581647644292,0.0141890671187227,1.27720105028564,1.66684783978958,1.47587064380927,0.00146784070830403,1.41189076410391,1.5380287491959,0.0985040361254764,0.0107081896579527,-0.0714062763323104,0.271764356989754,0.0970631679978001,0.00201957636661827,0.0226334339900181,0.169835191486805,0.773863023868512,0.00847169051986645,0.625546211357743,0.92114782664254,0.778444869950573,0.00163206998872061,0.711666104586371,0.845916364119431,1.01696120681036,0.00165253574580566,0.951738873456091,1.0825535321281,1.00312931902952,0.00155812355855626,0.938993714995004,1.06857597668366
"high-large","halfcauchy",2,"continuous",58,135,2965169,5576779,1,1,1,1,1.51628981627919,0.990139557536723,0.0969327615777307,1.51628981627919,1.52421605683974,0.0196648148733259,1.29838649805154,1.75043231695549,1.52471205808067,0.0013497891236933,1.46435811116199,1.58619544640735,0.105940499304181,0.0143566441834324,-0.0936309178565265,0.302819266824532,0.104072166289918,0.00177931869713884,0.0341929484922494,0.173087306207356,0.707551002889445,0.0114401904950666,0.529660905789758,0.881229760809554,0.714786305326836,0.00155313987506861,0.649713062837891,0.780208005341812,1.04765498903018,0.00152521111562269,0.984433750007086,1.11187308809612,1.02442298745091,0.00144375766339229,0.961642324151389,1.08677752761609
"high-large","halfcauchy",2,"continuous",58,136,2965169,12044021,1,1,1,1,1.51628981627919,0.990139557536723,0.0969327615777307,1.51628981627919,1.54879446252715,0.0150160898655075,1.34940175931663,1.74531654236355,1.54820210952885,0.00152962522883264,1.48493411311891,1.61477791246242,0.114866646795609,0.0109135107903572,-0.0615847419747265,0.284173892306683,0.113632834949008,0.00196851245224797,0.0404063658743658,0.1863675157724,0.767494349922521,0.00915402922162954,0.614560137127059,0.92326790616883,0.772412578800997,0.00168149860215332,0.705212931671035,0.83989588448853,1.03102884424037,0.00164208156988607,0.965923845018616,1.09677886303963,1.0241236112473,0.00154860060217061,0.959553023377516,1.08931819923658
"high-large","halfcauchy",2,"continuous",58,137,2965169,229082,1,1,1,1,1.51628981627919,0.990139557536723,0.0969327615777307,1.51628981627919,1.58672914291956,0.0196220247602383,1.35558308869149,1.81420995169378,1.58551836002693,0.00142648325196509,1.52251883864511,1.64797658966102,0.0220152975996711,0.0149942043072155,-0.180492602510146,0.225311602134138,0.018396088258568,0.00199062671853188,-0.0553012473581524,0.092613834151341,0.716074604849128,0.0113711456972168,0.539737632764154,0.890216169629778,0.722753808387092,0.00166297912712811,0.655781598424079,0.791001737227164,1.02923561902226,0.00165590704523242,0.963530049739441,1.0963726632974,1.02337815130926,0.00157087722486874,0.957401423802174,1.08788155391665
"high-large","halfcauchy",2,"continuous",58,138,2965169,419547,1,1,1,1,1.51628981627919,0.990139557536723,0.0969327615777307,1.51628981627919,1.48034089133336,0.0188541604946499,1.25468735265627,1.70442006546826,1.48029071239207,0.00152999199717689,1.41492143961904,1.54447455369439,0.107764618979864,0.0128752300430117,-0.0788530671332105,0.290464966254583,0.105814653475045,0.0020646493365792,0.0308858635885147,0.180759854630034,0.762086427505974,0.0117814123923545,0.582879273939814,0.937306874399643,0.769617443430216,0.00173424421657884,0.700079407954921,0.837173115893111,1.01094045647992,0.00169785488398678,0.944806139879763,1.07807206334455,0.989205939350631,0.00160024945794886,0.924315508099248,1.05409227539492
"high-large","halfcauchy",2,"continuous",58,139,2965169,9112655,1,1,1,1,1.51628981627919,0.990139557536723,0.0969327615777307,1.51628981627919,1.54341464253711,0.0150340374797958,1.34027159969068,1.73992956774842,1.54278209146776,0.00145212803196746,1.47816005337475,1.60621678411576,0.0573156148497841,0.0120422480598961,-0.1240193984354,0.241158131728489,0.0555734844999497,0.00200377577740466,-0.0186014438749389,0.129624791803347,0.662918625628817,0.00829703369008275,0.510030842113452,0.810966396312056,0.66881704899368,0.00168146615884123,0.601336320723188,0.736189297078472,1.0136531551845,0.00165328671483061,0.948117242843073,1.07997676182609,1.00174181736183,0.00157233905117411,0.936066474513742,1.06713088676044
"high-large","halfcauchy",2,"continuous",58,140,2965169,171207,1,1,1,1,1.51628981627919,0.990139557536723,0.0969327615777307,1.51628981627919,1.51043006884515,0.0178954161681426,1.28751497920733,1.72764993191009,1.5101133556212,0.00141831177324986,1.44846968782283,1.5743559694979,0.0698511164507749,0.0107110135585219,-0.100577448424973,0.234839980101071,0.0663434843811287,0.00192617521678993,-0.00608309203086552,0.135614480813468,0.787704444048826,0.0123895513974455,0.604086209844196,0.969403393317381,0.793398183244279,0.00160024942057984,0.728787145130618,0.85976977500913,1.05391991641118,0.0015966352277153,0.989557988852845,1.11911976377021,1.05350234009234,0.00151780371042004,0.989692687167623,1.11674075177116
"high-large","halfcauchy",2,"continuous",58,141,2965169,10008997,1,1,1,1,1.51628981627919,0.990139557536723,0.0969327615777307,1.51628981627919,1.43807519037516,0.0160422061347393,1.2315012221808,1.64585191612346,1.43916248618344,0.00152783399061718,1.37322605244121,1.50375566142381,0.146775530893521,0.00941247689248282,-0.0104939694797787,0.304290954581432,0.143711539854583,0.00205809759274086,0.0699828167548765,0.21658746049811,0.752457575259784,0.0116274505994242,0.577375766688724,0.928919208365608,0.75785576416348,0.00179987831833369,0.688544030831174,0.826058068994093,1.07451872149435,0.00171498448382327,1.00802244508907,1.14230190423501,1.07212406934247,0.00163134595992451,1.0069983790764,1.1380535727468
"high-large","halfcauchy",2,"continuous",58,142,2965169,9538616,1,1,1,1,1.51628981627919,0.990139557536723,0.0969327615777307,1.51628981627919,1.52223264202043,0.0172799949490707,1.30855846175278,1.73299471312803,1.52012952029109,0.0014005956290584,1.45821285048756,1.58200397329279,0.0645111233153946,0.0136869047331544,-0.124812234735435,0.25461181784326,0.0634483947407778,0.00190774585931636,-0.00920718841507332,0.134995317751611,0.657760739822218,0.00973336698663664,0.498877865886575,0.813902751419323,0.665270600584187,0.00151125623928878,0.602056940445169,0.729738304451756,1.04281781472273,0.00156436887124124,0.978639108610266,1.10756327509195,1.02708485344483,0.00148325344067845,0.963745188157219,1.08871909421444
"high-large","halfcauchy",2,"continuous",58,143,2965169,997030,1,1,1,1,1.51628981627919,0.990139557536723,0.0969327615777307,1.51628981627919,1.50995515243359,0.0184562278082209,1.28561406731551,1.72734367214925,1.50850705163347,0.0014931742981119,1.4416357714581,1.57370380597622,0.114487259792797,0.0155407767303631,-0.0924945927965463,0.321406351729162,0.112245188571689,0.00191983201586908,0.0399503511409624,0.184634413903719,0.726319934855488,0.00935491442220502,0.565074136976644,0.882027025470542,0.733288112639533,0.0016385443512866,0.667381119885573,0.801326778530299,0.996858662882701,0.00161168034284578,0.93234973741099,1.06237790675505,0.977854483021124,0.00151186144277839,0.913928645796235,1.0406392338031
"high-large","halfcauchy",2,"continuous",58,144,2965169,594606,1,1,1,1,1.51628981627919,0.990139557536723,0.0969327615777307,1.51628981627919,1.49240740919974,0.0164055685358005,1.28615589333174,1.69841324225249,1.49244983662745,0.00160309189331234,1.42597035384092,1.55890040484133,0.00336777410064404,0.0102288818004557,-0.162186643419431,0.163382085465789,-0.000585952528766297,0.00212665295996203,-0.0754598103758035,0.074718772522841,0.687289919482233,0.0114810745596294,0.511435440225596,0.862186886868448,0.693193477833654,0.00178242332209137,0.623353824296724,0.761841576619384,0.990697887822211,0.00180016709992407,0.922481186114442,1.05923560404035,0.991033208961584,0.00172250803043069,0.924201815034055,1.05881470418368
"high-large","halfcauchy",2,"continuous",58,145,2965169,5863157,1,1,1,1,1.51628981627919,0.990139557536723,0.0969327615777307,1.51628981627919,1.48566564715845,0.0182927090676626,1.26420015030118,1.70541016335367,1.48454830494709,0.00142602323043225,1.42154656232451,1.54757075921782,0.08335017699127,0.0129705325506696,-0.102167961245801,0.271487253197975,0.0810845232744901,0.00195980327555253,0.00835995955717725,0.153913402059686,0.709314430266323,0.0109125212416698,0.539466552393111,0.875806539014095,0.71534625553982,0.00163433254022517,0.648582202810792,0.781711577240921,0.966077334642114,0.00158922981837895,0.90183012793518,1.03061004312505,0.955575197679351,0.00149280604808876,0.892156742737677,1.01842762359694
"high-large","halfcauchy",2,"continuous",58,146,2965169,8068751,1,1,1,1,1.51628981627919,0.990139557536723,0.0969327615777307,1.51628981627919,1.49173389203269,0.0174551319476573,1.27659815839855,1.70174080156576,1.4900119288637,0.00138393632829722,1.42712681127693,1.55309857229946,0.104785685349425,0.0142896894715103,-0.0922883677999797,0.299177025322021,0.102547446031649,0.00193430300424529,0.0302449057809006,0.176908356397191,0.742888337898762,0.00908028475392409,0.583477372300184,0.898608836829673,0.749116278383236,0.00157229996954564,0.682877739025856,0.815061055200902,1.043918597472,0.00158100683198341,0.979801225052769,1.10791238577874,1.04158040041581,0.00149399025340486,0.978560620139729,1.10500215387372
"high-large","halfcauchy",2,"continuous",58,147,2965169,4166722,1,1,1,1,1.51628981627919,0.990139557536723,0.0969327615777307,1.51628981627919,1.51843030738861,0.019030460741113,1.29556403692445,1.73952309498369,1.51648329380405,0.00133041171892815,1.45528128729027,1.5771371334954,0.0774869320447348,0.0165990656868422,-0.139013931949248,0.291722856679646,0.0750967313413043,0.0018763945061811,0.00507455328127737,0.146804080577056,0.692739678232619,0.009036108140688,0.540294711544362,0.848114023241886,0.699136621983255,0.00148966844548607,0.635314004484458,0.76437783033623,1.0270842068095,0.0015188821743177,0.964463919854707,1.09074050491828,1.02440019397524,0.00142221734557552,0.961388647658796,1.08605892358504
"high-large","halfcauchy",2,"continuous",58,148,2965169,4861253,1,1,1,1,1.51628981627919,0.990139557536723,0.0969327615777307,1.51628981627919,1.488485471205,0.0174966001141822,1.26780914731399,1.69985612507219,1.4863939170653,0.00135457236603178,1.42219958775506,1.54811318179796,0.103971990737073,0.0156601873470403,-0.107587209780818,0.307552539501302,0.10090246110326,0.00186596311324371,0.0297742030336184,0.17152368498442,0.600305266847421,0.00799265499984091,0.452830528608395,0.741338472804427,0.606766520015165,0.00147335228324122,0.543285156463009,0.671184307624335,0.979021211394001,0.00152118185359676,0.916339750544542,1.04203787516986,0.983049942215911,0.00142898437463151,0.920388328327748,1.04474295938291
"high-large","halfcauchy",2,"continuous",58,149,2965169,1974902,1,1,1,1,1.51628981627919,0.990139557536723,0.0969327615777307,1.51628981627919,1.5791788922299,0.0198556380284046,1.35023221327429,1.80584060521027,1.57830525979275,0.00157106297537255,1.51053041470485,1.64348495404203,0.101894130858627,0.0150361184670007,-0.0998641573668592,0.30334422625155,0.100600360109871,0.00212904606865648,0.0251613860246482,0.175317571495617,0.749513495686383,0.0110408393085033,0.574238055742997,0.91881151015486,0.757619391592128,0.00180874299520952,0.68625774819896,0.827922693053686,0.99852849674918,0.0017728043857372,0.930882251504336,1.06681731228087,0.981808432703834,0.00165386146512,0.915045647327189,1.04812249536328
"high-large","halfcauchy",2,"continuous",58,150,2965169,14439375,1,1,1,1,1.51628981627919,0.990139557536723,0.0969327615777307,1.51628981627919,1.47916169458213,0.0179719282613533,1.25921187540506,1.69593617249461,1.47928425063147,0.00143427093165901,1.41622199073523,1.54288369469931,0.116896573468285,0.0135144295420516,-0.0780503721768651,0.308882072484352,0.113821961394786,0.00196405626360763,0.0416298460675613,0.187244135058339,0.726151063617859,0.0103612302540146,0.555697877700726,0.890884032850792,0.733703703481818,0.00159894976013233,0.666387361675719,0.800469680550614,0.993438556929602,0.00160464504950557,0.928812994538794,1.05835737893027,0.979526003564782,0.00151087866132993,0.915783832747474,1.04226113899297
"high-large","halfcauchy",2,"continuous",58,151,2965169,10737473,1,1,1,1,1.51628981627919,0.990139557536723,0.0969327615777307,1.51628981627919,1.50072724071769,0.0189711301226486,1.27697215555291,1.72304094872128,1.50010063743373,0.00150515685898115,1.43560023744327,1.56413122616381,0.132414962519921,0.0146182064260738,-0.0711265827817295,0.33323188564425,0.130699687932606,0.00207033276334708,0.0552994112172926,0.204870082970816,0.7255857186216,0.0108313962491203,0.552951502887954,0.891314294458285,0.73305389375849,0.00169974356943139,0.664319172553172,0.801306408639734,0.971537874578171,0.00169930891110823,0.905187303908347,1.03845080687398,0.957948866678314,0.0015865109454359,0.891504596531591,1.02354224172358
"high-large","halfcauchy",2,"continuous",58,152,2965169,3476284,1,1,1,1,1.51628981627919,0.990139557536723,0.0969327615777307,1.51628981627919,1.51265007092476,0.0188598544771999,1.28560751265491,1.73117996678884,1.51117678554938,0.0012808323860776,1.45121393601589,1.57015354993392,0.157595384576915,0.0148207440650458,-0.0404142201772577,0.360026224376175,0.153999693601702,0.00180488832064348,0.0843784033873239,0.224282797622582,0.783122091575999,0.0104694332773039,0.615636630104048,0.948128810410048,0.791080227274412,0.00150420650162163,0.72693257449698,0.855586767244609,0.90129639651828,0.0014900116782664,0.839030216880425,0.964573576379172,0.90202883255799,0.00141239618437601,0.840253502595726,0.963016830409583
"high-large","halfcauchy",2,"continuous",58,153,2965169,11982868,1,1,1,1,1.51628981627919,0.990139557536723,0.0969327615777307,1.51628981627919,1.48037302459604,0.0163494159600314,1.2688138700233,1.68837761140165,1.48091711081146,0.00140432862496187,1.41942758328266,1.54532991359351,0.149255271461016,0.0111213443818311,-0.0242145305836059,0.322960671877728,0.146242328197023,0.00180888122992304,0.0764381794428268,0.216202908557597,0.775829755299373,0.0103773419691676,0.607834922139354,0.939898774354019,0.781247948169709,0.00159007685616439,0.715666901674398,0.846737250798482,1.00571339870919,0.00154920550441983,0.941994015011393,1.0701925407249,0.994473301838029,0.0014763068246778,0.931838104308608,1.0579498111763
"high-large","halfcauchy",2,"continuous",58,154,2965169,9259908,1,1,1,1,1.51628981627919,0.990139557536723,0.0969327615777307,1.51628981627919,1.48989332362817,0.0161506018893272,1.28394054656669,1.69140100454184,1.48867453170599,0.00131209080612744,1.42825394971282,1.54916925297923,0.0446432510707919,0.0119233682530662,-0.136068028611799,0.226428381584923,0.0413135448169123,0.00180162001684747,-0.0285619451478735,0.109580283336744,0.6339963458822,0.00952520029130418,0.471331386517055,0.79124278187305,0.640076051772808,0.00153264932646541,0.575244311037889,0.705445017235759,1.04461168902538,0.00150332443364823,0.982241331824975,1.10716366522779,1.04473972390351,0.00141258336190515,0.982353658972391,1.10630793456711
"high-large","halfcauchy",2,"continuous",58,155,2965169,12423077,1,1,1,1,1.51628981627919,0.990139557536723,0.0969327615777307,1.51628981627919,1.52903818314372,0.0166458831503125,1.31850148094094,1.73552977964347,1.52888140318125,0.00141827449193567,1.46579678846322,1.59190277810789,0.0872265505985229,0.0118889795973511,-0.0891834878528297,0.273381783552586,0.0852679768468519,0.00194690204558076,0.0122501451555804,0.157471076470107,0.7059225623326,0.0100915597443103,0.541047844288337,0.86863327669756,0.711715889609401,0.00162874375025761,0.644927312990978,0.778203530571245,1.00801712940568,0.00160661367594583,0.943427962789679,1.0733310826187,0.993812373220794,0.00151747826760726,0.929996128595842,1.05815223673884
"high-large","halfcauchy",2,"continuous",58,156,2965169,14710196,1,1,1,1,1.51628981627919,0.990139557536723,0.0969327615777307,1.51628981627919,1.46252615815511,0.017114865442544,1.24532689753854,1.67078022007366,1.46013992992641,0.00138633421130744,1.39568332962768,1.52293666953854,0.106148979493727,0.0153761854893576,-0.104992253667976,0.314264477584427,0.104588415107702,0.00184154014985588,0.0349899368382171,0.174897815287615,0.709773534445145,0.00788058273488796,0.566501170075934,0.854030674698469,0.716386379038552,0.0014887067630555,0.652169680489593,0.780551775335094,1.00102167926721,0.00152185900881812,0.938182227683762,1.06438941691675,0.986788570246737,0.00142794006117439,0.92374052590816,1.04828035203309
"high-large","halfcauchy",2,"continuous",58,157,2965169,15664003,1,1,1,1,1.51628981627919,0.990139557536723,0.0969327615777307,1.51628981627919,1.4908018948732,0.0177240115308916,1.27178593174812,1.70125412245342,1.49002961385611,0.00152770955931944,1.4246442506779,1.55616266436902,0.0700041430918566,0.0131797950837356,-0.115971279429949,0.258584893471169,0.0666029502952175,0.00198844901920044,-0.00760865339837428,0.13798711417077,0.697466256012879,0.0103640598443798,0.527896894620597,0.862385142297466,0.704576915569536,0.00164846941300884,0.638262231326466,0.772237950561069,0.939257312200186,0.00167303832906499,0.873187680356307,1.00576357949008,0.947467442921386,0.00159996792505332,0.8822773397801,1.01203192567102
"high-large","halfcauchy",2,"continuous",58,158,2965169,5238056,1,1,1,1,1.51628981627919,0.990139557536723,0.0969327615777307,1.51628981627919,1.55795236418047,0.0170865299375088,1.34583416913168,1.77075908443899,1.55653941193997,0.00147554049302302,1.49179551605641,1.62153822591818,0.0514754923957612,0.0139118792772745,-0.144455235623487,0.251568887773763,0.0487233794893991,0.00198495872621024,-0.0244566473525376,0.122563654180286,0.686523067049135,0.00929049626284172,0.528352373873437,0.842279755641124,0.693127790076976,0.00161901183522451,0.625884241743073,0.759080490549594,1.02943271886228,0.00163201142208439,0.964336026806307,1.09450037941421,1.02459992693569,0.00154534464091646,0.959532565063476,1.08963140710163
"high-large","halfcauchy",2,"continuous",58,159,2965169,6118999,1,1,1,1,1.51628981627919,0.990139557536723,0.0969327615777307,1.51628981627919,1.46904651832143,0.0171458262806278,1.25091207853206,1.67567007820753,1.46660268972501,0.00141793604140883,1.40187674629097,1.52958719941457,0.0236487341475911,0.0148417627140683,-0.178379442412854,0.22448642274607,0.0205347811802571,0.00191974259390355,-0.0510974051983022,0.0922366614906115,0.760876636250392,0.00823898578165519,0.609335583976196,0.911134290719151,0.76700239647342,0.00153916517578307,0.702818377729499,0.832337049313098,1.0519185385083,0.00155473490049013,0.987993706279074,1.11525152496528,1.04458027731969,0.00147111964557089,0.98111709292982,1.10725692717959
"high-large","halfcauchy",2,"continuous",58,160,2965169,10836504,1,1,1,1,1.51628981627919,0.990139557536723,0.0969327615777307,1.51628981627919,1.4926398053518,0.0170997574838744,1.27484737078627,1.70520750346602,1.49263991737555,0.00159112888277098,1.42762724323051,1.55875447482638,0.0571342215668334,0.0112900180370151,-0.117872721846588,0.229674732054275,0.0537133994168345,0.00210372518436221,-0.0206907883749237,0.130400024864518,0.743031417085555,0.0114938441511035,0.56779550626534,0.912540940123748,0.748891876085405,0.0018314060894198,0.67706070776161,0.817773061537056,1.00880350711374,0.00175808609791059,0.941099393790621,1.07683032732576,1.01008289802461,0.00167144242087579,0.943069658335221,1.07725356989238
"high-large","halfcauchy",2,"continuous",58,161,2965169,8988662,1,1,1,1,1.51628981627919,0.990139557536723,0.0969327615777307,1.51628981627919,1.50370628216007,0.0182318946078339,1.285729702254,1.72528250247269,1.50296195934881,0.00143468902038839,1.43997787706543,1.56557282643708,0.0530683550874857,0.0141456673536281,-0.143822662052508,0.246175489824605,0.0522219495424142,0.00194664404572049,-0.0194228597947772,0.124846342785647,0.69906292407764,0.00995578391641897,0.533081407727127,0.859893222086745,0.70561008008214,0.00156496638695055,0.639892032097568,0.771454028189676,1.02336355524872,0.00158253357837462,0.959233428886654,1.08825091283049,0.999579737751139,0.00149193106409887,0.936379341643639,1.06278854211735
"high-large","halfcauchy",2,"continuous",58,162,2965169,5240454,1,1,1,1,1.51628981627919,0.990139557536723,0.0969327615777307,1.51628981627919,1.53816121102533,0.0209546001170356,1.30346034542121,1.77079597614487,1.53787453721693,0.00136508024808063,1.47729874705871,1.59869921589327,0.0428266559034811,0.0155837675557968,-0.174881203101316,0.248748669698973,0.0416804697254842,0.0018760033071032,-0.0286494668936943,0.113047854416828,0.676860930384898,0.0119180669170425,0.499035741712315,0.853562670145137,0.683372640955218,0.00156209993197075,0.617293783933888,0.749696681931156,1.0247281738702,0.00157203738459958,0.960935622097914,1.0897301569307,0.996007978303343,0.00146663204766524,0.932823770311079,1.05874163982727
"high-large","halfcauchy",2,"continuous",58,163,2965169,3306462,1,1,1,1,1.51628981627919,0.990139557536723,0.0969327615777307,1.51628981627919,1.48309152542572,0.0127224718104844,1.29599886944924,1.66432679033754,1.48305418873389,0.00144096689093782,1.42122338847995,1.54808952909597,0.0778388816211045,0.00964118157612571,-0.08363264765301,0.236339045545346,0.0764762146553034,0.00193697879265742,0.00455441617372051,0.147945881527663,0.705535486612013,0.00738268070818264,0.562705854213671,0.843583731943418,0.710351457697946,0.00165127758502535,0.643156333281326,0.776611461338394,0.959950898097762,0.00161008173282833,0.894499150254134,1.02518183617079,0.954074158034652,0.00152250239911622,0.890676649053484,1.01711801404111
"high-large","halfcauchy",2,"continuous",58,164,2965169,10380345,1,1,1,1,1.51628981627919,0.990139557536723,0.0969327615777307,1.51628981627919,1.55027463036247,0.0149134863668441,1.35110719893124,1.75206487420352,1.54856767660521,0.00147119412318649,1.48430320133472,1.61397407248988,0.0112954178609583,0.0115538108238796,-0.166910465356848,0.185962331021176,0.0080535732163927,0.00200139874005769,-0.0671840306619232,0.0821120845929346,0.76019775075706,0.00884494719481139,0.606330699774698,0.911639426194966,0.765936661817554,0.0016683809769104,0.697781162363002,0.832905215419968,1.01818894759941,0.00165512760642444,0.952745361044148,1.08457960110352,1.01905593480728,0.00156490167887402,0.954586331049335,1.08493440794616
"high-large","halfcauchy",2,"continuous",58,165,2965169,7993754,1,1,1,1,1.51628981627919,0.990139557536723,0.0969327615777307,1.51628981627919,1.48842037706016,0.0201678966255563,1.2578245252896,1.72029409175922,1.48754458079397,0.00135347360479534,1.42564054310262,1.5484450584476,0.148825718526531,0.0150964566372091,-0.0497903982318634,0.349035951398203,0.147262929035194,0.00189641320930129,0.0770880108769929,0.219360579132546,0.704323892791346,0.0114921024975988,0.52967635376889,0.879126914009515,0.711124967937164,0.00153068726422359,0.646610946904954,0.775738557525284,1.00395797767838,0.00155395340247886,0.939871310093976,1.06868423469795,0.98150757161814,0.00145029153957614,0.919094548772786,1.04373100395696
"high-large","halfcauchy",2,"continuous",58,166,2965169,2223179,1,1,1,1,1.51628981627919,0.990139557536723,0.0969327615777307,1.51628981627919,1.50527491885183,0.0203340444827062,1.26860190304584,1.73598116847757,1.50470599551207,0.00151011569991046,1.44015371260274,1.5678291861266,0.147820641388476,0.0123765707107261,-0.0367244281771065,0.32991720751465,0.145078317389248,0.00197498555725637,0.0731103035096384,0.216521158327081,0.738265443927334,0.0139879569881891,0.545793978577549,0.932899354311667,0.743815556454268,0.00170024343332513,0.67584853537671,0.810395275630585,0.974794294209825,0.00166486495857015,0.90891869567619,1.04200335752402,0.964462247457099,0.00157511165872074,0.899980348865918,1.02974105183678
"high-large","halfcauchy",2,"continuous",58,167,2965169,16451606,1,1,1,1,1.51628981627919,0.990139557536723,0.0969327615777307,1.51628981627919,1.47420202901921,0.0176918132685337,1.25829814788155,1.68605996596123,1.47316222005531,0.00160328898484995,1.40585521599718,1.53968492195961,0.187193191546641,0.0141062702215507,-0.00806091277981484,0.379475404288686,0.186737921291596,0.00212912374829103,0.109646540488475,0.261874221600696,0.692587236531314,0.00970714535363501,0.530236022243032,0.847309849947399,0.699057455468911,0.00173447213857716,0.632134064284067,0.768769474742533,0.981789269074705,0.00174777067734411,0.91453809572466,1.04972646347912,0.949187461859041,0.00162975700196907,0.881914843809863,1.01535887569184
"high-large","halfcauchy",2,"continuous",58,168,2965169,11420920,1,1,1,1,1.51628981627919,0.990139557536723,0.0969327615777307,1.51628981627919,1.58275340009434,0.0123791588834577,1.40086551727978,1.76322292548479,1.58183301739316,0.0016113902922674,1.5146569602204,1.6483274483333,0.125107836973722,0.0085787416992439,-0.0285706788403547,0.272964589512161,0.123487421546459,0.00208872214472556,0.0489266492225631,0.197427236554665,0.637316114276331,0.00839655862561696,0.486218811171258,0.785863213301182,0.641492431390394,0.00180560048701975,0.572393283925715,0.711041943187208,0.984738131866008,0.00176887160903033,0.916759936213504,1.05338242447082,0.977885789235666,0.00168830819074482,0.911142216031979,1.04505834018024
"high-large","halfcauchy",2,"continuous",58,169,2965169,7402780,1,1,1,1,1.51628981627919,0.990139557536723,0.0969327615777307,1.51628981627919,1.53588555873685,0.0192433427326688,1.30581939208314,1.76306786525598,1.53544293877994,0.0014444233206874,1.47240856290905,1.59834542870737,0.0570144396606869,0.0126777406763013,-0.129354606419624,0.23859862463611,0.0540715711518109,0.00196284297491467,-0.0197223833462922,0.126770282127959,0.724626000661364,0.0125079682963462,0.541619212137346,0.903881860332438,0.731414470417107,0.00165944877022165,0.664450672305567,0.798025679168241,0.9993721410649,0.00160312351764771,0.934882841308012,1.06489183569603,0.992155186208944,0.0015250198651319,0.928271886976297,1.05679623081707
"high-large","halfcauchy",2,"continuous",58,170,2965169,455496,1,1,1,1,1.51628981627919,0.990139557536723,0.0969327615777307,1.51628981627919,1.49412474888228,0.0177949088107245,1.27599081845201,1.71016636700015,1.49486630194145,0.00138441486538677,1.43306209088503,1.55761892183207,0.166401142638744,0.0119615808977617,-0.011402682106777,0.34485932247357,0.163744218636863,0.00191015232590361,0.0918153809100265,0.233479586644497,0.738916639780513,0.0114563279308636,0.559482213050984,0.910480036839909,0.745406606990403,0.0015978884050019,0.679170473357985,0.810890910738688,1.01648461277013,0.00154698263026811,0.953134286953503,1.08045824655701,1.01604540804875,0.00146510349697322,0.952938719464345,1.07857903809225
"high-large","halfcauchy",2,"continuous",58,171,2965169,8854627,1,1,1,1,1.51628981627919,0.990139557536723,0.0969327615777307,1.51628981627919,1.55646203819625,0.0222122049677074,1.31417064986882,1.79741879313793,1.55535408820006,0.00158193395375372,1.48713173145733,1.62137493150087,0.105092629677505,0.0164330042722151,-0.105587177253573,0.312891533066888,0.10270239920978,0.00208353353537379,0.0273369713826912,0.178025688492151,0.695210044415563,0.0127253204807299,0.509434004663071,0.880314161008025,0.701763048303978,0.00168432409976978,0.633974097343927,0.769795213285005,0.962199696651772,0.00172842664078559,0.895347607628572,1.02954585913329,0.949422901099949,0.00163672121161041,0.883932606561098,1.0160024222514
"high-large","halfcauchy",2,"continuous",58,172,2965169,15061575,1,1,1,1,1.51628981627919,0.990139557536723,0.0969327615777307,1.51628981627919,1.50887132209575,0.0200909882039883,1.27833599211436,1.73861961679085,1.50704456888974,0.00140985342052387,1.44292381104118,1.56954852960301,0.11276016064608,0.0174957412036221,-0.105243503604541,0.337420942316122,0.11264007293242,0.00194046345483778,0.0406861304637451,0.185690878898664,0.733180175349564,0.00963845397382811,0.571469137016289,0.893548066170987,0.741199512152379,0.00155270724097471,0.675799504261033,0.807164179953937,1.07203165993955,0.00159739876203004,1.00801917209967,1.13765768135245,1.04425536930226,0.00149576661316661,0.980043752996592,1.10766018776219
"high-large","halfcauchy",2,"continuous",58,173,2965169,44383,1,1,1,1,1.51628981627919,0.990139557536723,0.0969327615777307,1.51628981627919,1.49661476024353,0.0228108190777667,1.24598542210633,1.73909830494387,1.49564906424923,0.00133760586592654,1.43420167034908,1.55616732475631,0.11379497992242,0.0161579736120499,-0.0998158271148368,0.322059803581802,0.110220251034397,0.00178099646035409,0.0430361134203659,0.179545912588489,0.706022181331983,0.013392947050584,0.515811733211549,0.893981113363682,0.713792404528243,0.00149912489886038,0.649929641282553,0.778653508633727,1.03110857549594,0.00149899591356431,0.968665864565013,1.0945372652967,1.0269293752111,0.00141198504007223,0.965231572631104,1.08857272599655
"high-large","halfcauchy",2,"continuous",58,174,2965169,9975188,1,1,1,1,1.51628981627919,0.990139557536723,0.0969327615777307,1.51628981627919,1.46354759872011,0.018556553138562,1.2417655681802,1.67955490015509,1.46279994712824,0.001542970368045,1.39790591627987,1.52845717548309,0.104579051548051,0.0147565813097537,-0.0957288070686711,0.307555329662505,0.103175160660871,0.00212611553759806,0.028143337531696,0.179142781582433,0.712414455901355,0.0104872467835319,0.541029126469756,0.879588014297738,0.719039847357894,0.00178480977908739,0.64926692826227,0.789878284785813,1.02175737202979,0.00174799561002799,0.954314826710402,1.08981059815363,1.00527985192429,0.0016527384637114,0.939966143087689,1.07246882522009
"high-large","halfcauchy",2,"continuous",58,175,2965169,6991787,1,1,1,1,1.51628981627919,0.990139557536723,0.0969327615777307,1.51628981627919,1.48672860412417,0.0192323260678258,1.26018433313827,1.70777136286601,1.48410845667744,0.00152639562875064,1.41713259858998,1.55079886998746,0.0980152940465235,0.0179939694834964,-0.125766781372638,0.324690294181908,0.0946412626337872,0.00209027950685484,0.0194258711705673,0.169779555798341,0.801572838655061,0.00837632746528865,0.651078035358492,0.946161134964642,0.808303725147443,0.00167423666940891,0.741795042095383,0.876548994634985,0.991976447323308,0.0017079089756089,0.925357386713051,1.05910878154439,0.990167559667492,0.00160727605840311,0.923609090697339,1.05567227504871
"high-large","halfcauchy",2,"continuous",58,176,2965169,9117132,1,1,1,1,1.51628981627919,0.990139557536723,0.0969327615777307,1.51628981627919,1.5246542304442,0.016654447925083,1.31044283039261,1.73170659002648,1.52232326458383,0.00150780454896367,1.45556582110097,1.58745506136349,0.113360630493277,0.0134473093973341,-0.0763919263216336,0.307516915164737,0.110072973849804,0.00203083503018542,0.0352785004348593,0.185317768462997,0.678436290812931,0.00882107809856415,0.520838470851072,0.828587766160571,0.685136617631264,0.00166928219189925,0.619424916007597,0.754014991554294,1.01874747643684,0.00167026359086909,0.953115550283833,1.0846811679031,1.02028558022349,0.0015696186539896,0.955506913859156,1.08546983764799
"high-large","halfcauchy",2,"continuous",58,177,2965169,5266564,1,1,1,1,1.51628981627919,0.990139557536723,0.0969327615777307,1.51628981627919,1.44570320841105,0.0158667472216532,1.24107886967119,1.64912489683053,1.44472495378282,0.00147250608770126,1.38194172964742,1.50908859593708,0.166055060413937,0.0117344433419629,-0.0139508429095391,0.346401148083457,0.163553214262662,0.00201521551371968,0.0884365922052438,0.236631969488628,0.722318229825166,0.00934630640570888,0.565097094330744,0.877501912089845,0.728207863527656,0.00166904584517005,0.66127249259322,0.795046212451909,0.979241429669212,0.00164327451773008,0.913748540923674,1.04507850578861,0.977476662208325,0.00156555806147223,0.912869446197229,1.04145268320396
"high-large","halfcauchy",2,"continuous",58,178,2965169,1606703,1,1,1,1,1.51628981627919,0.990139557536723,0.0969327615777307,1.51628981627919,1.52187464188666,0.0199615735805279,1.28898578761284,1.75060053362156,1.52161797963127,0.00138702627333875,1.45852845834629,1.58449945994618,0.11548922723045,0.0143671783105789,-0.0812555841165293,0.312780786214621,0.114119849169624,0.00185693209965317,0.044006269758689,0.184209457166291,0.765762711644805,0.0121229587800665,0.584385178810683,0.942329795210465,0.773668675756162,0.00157804976689871,0.708046811726088,0.840049689703536,1.01857027101516,0.00154419318224873,0.955069312120045,1.08206113549037,0.998554055814776,0.00145919414279675,0.935723852837124,1.06078311169863
"high-large","halfcauchy",2,"continuous",58,179,2965169,12860986,1,1,1,1,1.51628981627919,0.990139557536723,0.0969327615777307,1.51628981627919,1.49278063896147,0.0185383521437205,1.26999190109278,1.71509332376758,1.49243965006337,0.00151591524235927,1.42793359850961,1.55640943761018,0.11096745169231,0.0141976160359377,-0.0816532259756088,0.31088408751789,0.108094721328903,0.00203614330161251,0.0347389179688462,0.182777494141654,0.644116131035605,0.0106201363346115,0.471930099837932,0.809445621043603,0.651248221599224,0.00174162659223363,0.582599372074379,0.722233962059077,1.00474014732088,0.00169740465421958,0.938048663512629,1.07194030279516,0.983571214550422,0.00159778873366038,0.918028089472045,1.04877144379993
"high-large","halfcauchy",2,"continuous",58,180,2965169,7021099,1,1,1,1,1.51628981627919,0.990139557536723,0.0969327615777307,1.51628981627919,1.54526268395503,0.0189420571135862,1.31461650322767,1.7711977345302,1.54565268203865,0.00143322275538295,1.48332529240679,1.60977256946201,0.0901004702896727,0.0128521125602755,-0.094568388637217,0.274007297494407,0.0877051228753763,0.00188459382668045,0.0181139034713006,0.159664838895269,0.745073608414176,0.0120897553334816,0.559448026675006,0.919302979191337,0.751290550544716,0.00162799403223094,0.684085083786406,0.817393528941737,0.947100745068172,0.00158135487157238,0.882568040383182,1.01259663501729,0.940527004672028,0.00147808419863793,0.87733038445202,1.00382441986746
"high-large","halfcauchy",2,"continuous",58,181,2965169,5265414,1,1,1,1,1.51628981627919,0.990139557536723,0.0969327615777307,1.51628981627919,1.48260751780516,0.016620257556367,1.27390156686858,1.69029440286494,1.47974875111778,0.00167489888889741,1.40973733495219,1.54693497904359,0.104147528443377,0.0162536779365781,-0.111421589409078,0.314661510428954,0.102021820349611,0.00222941481681458,0.0245023476635014,0.179437603615122,0.703599168481762,0.00712921393086215,0.566202474629823,0.840466820346898,0.70973287864809,0.00178428684234923,0.640742201496854,0.780950131117383,0.985539761589738,0.00185199104238374,0.916300423670887,1.05529588307283,0.979942807476296,0.00174673341371076,0.911352862752979,1.04807864636358
"high-large","halfcauchy",2,"continuous",58,182,2965169,4039143,1,1,1,1,1.51628981627919,0.990139557536723,0.0969327615777307,1.51628981627919,1.56311752624329,0.0168938574107101,1.34961323572528,1.76650565818723,1.56229918194491,0.00156585384052848,1.49540410942614,1.62776562364439,0.066409633643052,0.0138231322048127,-0.128368993203711,0.260502151722592,0.0641054983592751,0.00212417545180531,-0.0116038302838055,0.14114586100569,0.707899082490501,0.0093594964052035,0.55130943633403,0.865626793494001,0.714351489324156,0.00171646110425461,0.645274507883806,0.78277268071823,0.995009770914062,0.00173868509101116,0.927878266453809,1.06325731391587,0.99207666151876,0.00164561295020961,0.924722404188344,1.0587597805274
"high-large","halfcauchy",2,"continuous",58,183,2965169,9632761,1,1,1,1,1.51628981627919,0.990139557536723,0.0969327615777307,1.51628981627919,1.58124677057735,0.0196886030520919,1.35134376270406,1.81067368676057,1.58081873212017,0.00141662321464024,1.5181195769302,1.64344612186486,0.0345975068364467,0.0115694858753866,-0.141669498380079,0.2112301626623,0.0318457183469264,0.00187009721205559,-0.0382075486704126,0.102705396017327,0.730911150778789,0.0138499439793307,0.53788921142576,0.921067158666132,0.73659223536771,0.00164662594810896,0.66923957050625,0.802377990893927,0.977558230828593,0.00156999224406455,0.914209768458525,1.04330826349949,0.96835175884262,0.00149223597674046,0.9059767572244,1.0319156565632
"high-large","halfcauchy",2,"continuous",58,184,2965169,11177610,1,1,1,1,1.51628981627919,0.990139557536723,0.0969327615777307,1.51628981627919,1.47385566280571,0.0170272041909295,1.25969995139414,1.68183368013518,1.47313944683482,0.0013992516451649,1.41172786301787,1.53630390484209,0.146073014827344,0.0115485648160703,-0.0301880015090433,0.321267382061312,0.143837115043483,0.00186353194512078,0.0744090572242072,0.213567930139152,0.671053244485479,0.0107905459369232,0.498476926790148,0.839397029247037,0.676925362717475,0.00158632889443885,0.611623879118416,0.741963213827591,0.956696948471732,0.0015263732492382,0.893621999766917,1.02073653786554,0.954986408141847,0.00146389468564919,0.892775631453898,1.01816679245567
"high-large","halfcauchy",2,"continuous",58,185,2965169,13095199,1,1,1,1,1.51628981627919,0.990139557536723,0.0969327615777307,1.51628981627919,1.49462358872054,0.017207178181777,1.27988051687583,1.70727515167051,1.49598960869549,0.00155300156369131,1.43085089233691,1.56090960886109,0.0977617697501525,0.010240827415289,-0.0660668955014542,0.261222261298619,0.0961852897933008,0.00206729906591463,0.022960941559229,0.169682244045773,0.74410737227499,0.012105892827171,0.563930766243443,0.924594533148561,0.750055600393669,0.00173539064168407,0.680418418758952,0.817662467879426,1.05975253463864,0.00172165214664575,0.99293301642846,1.12780599146716,1.04286835987058,0.00163893760869454,0.977856083344105,1.10955216686304
"high-large","halfcauchy",2,"continuous",58,186,2965169,15182546,1,1,1,1,1.51628981627919,0.990139557536723,0.0969327615777307,1.51628981627919,1.56419934214435,0.0189766925088842,1.33811351476157,1.78666722984893,1.56222396718138,0.00143283143657748,1.49835255518869,1.62390055759731,0.137047268013517,0.0143884402600061,-0.0660468332961095,0.332382606868665,0.134711665702471,0.00198979098561646,0.0604356517538647,0.2080874398816,0.695966385962556,0.01074742447406,0.521827802029998,0.862818740120028,0.702822351742837,0.00159432149737421,0.634987403504921,0.770077352751843,0.951048036156809,0.00160219017472646,0.886810633345543,1.01569146877771,0.954130494153261,0.00149847970151339,0.890197329296759,1.01748745960877
"high-large","halfcauchy",2,"continuous",58,187,2965169,5761071,1,1,1,1,1.51628981627919,0.990139557536723,0.0969327615777307,1.51628981627919,1.52163849156772,0.0192508064527966,1.28731762257385,1.74689069441912,1.52134799348651,0.00163514952876989,1.4527345484192,1.58847248434383,0.102062463589095,0.0139640078880749,-0.0903719201203233,0.295875085458824,0.0984708067956027,0.00225160411703569,0.0211832519829177,0.177015685126379,0.696083388601202,0.0115461761125769,0.517212606759544,0.870388035155606,0.70294445977722,0.0018998797053844,0.631238120625385,0.774683555182105,0.971886566161524,0.001822191305081,0.903432928864742,1.04144017064589,0.961646146798758,0.00171935167832706,0.894016254464144,1.02967026096018
"high-large","halfcauchy",2,"continuous",58,188,2965169,7681518,1,1,1,1,1.51628981627919,0.990139557536723,0.0969327615777307,1.51628981627919,1.49861561914702,0.0158786809327861,1.28945842493636,1.70267842231172,1.49857896989747,0.00138640293715523,1.43695284255011,1.56012795155577,0.150234144538224,0.0101163204504502,-0.0145942820188195,0.314023474485503,0.147555262697584,0.00187566240134477,0.0763126416741134,0.216946017153535,0.778252359220251,0.0109055776687347,0.604883542959014,0.948536789725296,0.784375448268327,0.00157764822680683,0.718760893215107,0.849486991872674,0.983882409370337,0.00154413528012648,0.920447486684729,1.04842346061717,0.981507636122512,0.00147845705997609,0.918383207056564,1.04527323544629
"high-large","halfcauchy",2,"continuous",58,189,2965169,12557621,1,1,1,1,1.51628981627919,0.990139557536723,0.0969327615777307,1.51628981627919,1.52905910520627,0.0166825912800236,1.32012923985698,1.73527394100138,1.52877103560177,0.00131476734838951,1.46905886359301,1.58996986994065,0.14236280457616,0.0121473842427332,-0.0393494533366965,0.327655241636961,0.14008833032524,0.00175516973252227,0.0707577219710684,0.208940822048411,0.750583032935162,0.009805557816035,0.584970197595142,0.908471487814641,0.756129858351589,0.00150468741769456,0.692138003843359,0.819678392971124,1.03829081067115,0.00144687658306234,0.977010479722848,1.10010230797444,1.03258402286188,0.00136164391550718,0.970822122018092,1.09327586826728
"high-large","halfcauchy",2,"continuous",58,190,2965169,12780808,1,1,1,1,1.51628981627919,0.990139557536723,0.0969327615777307,1.51628981627919,1.5124301698126,0.0185689001052235,1.28545073670244,1.73489268509312,1.51384769168605,0.00154587379374546,1.44877590858257,1.58063820157063,0.0384086727736141,0.0111259720631388,-0.138494521171115,0.207562795788101,0.0360868062787537,0.00207805427324661,-0.0391578379061685,0.10893649650829,0.680535738664464,0.012980925964971,0.492651212083099,0.866854576170699,0.686947820719809,0.00180374082632419,0.617348114828161,0.755826581073459,0.989566454283211,0.00173931009633906,0.921793430842511,1.0585614421065,0.970067406083122,0.00165517874388612,0.903649717491386,1.03591330181486
"high-large","halfcauchy",2,"continuous",58,191,2965169,11218574,1,1,1,1,1.51628981627919,0.990139557536723,0.0969327615777307,1.51628981627919,1.47298324977862,0.0192102791771995,1.24704774562094,1.69789019468022,1.47229748976489,0.00135661059487293,1.41185084952577,1.53248058811287,0.0699019686829163,0.0128304791072677,-0.114440363359296,0.257630783245733,0.0668233570112014,0.00177861060695133,-0.0023015023503878,0.134739745173985,0.658835889093328,0.0122966552528413,0.479380530291266,0.840207956668282,0.664781221141178,0.00153981099538451,0.600033904460919,0.729451665956414,1.0364802409876,0.00150690638966433,0.973807776192062,1.09956684627892,1.03229377587613,0.00143542912170079,0.969873947128095,1.09377216180229
"high-large","halfcauchy",2,"continuous",58,192,2965169,758852,1,1,1,1,1.51628981627919,0.990139557536723,0.0969327615777307,1.51628981627919,1.61047089794697,0.0175811279323662,1.39417216327559,1.82200087980935,1.60849226508779,0.00142301385219347,1.54496068292051,1.67296806870777,0.0922756834309526,0.0140166378885367,-0.103957171951441,0.284739063864471,0.0905865249035121,0.00190469349438496,0.0187796392896998,0.161995597537387,0.750457580135183,0.00969324337628459,0.590600814120617,0.909412838537981,0.75802871226059,0.00157048723030792,0.692422099091694,0.824166033715187,0.894913199402828,0.00159129475191248,0.830901330594419,0.959763379125607,0.888920641619118,0.00149933305871288,0.82483219065808,0.952034362093319
"high-large","halfcauchy",2,"continuous",58,193,2965169,15819247,1,1,1,1,1.51628981627919,0.990139557536723,0.0969327615777307,1.51628981627919,1.5082720541926,0.0192446245300045,1.28297706619931,1.73253643944401,1.50786331123157,0.00143371110726245,1.44265629797931,1.57060795274088,0.144787255559788,0.0142904605689217,-0.0502690297533998,0.342793598132383,0.142138237384612,0.00198511412247782,0.0679905101504831,0.213764795946267,0.743886783847397,0.0113198146902798,0.568720628772022,0.914513114158604,0.751540385415274,0.00166010319181004,0.683833612398602,0.819505078068759,0.964831457612019,0.00166535127905039,0.899076656989651,1.03183618849207,0.950898700084637,0.0015813121472586,0.88611651922499,1.01513994982823
"high-large","halfcauchy",2,"continuous",58,194,2965169,6945683,1,1,1,1,1.51628981627919,0.990139557536723,0.0969327615777307,1.51628981627919,1.4818286611345,0.0153780198216569,1.27746705674643,1.68131659214928,1.48255222136124,0.00134704880581729,1.42168763868483,1.54281490733552,0.0193556211236268,0.0094485789024276,-0.134332909664565,0.175716236771714,0.0176768621111931,0.00181382600994413,-0.0526066758778613,0.0868534884990996,0.650603770265191,0.0106456571207335,0.478028925355965,0.822585361517739,0.656760790281624,0.00158218693274883,0.59092647521449,0.721111534169757,1.02741291081021,0.00152458641623662,0.964360652958389,1.09163985552173,1.01404962693791,0.00145107434898941,0.952572097507949,1.07628295905177
"high-large","halfcauchy",2,"continuous",58,195,2965169,5216220,1,1,1,1,1.51628981627919,0.990139557536723,0.0969327615777307,1.51628981627919,1.56761027585371,0.0177303867969471,1.35182249775269,1.78070094494425,1.56680243526294,0.00142172934716965,1.50284683446386,1.62992957667787,0.0824334835242886,0.013047650892746,-0.104834596487283,0.275721198545649,0.0793818893406682,0.00191823583254298,0.00534438873239356,0.149954919897082,0.747211429504561,0.0104876367264867,0.578604659007788,0.910761822426375,0.754554058402684,0.00160978196502243,0.688190941217141,0.821132186074005,0.959299832797364,0.00159336733648764,0.894957621070085,1.02412117253101,0.951155237524427,0.00149138913993563,0.889174833054173,1.0148436793288
"high-large","halfcauchy",2,"continuous",58,196,2965169,764427,1,1,1,1,1.51628981627919,0.990139557536723,0.0969327615777307,1.51628981627919,1.47575392167525,0.0177829184076602,1.25565274346155,1.68921611722856,1.47582702939288,0.00153129139259717,1.41116205948183,1.5421910256314,0.0123961018830633,0.0106270746079618,-0.157553563571518,0.181644893847185,0.00974428764393753,0.00202732315644894,-0.0611993238214456,0.0844376169912421,0.77595821409791,0.0124056899902693,0.596330474698466,0.951976557599918,0.782390543459252,0.00172696828962486,0.712938650135455,0.849961866670643,0.954820856791258,0.00167675178272406,0.888764871593621,1.0219899110736,0.946226007224341,0.0015946307081919,0.88079555553914,1.01197968984964
"high-large","halfcauchy",2,"continuous",58,197,2965169,14576221,1,1,1,1,1.51628981627919,0.990139557536723,0.0969327615777307,1.51628981627919,1.44114632688386,0.0219836991032655,1.19739375988377,1.68093077530652,1.43868997211947,0.0013638121725689,1.37611622459685,1.50020065410344,0.127145768764474,0.019392503792423,-0.101180553149716,0.363791825282685,0.124447259775221,0.0019258405365509,0.0536666746024967,0.196913519967685,0.665576934212526,0.0100009860877118,0.498822817663895,0.8246270190794,0.672442910968348,0.00155647648407639,0.605832270341682,0.738722316250543,0.99622481830113,0.00159443431263461,0.931928319661212,1.06097220459547,0.994494655048249,0.00149725371408632,0.931310095052931,1.05814371242906
"high-large","halfcauchy",2,"continuous",58,198,2965169,12889712,1,1,1,1,1.51628981627919,0.990139557536723,0.0969327615777307,1.51628981627919,1.49121679196249,0.0192715591511103,1.26217068155689,1.71673507289055,1.49090900684577,0.0013570178037354,1.42845456852249,1.55140379337099,0.133364190045459,0.0145392520434597,-0.0651826368455643,0.330788973747926,0.130808389801352,0.00173412338551954,0.0624047775498233,0.198681381285209,0.708852339771757,0.0108164206020016,0.535677883756105,0.876052195379447,0.716452364558819,0.00151709726244185,0.652467262436436,0.78214168635948,0.96712211886972,0.00149109177607607,0.904912462938458,1.02978495978531,0.96407149628743,0.00139809659931243,0.902931503658502,1.02416208997591
"high-large","halfcauchy",2,"continuous",58,199,2965169,1698843,1,1,1,1,1.51628981627919,0.990139557536723,0.0969327615777307,1.51628981627919,1.50474400048316,0.0198005402414596,1.27298237995962,1.73384451835925,1.50559556348002,0.00141507152516274,1.44238205355063,1.56681588033581,0.1128148196606,0.014716423656103,-0.0869836311731292,0.312110746331904,0.112151809600691,0.00188909915116964,0.0413815727907083,0.184094220930862,0.716612609232145,0.0111153030398683,0.540091977134296,0.887718125425604,0.724136803518388,0.00160237792255005,0.657490470008049,0.79046014702348,1.03771270460085,0.00158732599905646,0.973688693817758,1.10293281788398,1.01238890150153,0.0015039158152098,0.948973299738876,1.07512861936712
"high-large","halfcauchy",2,"continuous",58,200,2965169,5743211,1,1,1,1,1.51628981627919,0.990139557536723,0.0969327615777307,1.51628981627919,1.52209594754225,0.0175774228647055,1.30693416281904,1.73514076704933,1.52009883182074,0.00151789045326991,1.4528984343984,1.5848120491341,0.0863223786442608,0.0144755340648996,-0.116676011789342,0.285612094880071,0.0841326509596345,0.00205001287631733,0.00988775356652978,0.15893132374219,0.683360617248639,0.00899680217181019,0.530657302606364,0.836815223015098,0.690478009673837,0.00169591660663151,0.622946096662388,0.759931672949328,1.01187987493891,0.00165430298930379,0.946651344703159,1.07872652992393,1.00938207143486,0.00156423113115592,0.943516018250904,1.07369924661056
