"excessvar","re.type","num.re","response","run","rep","design.seed","error.seed","beta_int_true","beta_row_true","beta_col_true","beta_dyad_true","delta_int_true","delta_row_true","delta_col_true","delta_dyad_true","beta_int_mean","beta_int_var","beta_int_5q","beta_int_95q","delta_int_mean","delta_int_var","delta_int_5q","delta_int_95q","beta_row_mean","beta_row_var","beta_row_5q","beta_row_95q","delta_row_mean","delta_row_var","delta_row_5q","delta_row_95q","beta_col_mean","beta_col_var","beta_col_5q","beta_col_95q","delta_col_mean","delta_col_var","delta_col_5q","delta_col_95q","beta_dyad_mean","beta_dyad_var","beta_dyad_5q","beta_dyad_95q","delta_dyad_mean","delta_dyad_var","delta_dyad_5q","delta_dyad_95q"
"low-small","halfcauchy",1,"binary",51,1,2573874,1970663,1,1,1,1,1.00962137506375,1.03442990081931,1.04949789204283,1.00962137506375,0.967009054868049,0.0182875104499379,0.756125015944995,1.19421279672882,0.964827901559642,0.00703928621001437,0.831471083196436,1.10618909754251,1.01669998297576,0.0281375795832694,0.765749637927978,1.30643035446585,1.02683461826137,0.0155369550062497,0.823518241596694,1.23544317012046,1.02830314238209,0.013709439478804,0.837317549244796,1.22755008540798,1.02816321306569,0.0137077693734361,0.837097017599773,1.22744712715452,0.822712338504792,0.00835738295538032,0.669353889723243,0.973929820185037,0.845728443986706,0.00851463585597972,0.693420650784127,0.998956414944013
"low-small","halfcauchy",1,"binary",51,2,2573874,3644217,1,1,1,1,1.00962137506375,1.03442990081931,1.04949789204283,1.00962137506375,0.98765893893919,0.0153018615069619,0.797367289573844,1.20150773147209,0.986352261011755,0.00725295398873755,0.85206125615462,1.12992480544822,0.926742654547309,0.0213982380543407,0.69787934410729,1.17272575492292,0.933772160771662,0.0121711142745929,0.754216429888503,1.11886203320898,0.907690375582963,0.0121597402541207,0.730356475482594,1.09413125047865,0.907657380852945,0.0121594126828475,0.730359156269352,1.09404067359825,1.02391774160109,0.00982466942886817,0.862910073064431,1.18925598567618,1.02934484012469,0.00983591606287591,0.86892217611911,1.19695889513984
"low-small","halfcauchy",1,"binary",51,3,2573874,3271782,1,1,1,1,1.00962137506375,1.03442990081931,1.04949789204283,1.00962137506375,1.03208561946592,0.0162297310755301,0.830406457078832,1.24718010157674,1.02861333897248,0.00782435448283041,0.887536836115642,1.17383008574449,1.02129258731425,0.0249119164933725,0.770732532654792,1.29569239936287,1.02932985883231,0.015623206871735,0.831170103307096,1.24004992687474,1.13807682153487,0.0152049853513587,0.940391624713729,1.34104278821251,1.13795318140822,0.0152026339990862,0.940217631657606,1.34081957849612,0.879881416295965,0.00883579364321053,0.724600721825562,1.04385229742014,0.900218213973987,0.00905734516521959,0.740882788592987,1.06704803217473
"low-small","halfcauchy",1,"binary",51,4,2573874,12416379,1,1,1,1,1.00962137506375,1.03442990081931,1.04949789204283,1.00962137506375,1.151112077546,0.0264347773809172,0.896927079773537,1.42217585789342,1.14760184888989,0.010027653098179,0.990664977968599,1.31732857045711,1.22920993430669,0.0411347967849111,0.916886178317448,1.58900355036159,1.24773160776728,0.0223122579369951,1.0120324660409,1.50054962841549,1.0656232686522,0.0166373857352033,0.85156669584092,1.27865815057383,1.06542828720266,0.0166341494823359,0.851343681172458,1.27836081879063,1.16358615705384,0.0128309327207718,0.979757491054413,1.35176197362813,1.19565744651078,0.0133471936749865,1.00468183667066,1.38664737269946
"low-small","halfcauchy",1,"binary",51,5,2573874,5816734,1,1,1,1,1.00962137506375,1.03442990081931,1.04949789204283,1.00962137506375,1.03332634264348,0.0205482789513661,0.810351539060617,1.28102034478008,1.03000873417087,0.00815675544530793,0.889891677475386,1.18606703973026,1.16143670647973,0.0330076219121439,0.879309560601864,1.4680164737916,1.17476664386812,0.0190363089945286,0.954893204212197,1.40706276367916,0.867097998537368,0.01292068610216,0.688701331799448,1.05003332156908,0.866937351768758,0.0129191458975952,0.688527362690973,1.04986277354196,1.00284482939853,0.0107519144424507,0.8349763167303,1.17754884678784,1.02926862011488,0.0111625128303875,0.855210611723768,1.2084318156419
"low-small","halfcauchy",1,"binary",51,6,2573874,2568944,1,1,1,1,1.00962137506375,1.03442990081931,1.04949789204283,1.00962137506375,1.06862205769534,0.0165930779589126,0.867594115503376,1.29332520775758,1.06682443552239,0.00732408826218633,0.928954123401769,1.21205062226558,0.905653887683754,0.0248040192963495,0.666772857812649,1.18006459300674,0.913190114527216,0.0141995839104365,0.718747167423222,1.11177879373991,0.958017001646995,0.0133975004752222,0.77458962734358,1.15402094026367,0.957896183135433,0.0133955908932478,0.774459966594795,1.15388573125496,0.912007147719005,0.00896798180851977,0.761825836432601,1.06971548047886,0.931879835428781,0.00914730344185779,0.779259955520673,1.09241465396743
"low-small","halfcauchy",1,"binary",51,7,2573874,7908027,1,1,1,1,1.00962137506375,1.03442990081931,1.04949789204283,1.00962137506375,1.09313931696458,0.0272803304557268,0.837413817097199,1.37683751419598,1.09032835355093,0.008149698877053,0.94053616951299,1.24796726696809,0.983667626490033,0.0352088746358599,0.691263762866003,1.29493099298049,1.0007218693644,0.0149079448125394,0.807399791554345,1.20544033927117,1.08778852140621,0.0153133139682419,0.893271743979021,1.29342372993238,1.08765526594378,0.0153110664720535,0.893028410966326,1.29322149607261,0.989838437806001,0.011178851238402,0.813613633135558,1.16394890019288,1.01175680243697,0.0114031941831404,0.835173307140512,1.1866442142086
"low-small","halfcauchy",1,"binary",51,8,2573874,7844074,1,1,1,1,1.00962137506375,1.03442990081931,1.04949789204283,1.00962137506375,1.15800448296227,0.0246120365729048,0.916786012106396,1.42437005677172,1.15508187722523,0.0094248959418671,1.00122128673553,1.32322994096986,1.05110260446036,0.0347159080605378,0.762788709028825,1.37358306409255,1.06538713308482,0.017930602906135,0.853817938289205,1.29210202917669,1.11458221733979,0.0174006772806622,0.904935292345279,1.34058343152858,1.11441803004858,0.0173970642849847,0.904755438986262,1.34030598692703,1.11728345984107,0.0122654374826547,0.93540799802812,1.29825751300022,1.14428960916355,0.0128276060962994,0.957585605481446,1.33140968083857
"low-small","halfcauchy",1,"binary",51,9,2573874,15504210,1,1,1,1,1.00962137506375,1.03442990081931,1.04949789204283,1.00962137506375,1.05741268303914,0.0249294849559242,0.808963192718071,1.33236154503502,1.05546262492076,0.00858775174718775,0.908723526625985,1.21511348239034,1.06433752033375,0.0352438120685917,0.768569350734178,1.38611531713562,1.08022256251608,0.016492614814251,0.876509037256652,1.29743959973984,1.06887313040899,0.0156466878006446,0.869379954690491,1.27789289151825,1.06878595564496,0.0156453935093091,0.869258278684515,1.2777855771304,1.0283495415662,0.0113439174032849,0.851342086611068,1.20696201986768,1.04268837788683,0.011550903300489,0.864524229034484,1.21908304838921
"low-small","halfcauchy",1,"binary",51,10,2573874,15477506,1,1,1,1,1.00962137506375,1.03442990081931,1.04949789204283,1.00962137506375,0.990207070000183,0.0220033699808316,0.757893248088735,1.24398060229286,0.987909459704112,0.00723684762144116,0.852579238012734,1.13218533390129,0.926366672716537,0.0302684622808917,0.651773938165381,1.22817485298743,0.938541893158205,0.0137604591974728,0.750699836489978,1.12799938985796,0.939383230033966,0.0121852412032775,0.763936829760709,1.12083649478987,0.939279629683931,0.0121843633456031,0.763900526725801,1.12074333763012,0.959157961517528,0.009758739206748,0.798137917979458,1.12352044562869,0.976198540616447,0.0100015358877404,0.812067684721093,1.14185057230376
"low-small","halfcauchy",1,"binary",51,11,2573874,1305405,1,1,1,1,1.00962137506375,1.03442990081931,1.04949789204283,1.00962137506375,0.913515087472541,0.0160469539852866,0.711466417895568,1.13702544214842,0.911625477109488,0.00670983545074591,0.779732117693191,1.04482476997655,1.05166559459434,0.0252753403544961,0.808483269043712,1.33654462273575,1.05900824610257,0.0149420974086931,0.863054903073077,1.26097114380133,0.782739593282596,0.0105166718197345,0.613823422699086,0.950471125675397,0.782658911580032,0.010515888831715,0.613740908654554,0.950483793530358,1.00297759121025,0.0097663361381696,0.840878485242787,1.1710909533149,1.01624842411666,0.00999689299734889,0.853116082271831,1.18445477097037
"low-small","halfcauchy",1,"binary",51,12,2573874,6059420,1,1,1,1,1.00962137506375,1.03442990081931,1.04949789204283,1.00962137506375,1.00061252058568,0.0195048549484449,0.779013834348024,1.23766099752595,0.997606295895475,0.00748106431900736,0.855181365682358,1.14017041803374,1.04132563416744,0.027371430648225,0.783441191938858,1.33078147161996,1.05148645070358,0.014889124030012,0.854693634180444,1.25782279581971,0.892722147667968,0.0125140465144014,0.709110813417599,1.08135869949215,0.892578032819129,0.0125121707103855,0.70895634390519,1.08121620457981,1.03625529076676,0.0102935877553073,0.874318037926238,1.20175756845104,1.05995984852275,0.0106398992612904,0.895173748167831,1.22907758508642
"low-small","halfcauchy",1,"binary",51,13,2573874,13234834,1,1,1,1,1.00962137506375,1.03442990081931,1.04949789204283,1.00962137506375,1.04727745340978,0.0303612840597693,0.768936401886437,1.33207675376337,1.04302890808531,0.00916204670081753,0.885988567419912,1.20620530359548,1.30326358669602,0.0447502388755944,0.968111057751137,1.66376748341276,1.32804423536004,0.0227890084776902,1.08911409535834,1.58631814292349,1.0440495547897,0.0167973153108765,0.833405164830667,1.26418843064884,1.04388472232487,0.0167949533115151,0.833095620576056,1.26400868777157,1.18743721181801,0.0144142086025063,0.994117834379146,1.38931165933104,1.2145494817476,0.014931708604859,1.01799914555849,1.42118148545098
"low-small","halfcauchy",1,"binary",51,14,2573874,7646214,1,1,1,1,1.00962137506375,1.03442990081931,1.04949789204283,1.00962137506375,0.93453409241447,0.0196475376576369,0.717901618903977,1.17009204011327,0.932418630165616,0.00661738356505474,0.799336424316956,1.06605579877768,0.865532897299797,0.0257261446308863,0.610343667566732,1.12763405823663,0.877173573686708,0.0110207367612647,0.709328580481423,1.05004329990187,0.99681273404392,0.0121214735593562,0.819415265824085,1.18014524378015,0.996641682017561,0.0121194393670219,0.819252531715467,1.17999374527876,0.89538748404629,0.00841397914547275,0.749292497905934,1.0505688709215,0.923522771081502,0.00866479265229418,0.774145336590897,1.07771892046313
"low-small","halfcauchy",1,"binary",51,15,2573874,13528194,1,1,1,1,1.00962137506375,1.03442990081931,1.04949789204283,1.00962137506375,1.22581902628922,0.0304775891051755,0.952274718089317,1.53172573528042,1.22286839169993,0.01105625891179,1.0560288777988,1.3979606719762,1.15719630810585,0.042530307672286,0.833469766148071,1.52313453024227,1.17796904988435,0.0221927499677005,0.945319717870342,1.44199626104883,0.992029950731763,0.0155536470600739,0.789588254023344,1.20028909258114,0.991874079893284,0.0155511660347147,0.789606873727706,1.20000837140212,1.20541353353805,0.0141855854509804,1.01042524186486,1.40108798588549,1.23105176112523,0.0146692556034018,1.03577352165927,1.428293196083
"low-small","halfcauchy",1,"binary",51,16,2573874,4386913,1,1,1,1,1.00962137506375,1.03442990081931,1.04949789204283,1.00962137506375,1.02907662380119,0.0167881623501994,0.821497134123238,1.24996095319596,1.0277799450392,0.00694725999274445,0.892113446756865,1.16750937060888,0.899283738962354,0.0244253886669029,0.654890508817082,1.1687287286398,0.906612839345582,0.0134094997156833,0.724515579669666,1.09569424123738,0.946748162593373,0.012600688546464,0.766055724297705,1.1349193622419,0.946638221135057,0.0125989674450389,0.765908590694934,1.13478853090858,0.814992590423349,0.00827942354909808,0.663440403056427,0.965838284398931,0.833076179098892,0.008465576238359,0.678396510499698,0.98680177728331
"low-small","halfcauchy",1,"binary",51,17,2573874,4839340,1,1,1,1,1.00962137506375,1.03442990081931,1.04949789204283,1.00962137506375,0.903786683928318,0.0210405318369973,0.674137464394366,1.14331528342729,0.901777874165082,0.00708604717329046,0.76743752749824,1.04301769380452,0.98625903059483,0.0295091372189542,0.716657446483552,1.28497413798397,0.998623033590226,0.0134253676220696,0.817021671411658,1.19651193179379,1.11131315578861,0.014328316599312,0.91982552805012,1.31106383060809,1.11121165868893,0.0143271719581325,0.919761478070311,1.3110722196685,1.03783263953219,0.0104768345742377,0.869245260714755,1.20556084986357,1.05452726802297,0.0106398950037911,0.885214388539492,1.22520169524524
"low-small","halfcauchy",1,"binary",51,18,2573874,7977475,1,1,1,1,1.00962137506375,1.03442990081931,1.04949789204283,1.00962137506375,1.12878275309441,0.0175367732851571,0.916237917534515,1.34829696124453,1.12753312647748,0.00931578863796971,0.974068443019002,1.28369939050266,1.07674598673362,0.0243071112092308,0.830435507406411,1.35628190933719,1.08371387545049,0.0152195227938463,0.885280325011499,1.2966524287541,1.26894853487947,0.0192634385636681,1.0383094203319,1.49722569637292,1.26887561802051,0.0192613345640647,1.03830403509801,1.49713909273604,1.10452224118952,0.0126901262373808,0.923799154378881,1.2935264368998,1.1165158831247,0.012980322802145,0.934747702274089,1.3094803369307
"low-small","halfcauchy",1,"binary",51,19,2573874,6947608,1,1,1,1,1.00962137506375,1.03442990081931,1.04949789204283,1.00962137506375,0.957025033346015,0.0245429691981304,0.712780199566703,1.22241127104759,0.954553778019336,0.00741197683261306,0.814630013109486,1.09745091753466,0.998187883059702,0.0344312929449957,0.704721787088291,1.32210249678298,1.01352269348072,0.0148149025617562,0.81588080121923,1.22099137731867,0.977801280584368,0.0134390166932538,0.79087296426258,1.17489383313336,0.977628274745131,0.0134369447525266,0.790822081989486,1.17464212903418,1.03041644027761,0.0107702477052849,0.861206084232482,1.20118220797432,1.05887309787665,0.0111470853085957,0.888088311280936,1.23307268759461
"low-small","halfcauchy",1,"binary",51,20,2573874,14681899,1,1,1,1,1.00962137506375,1.03442990081931,1.04949789204283,1.00962137506375,0.953911644948145,0.0146591094590043,0.759407060799661,1.16568946091928,0.952680463543014,0.00584884073218806,0.831701864198506,1.08356720030634,0.816508129662931,0.022423280842082,0.585641958755832,1.07402494306428,0.823088348262412,0.0113744845173022,0.649506814740949,0.999605827103311,0.856574444082905,0.0109430515722452,0.681623881019014,1.03072924900815,0.856471780853405,0.0109420716310953,0.681530051462404,1.03066506387529,0.761363218461782,0.00690474354185014,0.627204620100856,0.89560676346653,0.778249656415362,0.00700722508040308,0.644003389839778,0.912745863892937
"low-small","halfcauchy",1,"binary",51,21,2573874,4386042,1,1,1,1,1.00962137506375,1.03442990081931,1.04949789204283,1.00962137506375,1.03243878385356,0.0344704652595259,0.740472517099205,1.34480985830289,1.02869150851542,0.00809698311312914,0.88407863081055,1.18400447038469,1.04850119401749,0.0475720272596353,0.712138784060672,1.42371099756014,1.07335937426847,0.0184723107380054,0.861757457914413,1.30048334430296,1.08117482251644,0.0158467508687187,0.878600167981449,1.28480578920764,1.08092379388464,0.0158436047955063,0.87829951251902,1.28449228910825,1.0684227307658,0.0118183994389232,0.889072384787427,1.24972681081703,1.1097128736548,0.0123174656569519,0.928425705272464,1.29624306924837
"low-small","halfcauchy",1,"binary",51,22,2573874,7924412,1,1,1,1,1.00962137506375,1.03442990081931,1.04949789204283,1.00962137506375,1.01610500520883,0.0199855687853467,0.793364498272023,1.25906052662263,1.01385531911605,0.00784283792779103,0.866870197211117,1.16117213930923,1.0447110131511,0.029895322569299,0.768963153272897,1.33981907962499,1.05657066016759,0.0162508417130992,0.85187091638444,1.27451775606425,1.15821944143502,0.0154753213860724,0.949097230493258,1.37214890265474,1.15804084926657,0.0154726412169481,0.948944492650974,1.37203453293508,1.03963907661371,0.0107144526439208,0.863003770007951,1.21224844454737,1.06901459486118,0.0111382641325222,0.889720381970963,1.24862394875767
"low-small","halfcauchy",1,"binary",51,23,2573874,15565919,1,1,1,1,1.00962137506375,1.03442990081931,1.04949789204283,1.00962137506375,1.0933419994301,0.0197485264453361,0.874012640322659,1.33371415163496,1.09135476019195,0.00931437566936957,0.935160042848392,1.2546695774765,1.13067628989436,0.0296530553147859,0.860938102683354,1.42410596890795,1.14078607912704,0.0183839487518869,0.916679597387149,1.36985470276628,1.21192663347303,0.018266569600546,0.996372679423721,1.43853641041002,1.21182794224909,0.0182641844847301,0.996270622643551,1.438365716618,1.0828824752358,0.0119428775047146,0.90128482192613,1.26709198758879,1.09911558262666,0.0122726924496582,0.916321716947989,1.28682197334241
"low-small","halfcauchy",1,"binary",51,24,2573874,12455470,1,1,1,1,1.00962137506375,1.03442990081931,1.04949789204283,1.00962137506375,1.00259584070331,0.024075413363666,0.75875321048295,1.26104509578953,0.999804739436899,0.00767901597288083,0.861102785557959,1.15020570008091,1.05897873525259,0.033683151779178,0.770573482749975,1.36948370725081,1.07551590040533,0.0158709497507095,0.871676833243854,1.28655434843346,0.877093852643619,0.0125906764765529,0.695159288379062,1.06822976410076,0.876894174782007,0.0125887626424921,0.694917473233201,1.06813718560914,1.17049590730156,0.0118856555007221,0.991124477870686,1.35086679781232,1.20333968045422,0.0122638815015693,1.02035497004883,1.38533780583564
"low-small","halfcauchy",1,"binary",51,25,2573874,15016627,1,1,1,1,1.00962137506375,1.03442990081931,1.04949789204283,1.00962137506375,1.07704672032641,0.0255293758756086,0.825400225962128,1.35835532459087,1.07344014771496,0.0083917601613221,0.929350521543757,1.23177530541759,1.01012033899054,0.0327153514545221,0.720474621450551,1.31311432611355,1.02561503328527,0.0141944149263261,0.830001743602516,1.22152966487145,1.01100096720267,0.0143008279351094,0.815990159013681,1.20688269972676,1.01086786146702,0.0142989745066827,0.815857731419968,1.20678560858878,1.14439595612513,0.0121457198197153,0.960971446729358,1.32764675903619,1.16628969312679,0.0124794918163537,0.981951044028056,1.35326070706428
"low-small","halfcauchy",1,"binary",51,26,2573874,2522362,1,1,1,1,1.00962137506375,1.03442990081931,1.04949789204283,1.00962137506375,0.996103052273379,0.0169398782417821,0.790710970829961,1.21323651290082,0.994798659372171,0.00673303537291221,0.860146970787044,1.13621439182221,0.860667739484403,0.0235642996006759,0.626446841840336,1.12142399583277,0.868337742852575,0.0120007136630381,0.68887209587768,1.04482048311908,1.0684231691693,0.014276499220396,0.878320857039368,1.26362322812439,1.06835170550589,0.0142762724682941,0.878258319685065,1.26358118342358,0.959147406059189,0.00933430966941634,0.795299573979187,1.12153000821433,0.970902020870413,0.00942559526919109,0.806947320224064,1.13702021940513
"low-small","halfcauchy",1,"binary",51,27,2573874,2566497,1,1,1,1,1.00962137506375,1.03442990081931,1.04949789204283,1.00962137506375,0.99061987045317,0.0246731830654011,0.743064030186091,1.2505230284835,0.988413639451291,0.00816525279241686,0.848967041480838,1.1400643479228,1.15798056344509,0.0396452748672455,0.851140288216976,1.50026193761432,1.17413575811285,0.0219590317773187,0.945336717102175,1.42223797654523,0.955044101859485,0.0136096576489779,0.759979851344213,1.14828333361073,0.954954865573176,0.0136087439539157,0.759875775542117,1.14804768762897,0.986615770817799,0.0100089033678844,0.819116232492566,1.15235730702859,1.0012936941531,0.0102220286990328,0.834057558107991,1.16922488366689
"low-small","halfcauchy",1,"binary",51,28,2573874,11655930,1,1,1,1,1.00962137506375,1.03442990081931,1.04949789204283,1.00962137506375,1.11134284404055,0.0227052017941313,0.873317299316498,1.36229400214317,1.10989499066195,0.00883693282318518,0.954724551250256,1.27356997863111,1.14520511751616,0.0345057826792496,0.85689202608284,1.46441444220207,1.15817892918023,0.0200142656558221,0.932889356426109,1.38832813288772,0.949755960231775,0.0142245079038029,0.754248286100516,1.14591334313442,0.949688240821796,0.0142243023561064,0.754230689995347,1.14587099532615,1.09851686374417,0.0113438274219207,0.925378873267637,1.27622785046754,1.10965560952919,0.0114522032179362,0.935406956224772,1.28828536051254
"low-small","halfcauchy",1,"binary",51,29,2573874,9191405,1,1,1,1,1.00962137506375,1.03442990081931,1.04949789204283,1.00962137506375,0.984927830862916,0.021437454100309,0.759587113881899,1.23332767394943,0.982403105931926,0.00753247998111256,0.843837556588925,1.12651646747143,0.94318065022753,0.0286388475100007,0.679566022980252,1.22586791010878,0.954020863516726,0.0139353013585306,0.771549290417976,1.14847216516266,1.01044829600571,0.0135080737545949,0.821748836803603,1.20470114585583,1.01033984300359,0.0135069698311273,0.821732715236925,1.20462808044317,1.03541836425355,0.0104578132896738,0.867504821191328,1.20711698300683,1.05325712600006,0.0106704976118239,0.884514415173239,1.22581306722368
"low-small","halfcauchy",1,"binary",51,30,2573874,16399725,1,1,1,1,1.00962137506375,1.03442990081931,1.04949789204283,1.00962137506375,1.02621824462713,0.0282628047091781,0.769316040599488,1.30289546003922,1.02200748705916,0.00876742999156387,0.875036791845216,1.18432300032109,1.25787289107403,0.0447330454604618,0.924703324729159,1.6247499378176,1.27943728233225,0.0255683497410604,1.03344112469197,1.55150652853201,0.806427004151164,0.0119551517547256,0.631231751979652,0.987819590474254,0.806231039792471,0.01195362904054,0.63105105477059,0.987603980973244,1.03191864291958,0.010219859287793,0.869986454592224,1.20291070568586,1.06415160500634,0.0106263103853947,0.898141667218011,1.23259975858642
"low-small","halfcauchy",1,"binary",51,31,2573874,6702437,1,1,1,1,1.00962137506375,1.03442990081931,1.04949789204283,1.00962137506375,0.995575882688969,0.0141016728204242,0.81215646221263,1.19631000206105,0.994403952218664,0.00731482403144468,0.861530934333373,1.14221709678833,0.95814239698568,0.0216754805003248,0.737669837123793,1.21640413124095,0.963317998428646,0.0135818291514759,0.779638291160767,1.15345585163743,0.986771994751147,0.0135067507418684,0.796870178756015,1.179468659456,0.986657935936043,0.01350449651961,0.796762269613344,1.17940167426843,1.04542714201327,0.0100558339481797,0.87786269440435,1.20933351666044,1.06418796917289,0.0104292478215245,0.894468392783665,1.23340266029046
"low-small","halfcauchy",1,"binary",51,32,2573874,16374977,1,1,1,1,1.00962137506375,1.03442990081931,1.04949789204283,1.00962137506375,0.944633727307483,0.0179882588420291,0.731563800762103,1.17389954399882,0.942013112991877,0.00693098366428326,0.808561792023839,1.08604881056488,1.03296538055335,0.028859239608961,0.774800599813989,1.32155618456153,1.04269287839836,0.0164479565702092,0.836904483136087,1.25824059179827,0.904902761145715,0.0123718304803142,0.724021215424601,1.08653184844051,0.904773780658759,0.0123697601598426,0.723975238590459,1.08640374051318,0.975298191016468,0.0096333346728036,0.815207761369878,1.13642426961326,0.996513391442214,0.00993228247689223,0.83084656556177,1.16173502122957
"low-small","halfcauchy",1,"binary",51,33,2573874,5044827,1,1,1,1,1.00962137506375,1.03442990081931,1.04949789204283,1.00962137506375,1.00398920550086,0.0204083158040559,0.771923991131629,1.23986436142202,1.00255482891139,0.00709602117751094,0.86874084249397,1.13813703473517,0.916777346911926,0.027752412229061,0.655931115250658,1.20766277311403,0.926858814589397,0.0123340862588151,0.740916762571419,1.10609901524401,1.05463222197476,0.0145029519970474,0.856129038517197,1.2530190751065,1.05451686898997,0.014501659415305,0.856029681447008,1.25289469039824,1.11856822279923,0.0116931836497619,0.937482255820946,1.29857634711034,1.13754191990479,0.0118926760393172,0.956255435642375,1.32039441340258
"low-small","halfcauchy",1,"binary",51,34,2573874,10215834,1,1,1,1,1.00962137506375,1.03442990081931,1.04949789204283,1.00962137506375,1.08156732177287,0.0220042672885387,0.850706669804958,1.3335576778279,1.07855638537106,0.0080507724392585,0.933580467966685,1.230024422779,0.93540218551004,0.02936336153554,0.67690744268495,1.2272756994621,0.946390465695023,0.0136269388668509,0.758053278593862,1.13921903843106,0.913906857701525,0.0130834261211565,0.734094518883396,1.10261764041511,0.913758718477404,0.0130815519536898,0.733980082011892,1.10248221455147,1.02941415524324,0.0104190207331351,0.860748253625176,1.20051971829211,1.05378065753218,0.0107374790233446,0.886354087780999,1.22740201817337
"low-small","halfcauchy",1,"binary",51,35,2573874,3783779,1,1,1,1,1.00962137506375,1.03442990081931,1.04949789204283,1.00962137506375,0.952156196254856,0.0171058700772687,0.745832507035605,1.17826845267798,0.949790102458406,0.00713905937968661,0.814791331759587,1.09895473763693,1.04972690537322,0.0253922163451301,0.8032065165484,1.32192706966517,1.05826288408818,0.015115938791265,0.858437688761613,1.26498764021429,0.956677839580797,0.0126427976298614,0.77534511408483,1.14709627121572,0.956572112776581,0.0126415884086684,0.775196715061934,1.14697511486746,1.05168527933674,0.0101700976995619,0.886276862546776,1.22128922675775,1.06907562569649,0.0103541752689393,0.900713514649205,1.23983172953465
"low-small","halfcauchy",1,"binary",51,36,2573874,14752474,1,1,1,1,1.00962137506375,1.03442990081931,1.04949789204283,1.00962137506375,1.05319134320362,0.0196370861722647,0.829487107855983,1.29123277899805,1.05108818916118,0.00815132554644109,0.905302512296479,1.20393480533192,1.02259329729641,0.027850775874177,0.765520255269203,1.31449516399534,1.0326641297946,0.0152445255619665,0.833273486078111,1.24021752380838,1.1047482614418,0.0159041139888971,0.899546777930482,1.31921596512384,1.10459867277391,0.0159017171518914,0.899500818157042,1.3189964449869,1.02003597065992,0.0105031374605246,0.853448058354687,1.18937400060547,1.04464088296494,0.0108230110954207,0.872691603263572,1.21753061679642
"low-small","halfcauchy",1,"binary",51,37,2573874,9497685,1,1,1,1,1.00962137506375,1.03442990081931,1.04949789204283,1.00962137506375,1.06038533189826,0.0208978971785166,0.834186449995922,1.30833075570976,1.05788900113827,0.00782989556843198,0.912668908894032,1.20722767108719,0.918681060241745,0.0287163654630881,0.650073254867295,1.21309050011519,0.9301851084877,0.0141124680360989,0.73803707072928,1.12733066791044,1.01855940611328,0.0143294271453313,0.819931693178898,1.21341079465884,1.01835410862331,0.0143265693214543,0.819795138571938,1.21325966035943,1.08331613527846,0.0112979267311986,0.904825739475614,1.25849774375435,1.11708424624963,0.0118005616703632,0.934984742695328,1.29395963838003
"low-small","halfcauchy",1,"binary",51,38,2573874,11436380,1,1,1,1,1.00962137506375,1.03442990081931,1.04949789204283,1.00962137506375,1.04167789480935,0.0170608705020467,0.837095186106101,1.25570075539598,1.04023207910172,0.00747856739778957,0.905202694878718,1.18487864605062,1.04536622635532,0.0269246282409573,0.788925057342753,1.32757405625997,1.05434489443852,0.016740632988053,0.844944909359645,1.26850574730188,0.895132629125743,0.012352703023753,0.718512368865557,1.08665476215684,0.894953893694521,0.0123499098723502,0.718351834567374,1.08641432475482,0.919123290109764,0.00895298186845458,0.765224766122926,1.07311465672132,0.948522372762252,0.00933242529830833,0.78780233911821,1.10447341303617
"low-small","halfcauchy",1,"binary",51,39,2573874,5174067,1,1,1,1,1.00962137506375,1.03442990081931,1.04949789204283,1.00962137506375,1.06448664505826,0.0227084556243093,0.825243700919279,1.3170029970287,1.06184479362596,0.0074090247736582,0.926661597620687,1.20470273661429,0.876805040141479,0.0305408731682651,0.604365835115309,1.18527747704882,0.888377091682897,0.0138074221695071,0.702948107798749,1.0849112579538,0.842319259690387,0.0118655285226238,0.662308929335519,1.02660949024924,0.842233555552573,0.0118648073415396,0.662313554742905,1.02652508548393,0.827381388913199,0.00819363034435221,0.682596980085438,0.976612318594644,0.841478331047281,0.00827629915406499,0.695158003818246,0.991053574219701
"low-small","halfcauchy",1,"binary",51,40,2573874,3022721,1,1,1,1,1.00962137506375,1.03442990081931,1.04949789204283,1.00962137506375,1.09008701284122,0.0205410639277467,0.871550587285591,1.33632325671987,1.08797832398651,0.00898357242348525,0.935532570010102,1.24956279536646,1.09998031384921,0.030397987092818,0.826480611828645,1.39896211629511,1.11103376228222,0.0176844392460913,0.897165862697561,1.32889914328319,1.17810488123787,0.0170940670519212,0.969964620443025,1.39337166100392,1.1780087758179,0.0170924568625084,0.96993792363169,1.39327387475735,1.06476285592926,0.0114515697462361,0.881935880400861,1.23952705217006,1.08057064046085,0.0116879840239986,0.896982555829456,1.25596677580227
"low-small","halfcauchy",1,"binary",51,41,2573874,5550954,1,1,1,1,1.00962137506375,1.03442990081931,1.04949789204283,1.00962137506375,1.02660049546276,0.0203827693155939,0.806903719454241,1.26525135220445,1.02398440793493,0.0082733128605457,0.879172703506053,1.17702113206346,1.00986735489501,0.0293282128354714,0.751245516147153,1.30491747905089,1.02194212396426,0.0157989402967154,0.823004129254441,1.23181258785225,1.09814175552557,0.0154409303296529,0.903327447065893,1.30445579873788,1.09794369122968,0.0154371148130346,0.903262950465033,1.30420817547358,1.07054543278279,0.011202293448228,0.895460572421324,1.2416391966526,1.1031238005161,0.0118578366178986,0.924026329982159,1.28013021698876
"low-small","halfcauchy",1,"binary",51,42,2573874,1017799,1,1,1,1,1.00962137506375,1.03442990081931,1.04949789204283,1.00962137506375,1.02156818130876,0.0293320512320052,0.755194268006874,1.30922274957028,1.01872906754059,0.00821813519363307,0.87814959917061,1.17690830334164,0.993471957241187,0.0398578860003756,0.686968419528036,1.33884761490755,1.01230069235052,0.0168094276342548,0.807039489623802,1.23762389718999,1.10772210245622,0.0140311658074614,0.917508801522097,1.30772572233754,1.10749025393483,0.0140285287278797,0.917397026825931,1.30747584650341,0.938163614304179,0.00951649184871049,0.779807813495631,1.09383405732327,0.976298939777555,0.00992581844665732,0.813911987317759,1.13961894198572
"low-small","halfcauchy",1,"binary",51,43,2573874,16491036,1,1,1,1,1.00962137506375,1.03442990081931,1.04949789204283,1.00962137506375,0.819073475779159,0.0190213022084653,0.606939611391327,1.04751226285457,0.816432072131019,0.00573367973170006,0.693610711782187,0.9435627647908,0.873898356661148,0.0254422004236287,0.62105602792014,1.14305572271369,0.88312137023045,0.011744708301352,0.703005989805215,1.06305733430909,0.88166691635717,0.0109598473932277,0.710526819660432,1.05140645095535,0.881480298696653,0.0109576731709236,0.710388742926049,1.05109517619716,0.901217290029027,0.00812209806052226,0.749695810518498,1.05007614200514,0.931912871696456,0.00843108390541345,0.778028138531582,1.08094941058982
"low-small","halfcauchy",1,"binary",51,44,2573874,14480255,1,1,1,1,1.00962137506375,1.03442990081931,1.04949789204283,1.00962137506375,1.23045369547813,0.0302497464328833,0.961254234114895,1.53120637069827,1.22739376501068,0.0111903414692752,1.06343776773351,1.41626856316002,1.01316248236013,0.0384710378120783,0.703156098009365,1.35180947396024,1.03021520980047,0.0174295078113284,0.81498228690454,1.25862671529746,1.05399557586004,0.016809376134563,0.845346752876468,1.27278458934704,1.05381172605594,0.0168065118630184,0.845285766004386,1.27258029210077,1.29535359915895,0.0157622252015343,1.09293911206867,1.50416973938564,1.3255939132898,0.0164202238971736,1.12033928843358,1.54103900646127
"low-small","halfcauchy",1,"binary",51,45,2573874,9198762,1,1,1,1,1.00962137506375,1.03442990081931,1.04949789204283,1.00962137506375,1.04902453498882,0.0227964938052223,0.814144384587853,1.30707795637253,1.045624767799,0.00822717175186,0.903334303645265,1.19813307117154,1.14669780527511,0.0345590415334857,0.857308653196166,1.47041307931705,1.16238281662366,0.018591960712298,0.94092538117271,1.38181654858013,1.02037940127162,0.0146880518399204,0.826418771949298,1.21425652453651,1.02023293556888,0.0146865733126079,0.826331671135485,1.21408005139606,1.07243071132196,0.0114201942703883,0.896739000493529,1.2491152123103,1.09652194645624,0.0117978497158291,0.917402352319736,1.27588480195573
"low-small","halfcauchy",1,"binary",51,46,2573874,16298730,1,1,1,1,1.00962137506375,1.03442990081931,1.04949789204283,1.00962137506375,0.982763521077601,0.0190290618547604,0.766751664139501,1.22213186530126,0.980676819936394,0.00725407826193135,0.846713120625178,1.13046065788196,1.02019743503395,0.027967210405831,0.756781751868321,1.29916761603457,1.03041033727214,0.0151260944017905,0.838410125082168,1.2311761050173,0.931098610867366,0.0126662584096851,0.747725600929438,1.11741011206885,0.93098983412108,0.0126648895358335,0.747702882399917,1.11719896193311,1.13109781402289,0.0115986321111486,0.958040768295006,1.31321302680138,1.1489898264396,0.0118978261256652,0.972112341575886,1.3291053162807
"low-small","halfcauchy",1,"binary",51,47,2573874,13438535,1,1,1,1,1.00962137506375,1.03442990081931,1.04949789204283,1.00962137506375,0.944737206054998,0.0217566042739242,0.712486033883693,1.19772030820736,0.941936246773456,0.00727418866879742,0.808402947811513,1.08899609283382,1.04131729401291,0.0337174196146564,0.757570210789974,1.36540736651575,1.05416525429227,0.0165340716639638,0.844666013315964,1.26661876554503,0.982143298530313,0.013299116863823,0.799583701885756,1.17325431772933,0.981993543060275,0.0132977941115809,0.799499607004837,1.17308588956833,0.955942127455502,0.00933919024692249,0.799284559858901,1.11641720175553,0.980574476012179,0.00957036196079285,0.82158090770243,1.14042313918162
"low-small","halfcauchy",1,"binary",51,48,2573874,14831081,1,1,1,1,1.00962137506375,1.03442990081931,1.04949789204283,1.00962137506375,1.08660591789634,0.0224012807845062,0.850346345712812,1.34303787383317,1.08451971100986,0.00789241025447689,0.942033431652583,1.23077429197544,0.99556036040031,0.0310512807858833,0.721936890655169,1.30156981593123,1.00736367848737,0.0155534475306463,0.803462740183805,1.22113108418234,1.07441092721803,0.015376490910915,0.874065679227567,1.28344376757763,1.07432663091662,0.0153752011530269,0.874020030189372,1.28323414319619,0.936657570605836,0.0093604146345371,0.771587874434922,1.09618003865792,0.950522946461079,0.00953874679966551,0.787180367964774,1.10999321696361
"low-small","halfcauchy",1,"binary",51,49,2573874,8410947,1,1,1,1,1.00962137506375,1.03442990081931,1.04949789204283,1.00962137506375,1.08371709632152,0.0383102585790798,0.779144187261553,1.41732828454203,1.07862948157385,0.0097786774868292,0.925906344911701,1.24608779062296,1.19066120894279,0.0530319256647397,0.82951132899654,1.5878537090628,1.22158787730171,0.0241185514372199,0.984275314988642,1.47800558277437,1.05793442126543,0.0160036067067952,0.857352141150882,1.27156877362323,1.05769667089409,0.0160005289937971,0.857093349356387,1.27134375946265,1.11194765868668,0.0130051413601301,0.931356291694441,1.3055854162369,1.15105374285775,0.0136042452707059,0.964280311143421,1.34312135840525
"low-small","halfcauchy",1,"binary",51,50,2573874,1477890,1,1,1,1,1.00962137506375,1.03442990081931,1.04949789204283,1.00962137506375,0.988912657270058,0.0244832771628969,0.744663225039603,1.2555275316816,0.985972268540767,0.007717376444982,0.845047143837256,1.13490430280935,1.06333996906203,0.0352313919368548,0.774737503780519,1.39620299175911,1.07928052659541,0.0156893317925325,0.884817474158478,1.28669659286677,1.03543018063653,0.0146835591480716,0.837872411100876,1.23823284275923,1.035275734244,0.0146817198690967,0.837802959286157,1.23804899118897,1.01160400283163,0.01065756063662,0.843226168542138,1.17862457842554,1.03700793213798,0.0109784254580756,0.867384298923982,1.20732070091249
"low-small","halfcauchy",1,"binary",51,51,2573874,14592869,1,1,1,1,1.00962137506375,1.03442990081931,1.04949789204283,1.00962137506375,0.959696124400675,0.0147383666883715,0.772250093174047,1.16314366946882,0.956966170836684,0.00698342675939632,0.824109831283085,1.10395401459304,0.935553915980975,0.0203850576999142,0.712207653042915,1.17785903447354,0.942266941144621,0.0121308392455344,0.764381059304357,1.12204742757217,0.870067037917391,0.0116170559053424,0.69026464607845,1.04939192808704,0.87000649050346,0.0116158675177682,0.690137502809099,1.04937677782101,0.997864174112414,0.00958922312643228,0.839593310434786,1.16211795141803,1.00782324274462,0.00979625753082155,0.847643961629855,1.17190283892614
"low-small","halfcauchy",1,"binary",51,52,2573874,3083516,1,1,1,1,1.00962137506375,1.03442990081931,1.04949789204283,1.00962137506375,0.905271893804394,0.0168522585430692,0.699394669225462,1.12091405827892,0.903200484306986,0.00692699268097693,0.76575306369388,1.03980827066991,1.00618337817492,0.024399042281008,0.760361212679844,1.2777422607197,1.01498402509336,0.0129103299697908,0.826259802828149,1.20272273567138,1.26563561416426,0.0163754623400915,1.05821100951406,1.4769189773237,1.26546833851256,0.0163720457894618,1.05806998794023,1.47673936205681,0.955636597153082,0.00931486890120256,0.796572079067514,1.11583488249234,0.983150731740764,0.00966790372127957,0.820534344691084,1.14842208966689
"low-small","halfcauchy",1,"binary",51,53,2573874,1844974,1,1,1,1,1.00962137506375,1.03442990081931,1.04949789204283,1.00962137506375,0.985610683708604,0.0212671861403493,0.759264286723931,1.22787371045063,0.982945084716568,0.0077636432284452,0.838859853060336,1.13558939688962,1.07091599126649,0.033159173630763,0.783490528195717,1.37869360917833,1.08371314045453,0.0177611695690032,0.871553245661974,1.30887964475058,0.896795138108686,0.0113669711365831,0.7246256483757,1.07075757440375,0.896649874142184,0.0113650154873705,0.724469825960195,1.07061532563001,1.01931458020297,0.0102973175698191,0.85598084037971,1.18949542247774,1.04320814919706,0.0106388598038179,0.87707521246984,1.21453574838362
"low-small","halfcauchy",1,"binary",51,54,2573874,4027079,1,1,1,1,1.00962137506375,1.03442990081931,1.04949789204283,1.00962137506375,1.00111599721653,0.0205860906743957,0.776032844993178,1.23886464903028,0.999357452956504,0.0075710244707561,0.858190947971449,1.14444895157401,0.83554971592119,0.0272480180824648,0.573924081237561,1.12270774935032,0.844728310954042,0.012906341340947,0.66535617464322,1.03238278498341,1.08797441824821,0.0144660502973501,0.891141246716381,1.28362700131828,1.08775983223601,0.0144628437849725,0.890947450375341,1.28328722337841,0.989255750722198,0.00987750387626519,0.819524790639145,1.15225148672341,1.02455167311201,0.0103222720334093,0.853157611590719,1.18913420052233
"low-small","halfcauchy",1,"binary",51,55,2573874,14245896,1,1,1,1,1.00962137506375,1.03442990081931,1.04949789204283,1.00962137506375,1.27583002938426,0.0305485305238792,1.00780443702122,1.56705147774162,1.27344784452349,0.011098384259136,1.10441622532154,1.45809533749958,0.962567152661213,0.0427985632093314,0.641731806174781,1.33937584657105,0.980278143999873,0.0219552375669492,0.750612119023829,1.24154841700072,1.10212202367115,0.0180899369289843,0.88523727813973,1.32792356689709,1.10197166210192,0.0180876278071208,0.885016389348794,1.32766422986405,1.08649675245957,0.012163739167249,0.901546226613428,1.27361989459888,1.11122879451433,0.0125747579731588,0.924592308273787,1.30241736633641
"low-small","halfcauchy",1,"binary",51,56,2573874,12937492,1,1,1,1,1.00962137506375,1.03442990081931,1.04949789204283,1.00962137506375,1.04074178547315,0.0218530764415685,0.804400098342077,1.29476775893854,1.0386314766875,0.00730985637589051,0.904347439494697,1.18244925380664,0.908677786204232,0.0316675143352629,0.627653473488645,1.21303590716797,0.9211974253479,0.0160301265601688,0.721426769902188,1.13624976499306,0.938178792620209,0.0127937216474469,0.75531390640491,1.13012366089795,0.937979437445093,0.0127919170451838,0.755087021449031,1.12981391200376,0.821629372106252,0.00789848451402816,0.677836645291119,0.966598779881468,0.854420068558203,0.00811887152416835,0.706626662290412,1.00490296152574
"low-small","halfcauchy",1,"binary",51,57,2573874,12351485,1,1,1,1,1.00962137506375,1.03442990081931,1.04949789204283,1.00962137506375,1.07366652677549,0.0213191503019237,0.848793688055193,1.3218077024592,1.07154319443287,0.00772729625877998,0.93074750818704,1.21738551157483,0.902275141081623,0.0285366978435452,0.63792283604024,1.19209002921566,0.912332677559609,0.0132682443685649,0.73157309675451,1.10648654244257,1.02481735260085,0.0146641068454539,0.829992824000254,1.23045062564888,1.02468695270806,0.0146619176706399,0.829867976151558,1.23028765918053,1.04030008886074,0.0111319528132485,0.869453589789834,1.21271559220819,1.06174875854937,0.0114979321601187,0.886095896183105,1.23622423706238
"low-small","halfcauchy",1,"binary",51,58,2573874,15869420,1,1,1,1,1.00962137506375,1.03442990081931,1.04949789204283,1.00962137506375,0.999842526312766,0.0195178044461198,0.783476851928418,1.24696821673359,0.997400834923638,0.00705226321272913,0.864152311156129,1.14186894777991,1.02199426934635,0.0302212431924532,0.741773696121886,1.31993365255891,1.03364673820268,0.0159455495109622,0.831962726584117,1.24051863311698,0.87649333319703,0.0119180750064988,0.698736461669254,1.05205659429637,0.876341911808977,0.0119169517001093,0.698539628110959,1.05193231865577,0.918703264049871,0.00872037808340737,0.765466989715508,1.07643148866947,0.943609629129755,0.00890999347947265,0.789852528598245,1.0993599298272
"low-small","halfcauchy",1,"binary",51,59,2573874,8241504,1,1,1,1,1.00962137506375,1.03442990081931,1.04949789204283,1.00962137506375,0.974031596247373,0.0136035450390892,0.790859207255832,1.17652812117092,0.972723956861746,0.00687288670630938,0.839832955248113,1.10950529687539,0.905563946313423,0.019877599920968,0.685128264908678,1.14763154536995,0.910663149392269,0.0119237789181489,0.736733507486948,1.09266841043137,0.927227678204502,0.0125555928548422,0.745859511284933,1.11055584748245,0.927142433050006,0.012553642957214,0.745842278532399,1.11045920890562,0.99501785220677,0.00976131340846497,0.834430995186465,1.15859512675763,1.00903929902135,0.01001810084981,0.846161246284627,1.17538243062782
"low-small","halfcauchy",1,"binary",51,60,2573874,8354552,1,1,1,1,1.00962137506375,1.03442990081931,1.04949789204283,1.00962137506375,1.05476127921015,0.0296789908540268,0.793283891296884,1.34211399182849,1.05061559450784,0.00971308809371897,0.893798833959498,1.21780914583917,1.20016485316511,0.0449782390447028,0.870620622385465,1.58727002961078,1.22183755672095,0.0247827430552365,0.982013402244982,1.49137132739726,1.07106720160561,0.0152495181991144,0.873212782536783,1.27869990515665,1.07084482691234,0.0152462003108523,0.87300816681339,1.27846916276919,0.962243633410659,0.0108007010017928,0.793298486823199,1.13940679213231,0.998820667648388,0.0113326186892164,0.829778769685661,1.17955912874061
"low-small","halfcauchy",1,"binary",51,61,2573874,716492,1,1,1,1,1.00962137506375,1.03442990081931,1.04949789204283,1.00962137506375,1.09988106672241,0.0218928519623177,0.865953452660017,1.35086030479078,1.09672941389273,0.00818423991330025,0.951488195470956,1.25142351215545,1.01803004945297,0.0320762307406951,0.737561383539576,1.32840879644417,1.03121593243927,0.0164368051045164,0.824115829916956,1.24112590429349,1.11216782046853,0.0168247361226283,0.901822294415769,1.33530477484233,1.11202070199952,0.0168219742057901,0.901745698823247,1.33515557799209,0.957777664909707,0.0104015359264961,0.785318702874858,1.1270010193824,0.981976269521024,0.0107949476808101,0.809416751995238,1.15524035107115
"low-small","halfcauchy",1,"binary",51,62,2573874,16560006,1,1,1,1,1.00962137506375,1.03442990081931,1.04949789204283,1.00962137506375,1.02737721531103,0.0216026318996886,0.79439479293196,1.27773448083445,1.02493101851566,0.00719077361211271,0.892036690780877,1.16586397962361,1.0057569362546,0.0320155695925007,0.726320761319273,1.32233872828309,1.01893119925444,0.0166302437178912,0.810139463339565,1.239293829476,1.01416228903941,0.0137549913728143,0.823667453983932,1.2040860296115,1.01395087498376,0.0137525149615717,0.823517938446482,1.20379976038952,0.817777809673591,0.00846642044850109,0.662219799849083,0.965113093978164,0.852551996601221,0.00871833955786928,0.695122248183385,1.00468626733877
"low-small","halfcauchy",1,"binary",51,63,2573874,6471921,1,1,1,1,1.00962137506375,1.03442990081931,1.04949789204283,1.00962137506375,1.08379050962658,0.0181385777459093,0.874850510719536,1.31250364310066,1.08258891309948,0.00805132810205032,0.937965437203417,1.23330725588111,1.14184753765306,0.028124651312158,0.881207887248653,1.43334471996512,1.15260076758193,0.0176157744359185,0.942038435118418,1.37254234739844,0.958452393667197,0.0139373076954999,0.764519568085674,1.16309540525457,0.958321516914834,0.0139354318675074,0.764370331210575,1.16302583858174,1.06811013488827,0.0103898136679353,0.902708605495656,1.23274717586476,1.08963724025113,0.0108134239753847,0.919974020078207,1.26227588576338
"low-small","halfcauchy",1,"binary",51,64,2573874,452833,1,1,1,1,1.00962137506375,1.03442990081931,1.04949789204283,1.00962137506375,0.949332538325117,0.0166290290766775,0.744086534272874,1.16441958927645,0.947705785765176,0.00700784625572057,0.813375452511625,1.09027815468279,1.00205962879624,0.0251364509526368,0.752759453976917,1.27152766055019,1.01072196215721,0.0134864131934964,0.825436369381212,1.20941545676625,1.02151061604584,0.0139482843370349,0.828305914595096,1.21575716016367,1.02141515903574,0.0139465506989753,0.828232190648875,1.21560801477149,0.893419018915673,0.00895753822330375,0.735190935514776,1.05319302506719,0.909120150530428,0.00919164066254946,0.746852602247834,1.06996642662615
"low-small","halfcauchy",1,"binary",51,65,2573874,7410796,1,1,1,1,1.00962137506375,1.03442990081931,1.04949789204283,1.00962137506375,0.984699579595369,0.0153216728278843,0.783618181052916,1.19463062341008,0.983512599227039,0.00689296537001211,0.857187715167712,1.12183890438221,0.879827070429671,0.0237652302528324,0.643721473977965,1.14464591376998,0.885669848638221,0.0142210028467742,0.693705668928809,1.08330151066368,0.937149069851948,0.0122700313794829,0.75966372165714,1.12769311839196,0.93705653724615,0.0122689410853113,0.759640329379886,1.12757205059765,0.897909596666368,0.00840926869139273,0.750352134207601,1.04599101745959,0.913129711152376,0.00859923912553287,0.763963698283303,1.06910043875624
"low-small","halfcauchy",1,"binary",51,66,2573874,1224853,1,1,1,1,1.00962137506375,1.03442990081931,1.04949789204283,1.00962137506375,1.21231750442501,0.0249730506847397,0.967053803997528,1.49387291753249,1.2098350877783,0.00979343740134398,1.05200085240699,1.37646227831956,0.927391712213167,0.0316107095486419,0.641755237764434,1.22524488609791,0.939827235230161,0.0144791869293213,0.736869854642441,1.1420829782878,1.17335769171203,0.0167851017343173,0.958658659583604,1.3863283220767,1.17321335951034,0.0167827056806767,0.958392197727799,1.38605558930617,1.13036181222603,0.0120355110538668,0.954785755021303,1.3171799178106,1.15410212100352,0.0123758639643788,0.976376250642128,1.33820643946582
"low-small","halfcauchy",1,"binary",51,67,2573874,891408,1,1,1,1,1.00962137506375,1.03442990081931,1.04949789204283,1.00962137506375,1.11504077276024,0.0267179440518757,0.862256074733223,1.39230861576982,1.1103906480093,0.0112383981877626,0.944749406835616,1.29526875484163,1.51819804174882,0.0503824868949731,1.17894985402376,1.90528367348108,1.54000794341631,0.0349288120839666,1.2539393465163,1.86873761138561,1.24271531732225,0.0192515706890519,1.02496849056921,1.46959483274115,1.24251942700633,0.0192474060730573,1.024726623961,1.46949921376304,1.03905666666163,0.0121343152820384,0.855940137474891,1.22769122285479,1.0712774499123,0.0127442958165625,0.885276420307986,1.26289979364852
"low-small","halfcauchy",1,"binary",51,68,2573874,3826044,1,1,1,1,1.00962137506375,1.03442990081931,1.04949789204283,1.00962137506375,1.01280754160767,0.0322276347774516,0.729259637156071,1.31016784396199,1.00977611823213,0.00755000503453871,0.869344698038982,1.15441920394465,0.984695104431581,0.0445485165300621,0.657812556662967,1.35342053816512,1.00705487157342,0.0175100654143768,0.802014472900218,1.22958930191783,0.930490228783636,0.0121973960481835,0.751616202907349,1.11184572257107,0.930283479296201,0.0121958835211069,0.751431520146159,1.11165167831885,0.910925303621221,0.0090623144754343,0.756099199210788,1.06946755764662,0.944932244650722,0.00936561260523293,0.788819292692059,1.1025548782518
"low-small","halfcauchy",1,"binary",51,69,2573874,8173573,1,1,1,1,1.00962137506375,1.03442990081931,1.04949789204283,1.00962137506375,0.82882220843086,0.0158527855745675,0.634226103065244,1.04084275391616,0.827531422037149,0.00583120938895278,0.705163478456214,0.954499289577494,0.897250799680463,0.0216236453727948,0.665885862839051,1.14228080195636,0.904982599651893,0.0104295886075891,0.738234605328967,1.0709770874354,0.866164192565027,0.0111505422705288,0.688741683732063,1.03384390157225,0.866111456277393,0.0111501811805119,0.68871181755571,1.03382838705362,0.944213570555325,0.00857151622562279,0.796108889568407,1.09794764010499,0.952887835463743,0.00860050426332428,0.80547720427849,1.10652173522883
"low-small","halfcauchy",1,"binary",51,70,2573874,5382142,1,1,1,1,1.00962137506375,1.03442990081931,1.04949789204283,1.00962137506375,1.08616828908429,0.0214054619600895,0.856738592535205,1.33743807271586,1.08381310643645,0.0080780072818452,0.941490873140401,1.2345335353079,1.11620703285054,0.0336863882910449,0.825958560697371,1.4326719459436,1.128670578398,0.0179728443884408,0.914714545640035,1.35641282498769,0.94399927727947,0.0142504711333861,0.7519765001673,1.14041105902083,0.943906244537024,0.0142494711926966,0.751905369651474,1.14034612044938,0.869739842067247,0.00859975866349866,0.721326487418511,1.02189532876285,0.88504222092897,0.00875409032718215,0.733954300868606,1.03968715071669
"low-small","halfcauchy",1,"binary",51,71,2573874,2728865,1,1,1,1,1.00962137506375,1.03442990081931,1.04949789204283,1.00962137506375,1.10084736494667,0.0266340412625367,0.845930605455138,1.37796231376761,1.09838271306286,0.00953780202975425,0.939508903348678,1.26570424531289,1.07322646090224,0.0365701734812448,0.770336654300983,1.39643573271089,1.09097968951412,0.0178924745897507,0.877780217499857,1.31971970227879,1.17956296055025,0.0171498378144897,0.966091315044609,1.39644064231593,1.17936163028621,0.0171467448015687,0.96602760476279,1.39616118133041,1.21298729064384,0.0137948958975326,1.01803022141134,1.40631330705136,1.2461028572245,0.0142816853758998,1.0531709136732,1.44523831757725
"low-small","halfcauchy",1,"binary",51,72,2573874,7088689,1,1,1,1,1.00962137506375,1.03442990081931,1.04949789204283,1.00962137506375,1.02890540821124,0.0189653017494694,0.812613086530951,1.2618693483138,1.02669655139076,0.00771929102307287,0.883927586536056,1.17509030267995,1.09425648896841,0.0291315017691912,0.827286614477366,1.39308213631095,1.10516074163681,0.0166544311190983,0.901055855943082,1.31744253184308,0.946750103166401,0.0135206992827055,0.761350814224914,1.14420195392849,0.946662223853965,0.0135198497802107,0.761248200169026,1.14402208585495,0.982723697062885,0.00975185693591844,0.818582254014139,1.14553501070322,0.997178420181129,0.00991956967639819,0.832409002877389,1.16072245373511
"low-small","halfcauchy",1,"binary",51,73,2573874,3291756,1,1,1,1,1.00962137506375,1.03442990081931,1.04949789204283,1.00962137506375,1.01222966705813,0.0210535586475898,0.784787364507855,1.2549997683849,1.009587629978,0.00728558654145061,0.87064317947516,1.15557498672572,0.97523573907951,0.0312970224178459,0.695661878880286,1.27993824855824,0.987973432675954,0.0159774344995109,0.787034443749581,1.20294983156695,0.94765546860751,0.0123802173686693,0.772004675230457,1.13119687930447,0.947498891149735,0.0123779500297225,0.771872840348246,1.13103654770143,0.903169650778682,0.00891678505824931,0.748171540201631,1.0562099380196,0.928924105791544,0.00924723815232077,0.7716717696911,1.08731856814073
"low-small","halfcauchy",1,"binary",51,74,2573874,1819063,1,1,1,1,1.00962137506375,1.03442990081931,1.04949789204283,1.00962137506375,0.959752161145849,0.0223497236929975,0.72137733229196,1.21277733289037,0.958694796078311,0.00684065327722615,0.829399561529958,1.09916366064838,0.906241919334999,0.0301827885880162,0.635314882837294,1.20420314411207,0.918899964920647,0.0127412770337044,0.738619372860235,1.10920171630858,0.973551248467826,0.0135288385471208,0.787296518879177,1.16718051870634,0.973407852722141,0.0135272704950485,0.787185025362279,1.16703240540707,0.929666500786339,0.00852486732218552,0.781744178315524,1.08271490399987,0.953252777724162,0.00867927438709275,0.802552388901252,1.10569749891597
"low-small","halfcauchy",1,"binary",51,75,2573874,16693687,1,1,1,1,1.00962137506375,1.03442990081931,1.04949789204283,1.00962137506375,1.1357838106334,0.026580551657453,0.881169225571431,1.41570888992571,1.13173641072095,0.00910883677190691,0.977752782354763,1.29539985199026,1.12614352634709,0.0419079867747977,0.805838770398095,1.47795283622369,1.14521291264834,0.022872744558079,0.915534528388004,1.41095760721368,0.951273649934337,0.0136259012308217,0.761431455203946,1.13768811545871,0.951061345591211,0.0136236008227448,0.761293902692075,1.13729558725866,0.981679042506808,0.0105145961340236,0.814641871315449,1.1558136580543,1.01659966730036,0.0110083385256623,0.845794479880533,1.19426820853759
"low-small","halfcauchy",1,"binary",51,76,2573874,13724799,1,1,1,1,1.00962137506375,1.03442990081931,1.04949789204283,1.00962137506375,1.0210617568481,0.0277459595511727,0.764043508799939,1.29670570697896,1.01695992676764,0.00842986567014091,0.869944452576918,1.17574028644389,1.18030485310093,0.0423593091498761,0.854574825907554,1.54999611419445,1.20110857593524,0.0220269764768815,0.968451179244252,1.45425237304374,0.966899372386981,0.0136163299559273,0.786894679271754,1.16706157777642,0.966815353104002,0.0136156081935989,0.786774468791694,1.16688286626489,1.1120227361093,0.0113798881571821,0.938355604360005,1.29024823593932,1.12584254692024,0.0114898686497194,0.951312580012761,1.30430211889503
"low-small","halfcauchy",1,"binary",51,77,2573874,7954072,1,1,1,1,1.00962137506375,1.03442990081931,1.04949789204283,1.00962137506375,0.981494586084871,0.018312115322223,0.766281652699178,1.21634333756678,0.978684588627296,0.0072073678121524,0.841839734527087,1.12042346453501,1.10188262717584,0.0302222907637606,0.833733602067104,1.40361150246787,1.11297314470753,0.0178196196049198,0.899780825410492,1.33670956398166,0.919020711202804,0.0124346131558129,0.737637883015231,1.10549518034995,0.918947584503954,0.0124341216059593,0.737663926916986,1.10537238601109,1.0154947795113,0.010013478567878,0.852518337804367,1.17777171298946,1.02752293670938,0.0101566358726226,0.863981565745663,1.19189169436948
"low-small","halfcauchy",1,"binary",51,78,2573874,15437804,1,1,1,1,1.00962137506375,1.03442990081931,1.04949789204283,1.00962137506375,1.01873940862095,0.015151624221881,0.828998081642429,1.23579816352155,1.01710495454283,0.00706742288479398,0.882425343434069,1.15637361296175,0.954943910148041,0.0222613434974216,0.723426741587061,1.20532638368933,0.962252970865617,0.0130934773057393,0.775695677630944,1.14702044496633,0.94883675689323,0.0132388659470825,0.760247763703205,1.14098100629302,0.948717170735316,0.0132370342288191,0.7601794397861,1.14078946453942,0.886767458154451,0.00855642109960048,0.735109977178204,1.03608684128174,0.906437443655213,0.00880251182907517,0.752499012562643,1.05518031776055
"low-small","halfcauchy",1,"binary",51,79,2573874,2888095,1,1,1,1,1.00962137506375,1.03442990081931,1.04949789204283,1.00962137506375,0.981508824456982,0.0204041189481643,0.75465689517034,1.22429539347484,0.979980958759595,0.00750531429735623,0.841910780211072,1.12714400627675,0.97340139952735,0.028201135589418,0.699027865391459,1.25491134450645,0.983965223893224,0.0140202067882476,0.794613927200316,1.18145956871075,1.02674302148841,0.0133048719461546,0.837765432466687,1.2163392470925,1.02663454506194,0.0133034880953973,0.837673110194189,1.21626860191067,1.12356717739539,0.0110568150132257,0.948190671150373,1.30086414333199,1.14140979206792,0.0113369309559733,0.963387189552074,1.31767222956083
"low-small","halfcauchy",1,"binary",51,80,2573874,9648072,1,1,1,1,1.00962137506375,1.03442990081931,1.04949789204283,1.00962137506375,1.00297162065272,0.0145045473234564,0.813748285830966,1.21074698312315,1.00178214022367,0.00693680963608185,0.865356032136723,1.14162918072885,0.893163675778002,0.0202842400910423,0.67488026555988,1.14299910354966,0.899091977910068,0.0117919141615634,0.729905611947912,1.08127871183517,0.85968180337637,0.0117838325211444,0.680447386650941,1.0437289923064,0.859599060116456,0.0117824242779669,0.680373925258698,1.04361933464429,0.974701858407695,0.00959681635262742,0.816067065673375,1.13399873808278,0.988311784097849,0.00982563622519097,0.82605932281092,1.14789617048655
"low-small","halfcauchy",1,"binary",51,81,2573874,14852536,1,1,1,1,1.00962137506375,1.03442990081931,1.04949789204283,1.00962137506375,0.957203217275123,0.016503078195893,0.75085372660383,1.17641041186679,0.954684168152338,0.00668403544906514,0.821608724555357,1.09202495622329,0.928780851578695,0.0262134755499696,0.675569394565046,1.21186439376818,0.937093617348483,0.0148564096838541,0.743595092206308,1.14677613190403,0.908805001184225,0.0123522163154199,0.731627672198091,1.09451654989012,0.908684450404329,0.0123510095046967,0.731448956904367,1.09441377051481,0.845603913224583,0.00768574369702143,0.701268927192412,0.994993093910479,0.865432563413042,0.007866563406551,0.719219900098032,1.01617661368605
"low-small","halfcauchy",1,"binary",51,82,2573874,16756710,1,1,1,1,1.00962137506375,1.03442990081931,1.04949789204283,1.00962137506375,1.06376646040164,0.0169400289304817,0.86022936167216,1.277350677625,1.06286216700956,0.00760912281570411,0.92222811409647,1.20809194070211,0.959639819226139,0.0237713935728641,0.715806286050172,1.23198433665218,0.967231013979083,0.0136350790888769,0.779108418039382,1.16185434895054,0.925503983937269,0.0131462945823114,0.734957817694297,1.11560863072556,0.925408279879217,0.0131447630504914,0.734808370781429,1.11546981679389,1.12161016375923,0.0113084738166709,0.952898042455016,1.30085493824096,1.13735193075871,0.0115409693819985,0.964950651284149,1.31929113356027
"low-small","halfcauchy",1,"binary",51,83,2573874,516270,1,1,1,1,1.00962137506375,1.03442990081931,1.04949789204283,1.00962137506375,1.14062992578368,0.024904739444649,0.89628802885217,1.41384096103703,1.1366056638423,0.00947588466879192,0.982173210029069,1.30538811843628,1.08255242451,0.0375226250598312,0.780873934652811,1.41727041877143,1.09855596996292,0.0209591684951975,0.869323131108379,1.35453053248068,0.971744157836998,0.0147961724174061,0.779761634704605,1.18240179780564,0.971500566925073,0.01479298425101,0.77942183784769,1.18208661804189,1.03630800005035,0.0104990669537544,0.869094840361461,1.20344083333333,1.07637475852177,0.0110690405388679,0.903135411590468,1.25001564460962
"low-small","halfcauchy",1,"binary",51,84,2573874,8048864,1,1,1,1,1.00962137506375,1.03442990081931,1.04949789204283,1.00962137506375,1.02366614895655,0.0242131783409338,0.778299728615062,1.28454102717058,1.02125963771947,0.00755470751350285,0.88345939453748,1.16466999410618,1.05005065997114,0.0344674938763489,0.756530808203112,1.37348307843061,1.06509308999519,0.0161687185376128,0.859787124667573,1.2772510172213,0.906574251914474,0.013142935610052,0.719343899075494,1.09896032863019,0.906439122172781,0.0131413132131885,0.719185859407295,1.09881802171358,0.936167878285184,0.00993148577169386,0.778447292014825,1.09849837620774,0.95839453148802,0.0102187410522215,0.797126144352602,1.12518614814493
"low-small","halfcauchy",1,"binary",51,85,2573874,10930969,1,1,1,1,1.00962137506375,1.03442990081931,1.04949789204283,1.00962137506375,0.991812476586312,0.0217166783292079,0.758769214362681,1.24588652154823,0.988354236169558,0.00770674228241813,0.84886571787909,1.13353726902924,1.15610088122293,0.0335592681429007,0.870247111186882,1.46956546812843,1.17002381045086,0.0177562382162111,0.95766278726922,1.39458823051021,0.978412668195759,0.0137293428111817,0.797094727259982,1.17677373822307,0.978308103066773,0.0137278986506452,0.79702355342527,1.17673707277516,0.929119059165528,0.009764065220865,0.762421266319835,1.08653335440021,0.946318328770919,0.00994255098212665,0.777409312065247,1.1033139715598
"low-small","halfcauchy",1,"binary",51,86,2573874,6256374,1,1,1,1,1.00962137506375,1.03442990081931,1.04949789204283,1.00962137506375,0.897180714347993,0.0126085428008132,0.718207183367615,1.08785697426207,0.895016729298633,0.00655940021293995,0.762960834202987,1.03495888685865,0.949258289475749,0.0193556321095239,0.73627981394194,1.18963138475991,0.95533726073069,0.0128742131527035,0.770945503703198,1.14799159387239,0.94988322314982,0.0120763217251963,0.770959960756378,1.1310672121908,0.949815826353479,0.0120749570316629,0.770932246922061,1.13093979114395,0.961020087524908,0.0087905208241498,0.808652806360085,1.11378034348518,0.97210576859322,0.00892819420142692,0.820913346354899,1.12756289630948
"low-small","halfcauchy",1,"binary",51,87,2573874,1714602,1,1,1,1,1.00962137506375,1.03442990081931,1.04949789204283,1.00962137506375,0.984547127211314,0.0207162057681433,0.767714163265432,1.22308544812345,0.981529122577658,0.00770350552622483,0.836614830484272,1.1334712467343,1.18480059528968,0.0328994316370508,0.903096685193602,1.48590203222012,1.19934845647513,0.019026574368659,0.977022383034442,1.42562392132708,0.949824580378335,0.013814574395404,0.76014168672716,1.14524519483907,0.949658008301686,0.0138126088028728,0.759982799852258,1.14514207728309,0.959695375345388,0.00979285440845087,0.797228052241303,1.12749355336524,0.987093783235122,0.010237283235958,0.822120235685059,1.15267969282882
"low-small","halfcauchy",1,"binary",51,88,2573874,1892649,1,1,1,1,1.00962137506375,1.03442990081931,1.04949789204283,1.00962137506375,1.05077739790254,0.0133612724385143,0.872363168357318,1.25691301370501,1.04801967322705,0.00794790158838447,0.907969914096036,1.20576289905544,1.07490503040903,0.023262157464633,0.844127927603915,1.33859273701372,1.08031105034791,0.0179677756063216,0.875719572389783,1.31250599814796,0.794557603162843,0.0116526249914897,0.62102553950142,0.973506650742598,0.794490823303747,0.0116509910034461,0.621018461981081,0.973235800640599,1.04831695916304,0.010119105547264,0.884634114711943,1.20919063174707,1.05930116404978,0.0104518267996603,0.891228917383376,1.22462840555687
"low-small","halfcauchy",1,"binary",51,89,2573874,261096,1,1,1,1,1.00962137506375,1.03442990081931,1.04949789204283,1.00962137506375,1.05770266221517,0.0245975916451303,0.807234343475332,1.32268237770583,1.05631824075371,0.00850899615807184,0.906701827168238,1.21625911257358,1.00139544397117,0.0341164315889896,0.715841722183567,1.33030422373816,1.01525656568305,0.0175691660649448,0.807372949173,1.24942939899031,1.05228299038008,0.0148139775452134,0.858882042779754,1.25458074542883,1.05217893106951,0.0148125479775727,0.858767267684073,1.25435776526381,0.966056497717145,0.0101057387360716,0.801360242005962,1.12574354093283,0.983172568387257,0.0102544858382143,0.81666155669134,1.14436719090637
"low-small","halfcauchy",1,"binary",51,90,2573874,483580,1,1,1,1,1.00962137506375,1.03442990081931,1.04949789204283,1.00962137506375,1.01283883766572,0.0246103464575689,0.770898361490626,1.28317296970086,1.00910689814909,0.00750002061334347,0.865376996112281,1.15865261050665,0.966538211090912,0.0333659180525844,0.688529875007726,1.28373535311411,0.981045760739252,0.0157883536981287,0.781570657740114,1.19065506526724,0.944190405776385,0.0129588720151889,0.755786753666215,1.13072541901061,0.944012066768358,0.0129570904216171,0.755673731972133,1.13055836975114,1.00150418187357,0.0102963194536516,0.837086428770174,1.1753988135196,1.03083805933311,0.0107040967088281,0.8622025366146,1.20415098364779
"low-small","halfcauchy",1,"binary",51,91,2573874,185649,1,1,1,1,1.00962137506375,1.03442990081931,1.04949789204283,1.00962137506375,0.974378232009501,0.013910085192701,0.785748021835486,1.18590243688215,0.973335485602334,0.00654141046319925,0.844379864179898,1.10643345399986,0.976593327460293,0.0206950723655848,0.75087077176687,1.22712223665487,0.982891974334508,0.0125382621457435,0.803070782144275,1.16238087425163,0.890601976085593,0.0118019811889854,0.715505431217372,1.07316359181798,0.890512704567758,0.0118012081681641,0.715476476803248,1.07313609728888,0.860315374588362,0.0082228770566212,0.711135813122063,1.01234789147545,0.874999092938996,0.00835235476545104,0.725899281670644,1.0275862453614
"low-small","halfcauchy",1,"binary",51,92,2573874,1371740,1,1,1,1,1.00962137506375,1.03442990081931,1.04949789204283,1.00962137506375,0.856492671674282,0.0147577398190302,0.665728372849527,1.0614888014532,0.854013613870273,0.0057904074401951,0.734870882640331,0.983543919861599,0.934199237049009,0.0219750790549071,0.70223440338866,1.1913643744452,0.941607107077687,0.0111856534626974,0.772258995962046,1.11803159156112,0.867354341708971,0.0109005594681151,0.698780273742712,1.03861196592455,0.867184561700931,0.0108988851501489,0.698583429318949,1.03851161192055,0.84250670418678,0.0074284239745488,0.699422580145321,0.984193916726649,0.870432764817143,0.00767574779066524,0.727123848845836,1.01516398106712
"low-small","halfcauchy",1,"binary",51,93,2573874,4169529,1,1,1,1,1.00962137506375,1.03442990081931,1.04949789204283,1.00962137506375,1.1576224605276,0.0294967805581891,0.890335976241708,1.44201068175026,1.15510533465809,0.0105659452655404,0.991204095851375,1.32979642661504,1.24950940915418,0.0444738463408375,0.926910000541794,1.61473126352926,1.27164364583846,0.024227097441212,1.02587509667126,1.54625048178602,1.21353331645676,0.0178584594317277,1.00142030209881,1.44105278596469,1.21345750358867,0.0178573837149487,1.00134760650486,1.44102385501642,1.25155377433355,0.0141812637800539,1.05554956289427,1.44888816268114,1.26402376285168,0.0143428122171373,1.06493936949578,1.46333827854481
"low-small","halfcauchy",1,"binary",51,94,2573874,1713594,1,1,1,1,1.00962137506375,1.03442990081931,1.04949789204283,1.00962137506375,1.12261662733936,0.0300598423958236,0.850827452245765,1.41675277302544,1.11833672584668,0.00971412313820425,0.960719807571916,1.28191032638814,1.15425400260977,0.043254534194008,0.840058966481992,1.52283351649692,1.1753392686938,0.0223577831508561,0.946565313994977,1.43872351530491,1.240400298754,0.0183415119624486,1.0274804674119,1.46866371606795,1.24018306805394,0.0183377657930973,1.02729951429917,1.46846118552056,0.945701567316633,0.0106974095461891,0.778178031549682,1.11945207014992,0.981432498011883,0.0111308145538947,0.807224896595324,1.15873184858196
"low-small","halfcauchy",1,"binary",51,95,2573874,16270250,1,1,1,1,1.00962137506375,1.03442990081931,1.04949789204283,1.00962137506375,1.07243432273229,0.0193842911996318,0.854828179521835,1.31640443131723,1.06991631107063,0.00775506024339568,0.922954986595426,1.21654173181732,1.01192253449859,0.0277059820792199,0.748785234825894,1.29466820300852,1.02213210252565,0.0147758854963804,0.831430697628055,1.22290856167748,0.867302884873395,0.0134617060058459,0.685519587559355,1.06341421545333,0.867225874873762,0.0134603147931085,0.685443875376784,1.06345251277495,0.986995476644631,0.0105759565077562,0.819638393549112,1.15503103099126,0.99966237390613,0.010733256995927,0.828860264607697,1.17178597657448
"low-small","halfcauchy",1,"binary",51,96,2573874,3992210,1,1,1,1,1.00962137506375,1.03442990081931,1.04949789204283,1.00962137506375,1.02469227998095,0.0243425038052803,0.778981915545215,1.28226552036691,1.0229692055428,0.00734151927115394,0.883744791892425,1.17003910670921,0.93548479558178,0.0328698472267702,0.652172582003617,1.2388170888734,0.949065174881048,0.0142800640693567,0.75738355071544,1.14792867434382,0.907267684843437,0.0122889935358219,0.730092602295894,1.09581617138571,0.907124201623163,0.0122873120476803,0.730027573960885,1.09562820653607,0.99027380717552,0.0100777482474166,0.829144267930005,1.15469954705295,1.013874472266,0.0103669162212787,0.845921105946384,1.18559555308531
"low-small","halfcauchy",1,"binary",51,97,2573874,14208999,1,1,1,1,1.00962137506375,1.03442990081931,1.04949789204283,1.00962137506375,1.08139307271673,0.0182783156454223,0.865542654168982,1.31221647993918,1.07997180411338,0.0077143459390362,0.935405793850974,1.22892011319086,0.915613282136305,0.0249386341780494,0.665282459306946,1.19631602774918,0.924728190336875,0.0139228447410347,0.736718075744488,1.12323769022819,1.04928849373746,0.0151549601629685,0.851567512640167,1.25698008971882,1.04918623762494,0.0151537019343777,0.851484065450172,1.25694151632445,0.984199181781721,0.00947485930831701,0.826181205904221,1.14559037074775,1.00101865558929,0.00960621719044075,0.840964141112574,1.1660187886799
"low-small","halfcauchy",1,"binary",51,98,2573874,3199826,1,1,1,1,1.00962137506375,1.03442990081931,1.04949789204283,1.00962137506375,1.1008415384885,0.0279719417649245,0.838842344769045,1.38562243838604,1.09822426926896,0.00945054266025826,0.94491663608614,1.26216729592565,0.99256953772105,0.0365726249073925,0.699654794878026,1.32144077632492,1.00879610699848,0.0173038943789672,0.793877126661601,1.22737511591141,1.18133902949969,0.0170443543490784,0.977313465569011,1.40256613288588,1.18114669581113,0.0170413966845239,0.97703815772833,1.40237673143767,1.15213041492658,0.0131360492487711,0.965230194779684,1.34447760047097,1.18376619059967,0.0135940150095101,0.994568624587222,1.38604934156015
"low-small","halfcauchy",1,"binary",51,99,2573874,16510942,1,1,1,1,1.00962137506375,1.03442990081931,1.04949789204283,1.00962137506375,1.0080247195434,0.017719320354189,0.798569602476489,1.23346796353796,1.00598948444653,0.00692005455702097,0.871559518699944,1.14550315706162,0.918528565453974,0.0255231506063271,0.66775337072294,1.17846246261685,0.927124694034878,0.0135681009994823,0.741686794656169,1.12343501452095,0.939291722739138,0.0132553768215071,0.758000347693801,1.12902118153334,0.939178210812953,0.0132541272013548,0.757867429329823,1.12889557096539,0.842540774759018,0.00805109061750099,0.692161130858729,0.986286804592819,0.861211647552005,0.00822268633463257,0.710521480570846,1.00929064364022
"low-small","halfcauchy",1,"binary",51,100,2573874,2152672,1,1,1,1,1.00962137506375,1.03442990081931,1.04949789204283,1.00962137506375,1.14494538585055,0.0260315050735515,0.892051226181567,1.41845955214936,1.14230198792892,0.00938064075048257,0.986349064803667,1.30824761375772,1.03080443952625,0.0359957592075094,0.734677428822084,1.35556252877318,1.04687069502623,0.0180271923231965,0.829961816263425,1.27928658018679,1.01817609981869,0.0151586075242123,0.820062844075978,1.22786666581887,1.01802106505485,0.015156568869662,0.819937111413294,1.22776127016546,1.09522328947301,0.0117020632231893,0.914056049526136,1.27086926875469,1.12072399632791,0.0120881512630302,0.941812378230514,1.29845589615324
"low-small","halfcauchy",1,"binary",51,101,2573874,6000710,1,1,1,1,1.00962137506375,1.03442990081931,1.04949789204283,1.00962137506375,0.892808242512648,0.0145148950505253,0.699891539023854,1.10168903115552,0.890936294257288,0.00610292548530706,0.768498908252647,1.02138915247391,1.02020262235145,0.02287109946935,0.782632397213629,1.27738417762331,1.02776821417731,0.013343086203307,0.842459623797182,1.22770124571426,0.886405957895896,0.0112947230441091,0.709751830851017,1.05851419443567,0.886321667709502,0.0112938870906145,0.709710880738129,1.05837079517619,0.817987344380513,0.00749446834917838,0.671021322343862,0.957851311383034,0.831851714414116,0.00756613562043867,0.682210997047558,0.971598695105745
"low-small","halfcauchy",1,"binary",51,102,2573874,16718854,1,1,1,1,1.00962137506375,1.03442990081931,1.04949789204283,1.00962137506375,0.875342954597258,0.0115572646276427,0.710206477341509,1.06517885846501,0.873453799469847,0.00624096383099632,0.750682270179154,1.00385294709792,0.942838387513593,0.0178989151401555,0.738404215520908,1.17724041551027,0.946994246044573,0.0123630529088326,0.768089751478355,1.13344488433417,0.828726296075556,0.0108741986793472,0.66248356030976,1.00316717297883,0.828669103434967,0.0108728171546407,0.662465376128056,1.00307051433116,0.91613300019544,0.00849976187461557,0.764161271058197,1.06757273627408,0.925540262965286,0.00879471419679648,0.771044124677546,1.07839786011952
"low-small","halfcauchy",1,"binary",51,103,2573874,15698246,1,1,1,1,1.00962137506375,1.03442990081931,1.04949789204283,1.00962137506375,0.968543977246413,0.0211195752093245,0.733390194618977,1.21417938985674,0.965116440219054,0.00689635658725017,0.83286946052931,1.10606528668763,0.954020056523772,0.0299595790186367,0.681285464479083,1.24731232245905,0.96611136109868,0.0144244728468462,0.778923666530605,1.16999636359753,0.86688367095119,0.0119804225366439,0.689242457101331,1.04499564578102,0.866714289686599,0.0119784908627905,0.689168285972425,1.0447896378604,0.969249641358636,0.00941424680976159,0.811132886221476,1.12937741564715,0.997110115151862,0.00979977106702007,0.834493679673425,1.1553550427848
"low-small","halfcauchy",1,"binary",51,104,2573874,5975229,1,1,1,1,1.00962137506375,1.03442990081931,1.04949789204283,1.00962137506375,0.971770710998632,0.0137598239641495,0.788990213295516,1.17032787678203,0.97024851962317,0.00653086884403558,0.841870099180859,1.10523004119507,0.959395089578993,0.022115493241204,0.733780373318359,1.21795659653178,0.965543788253292,0.0134934233995166,0.781083172388273,1.16555781498495,0.761011062154966,0.0103836442281835,0.593735170593409,0.930091224128194,0.760918594815097,0.0103825035888136,0.593692098149052,0.929938467030654,0.833793979324955,0.00778489102597222,0.691258379493239,0.985434289432852,0.849003358623036,0.0079620738154972,0.702376158568247,1.00013615190585
"low-small","halfcauchy",1,"binary",51,105,2573874,9342907,1,1,1,1,1.00962137506375,1.03442990081931,1.04949789204283,1.00962137506375,1.04610598258633,0.0199102305181409,0.827421555189576,1.28552314048134,1.04330972200586,0.00896580269857215,0.892155214977914,1.20610816331499,1.14809577738531,0.0309147018024116,0.880924129177294,1.44377155211497,1.15933388568545,0.0184695730021022,0.946841575287996,1.39290346423357,1.09764962996945,0.015368680577921,0.900549603259683,1.30678483359971,1.09745679683666,0.0153656243926603,0.900374005263339,1.30652493776654,1.0658990990284,0.0107173002496509,0.894914665512228,1.23611504676098,1.09761702518463,0.0113232152398697,0.919946521570466,1.27069788623274
"low-small","halfcauchy",1,"binary",51,106,2573874,13034978,1,1,1,1,1.00962137506375,1.03442990081931,1.04949789204283,1.00962137506375,1.21207250583173,0.0296390785541384,0.942360575180195,1.50157918227944,1.2102282626062,0.0102883553654955,1.04546026793885,1.38253351344975,1.01483923855864,0.0367097336199023,0.710167728180557,1.34728770080704,1.03276328947833,0.0154028997571662,0.82672205352566,1.24292687265761,0.996998429188313,0.014960904416075,0.801562024862698,1.20368622641739,0.996888607522605,0.0149595064621421,0.801509731006863,1.20352424817225,1.19810404090518,0.0139500858743795,1.00246902987666,1.39505314027535,1.21616792563745,0.0142440469067489,1.01957365886808,1.41584865305292
"low-small","halfcauchy",1,"binary",51,107,2573874,232262,1,1,1,1,1.00962137506375,1.03442990081931,1.04949789204283,1.00962137506375,1.15505041672084,0.0200691217410068,0.930775866045973,1.39405637394415,1.15339271544771,0.0085221192642786,1.00647544703064,1.30558235594709,0.983799801385295,0.0305625631443688,0.711800057810293,1.27719474733293,0.994811786164429,0.0175312443049538,0.77873811028193,1.22163516259706,1.00764669447783,0.014767522202649,0.812279316578115,1.2105056870523,1.00755605497413,0.0147663951046468,0.812138765129784,1.21055033665433,0.855607309535868,0.00927552017105778,0.701110327212211,1.02016618973464,0.870516039397487,0.00943435873769493,0.71571730870759,1.03477095352001
"low-small","halfcauchy",1,"binary",51,108,2573874,2779422,1,1,1,1,1.00962137506375,1.03442990081931,1.04949789204283,1.00962137506375,1.09952261253459,0.0174968727057882,0.891322012200633,1.3266974859,1.09738547130172,0.00815540607952102,0.949799089877711,1.24683405071487,1.06775541097058,0.0290841856549002,0.796623702254916,1.35979819750235,1.07748215042646,0.0183718130779735,0.856752899567049,1.30064080395467,0.991059484425269,0.0139702904694531,0.797545328955571,1.18503760346388,0.990962253367082,0.0139683143400679,0.797401534347216,1.18494435226492,0.917523223263154,0.00934339960435627,0.759452567010868,1.07522431259946,0.933516157045173,0.0096486892412009,0.776626952644276,1.09496751560434
"low-small","halfcauchy",1,"binary",51,109,2573874,8020760,1,1,1,1,1.00962137506375,1.03442990081931,1.04949789204283,1.00962137506375,1.06521167462613,0.0263487466256117,0.814186260578662,1.34354677506528,1.06183682314477,0.00839484224519366,0.917221322943503,1.21370561678036,1.09680534925399,0.0396075950951174,0.780847436872765,1.44214050713667,1.11501355184586,0.0194864597112487,0.894518587569287,1.35441552192026,0.972827195817897,0.0137495576654812,0.780478165768669,1.16914348640587,0.972678445761294,0.0137479690643853,0.780389182503848,1.16904630536832,1.08601919230285,0.0109979434553948,0.910826490812667,1.25839145586961,1.11048616663867,0.0113018476568896,0.93327505659585,1.28433388313083
"low-small","halfcauchy",1,"binary",51,110,2573874,11898838,1,1,1,1,1.00962137506375,1.03442990081931,1.04949789204283,1.00962137506375,1.02827557973005,0.0204140833754302,0.804305897171604,1.26652083407713,1.02610396873259,0.00800246639321428,0.883685598572445,1.17543190909723,1.07601841384004,0.0310954577211599,0.805088820523809,1.38226883427688,1.08749191195171,0.0169783422479633,0.876684540134405,1.30836418254393,1.01194377638962,0.0145858612778757,0.817333230199774,1.21390163135726,1.01181205524616,0.0145838440475822,0.817216080304029,1.21368736989651,1.01136641254682,0.0106184743450781,0.838121844146268,1.18622979648097,1.03303240656556,0.0109908060451207,0.861234865450686,1.21384938237232
"low-small","halfcauchy",1,"binary",51,111,2573874,3329813,1,1,1,1,1.00962137506375,1.03442990081931,1.04949789204283,1.00962137506375,1.05067502177021,0.0200598957221095,0.837382415511004,1.28242826844994,1.04824422086273,0.00833727160220094,0.903402640832145,1.20101565896841,1.15294186154645,0.0308973915301041,0.88190160869573,1.46083912540022,1.16553331135087,0.0186478460737074,0.946077773356842,1.39614840589305,1.25153218552339,0.0183761290707442,1.03900038584585,1.47720193907417,1.25141428072101,0.0183736655131872,1.03885754075939,1.47710719900957,1.07098701875334,0.0115209388565914,0.894528764442242,1.24822643067148,1.0903804485087,0.0118249538525976,0.91247655630425,1.27132626908646
"low-small","halfcauchy",1,"binary",51,112,2573874,14107697,1,1,1,1,1.00962137506375,1.03442990081931,1.04949789204283,1.00962137506375,1.06108372800747,0.023633381352354,0.823670466472222,1.32076157111512,1.05789326960712,0.00861534378512805,0.913162632090815,1.21816566181114,1.06461155702324,0.0372571895126335,0.77449504933878,1.40254897481987,1.07897382629495,0.0208841083294263,0.85418401370639,1.32839449524244,0.974126735600325,0.0130943667416851,0.786799674002821,1.16423670548584,0.973884741156037,0.0130914372203996,0.786546000613633,1.16382812760482,0.86829230832111,0.0088555854279147,0.708585745149238,1.02432988304789,0.908096473731537,0.00937120811925961,0.74485364962953,1.07181673853826
"low-small","halfcauchy",1,"binary",51,113,2573874,13602753,1,1,1,1,1.00962137506375,1.03442990081931,1.04949789204283,1.00962137506375,0.890662267259837,0.0109320051929385,0.723492906343684,1.0615045282036,0.889663965256936,0.00563997891004189,0.768876555495651,1.01472662488544,0.854068717302929,0.0162154634663588,0.649897544513734,1.07107872153832,0.858342872277453,0.0103499936475663,0.696102877249454,1.02557071666244,0.812953479405502,0.0102243654001481,0.646020009899989,0.982613369954925,0.81290352893143,0.0102236653554945,0.645929105103173,0.982644386759096,0.932939406378859,0.0084467652448605,0.78494118140161,1.08637764801288,0.94115545009069,0.00853600203740048,0.793608134431014,1.09833746565648
"low-small","halfcauchy",1,"binary",51,114,2573874,819039,1,1,1,1,1.00962137506375,1.03442990081931,1.04949789204283,1.00962137506375,0.983564523314204,0.013623906198646,0.798900329015192,1.17878340358895,0.981411162813445,0.00687942871092735,0.849126278477495,1.12178453975752,1.02765105044419,0.0236026898953714,0.792248332094856,1.29146477523511,1.03467548372309,0.0152006455364398,0.83962119925242,1.24035637386774,0.982273596481302,0.0133725788549079,0.791930829369895,1.17167212617287,0.982199409238134,0.0133711544141674,0.791876320333308,1.17160957654993,0.916657189586213,0.00902507860911914,0.757470240080828,1.07079469810379,0.928859789141959,0.00922609446767166,0.771446029912399,1.08746146770851
"low-small","halfcauchy",1,"binary",51,115,2573874,6146663,1,1,1,1,1.00962137506375,1.03442990081931,1.04949789204283,1.00962137506375,0.877736226726278,0.0167798169840837,0.678251366162898,1.09277950854158,0.876375948571595,0.00666685907085823,0.743919103131488,1.01142143705003,0.9023533174908,0.0234862598153232,0.66352360213087,1.16913249887209,0.91016015300172,0.0121029336956479,0.732103255828954,1.09528273282465,1.12959556789219,0.0141489690603744,0.942778261490639,1.33244352195408,1.12952269074741,0.0141482663057193,0.942735476062097,1.3323593416213,0.988946048713031,0.00978594967704139,0.832155386930979,1.14974144107665,1.00093315830934,0.00984331494736336,0.843808120663609,1.1618136058683
"low-small","halfcauchy",1,"binary",51,116,2573874,10309468,1,1,1,1,1.00962137506375,1.03442990081931,1.04949789204283,1.00962137506375,1.06765471040645,0.0245057758774527,0.823031673986496,1.33607209322444,1.06444856820672,0.00826103371630975,0.923259055480775,1.21889914133552,1.10716503826349,0.0371703693457991,0.805756272487343,1.43795193303237,1.12292038097507,0.0190065452760578,0.905779032377331,1.35430129913234,1.10743000827828,0.0162183135347627,0.90382950177324,1.3285329879225,1.10723446691729,0.0162147591645098,0.903450139868406,1.3281809816569,1.05103605859784,0.0111976967804812,0.876674022068698,1.22951544265467,1.08319944441658,0.0118276491575832,0.902884882701873,1.26375973525388
"low-small","halfcauchy",1,"binary",51,117,2573874,1982561,1,1,1,1,1.00962137506375,1.03442990081931,1.04949789204283,1.00962137506375,0.995347743280555,0.0204999705336479,0.770687950950684,1.23673598201962,0.992405029942901,0.00793509159480171,0.851071996885719,1.14388654497546,1.03933010263312,0.0304160525055445,0.770816807846264,1.33305751766123,1.05122727100267,0.0166127641242338,0.850756050086794,1.26469072929125,1.0400883923215,0.0142118741553299,0.844634376816387,1.23212289176803,1.03992493544128,0.0142095002883316,0.844436124532077,1.23191707631364,1.02773927042478,0.0102190979933692,0.863641550482014,1.18758587272637,1.05462527897311,0.0105844939772488,0.889713039631635,1.22251486539359
"low-small","halfcauchy",1,"binary",51,118,2573874,2935790,1,1,1,1,1.00962137506375,1.03442990081931,1.04949789204283,1.00962137506375,1.0338222108014,0.0203330016252349,0.807688989501147,1.27970725199471,1.03135119186456,0.0081442248819522,0.885847422718836,1.18553914425315,1.09284925705586,0.0303533761506578,0.819202084671194,1.39016676730889,1.10499093741688,0.0164839129568854,0.901916604383189,1.31510256848887,0.986154071109343,0.0141265283651841,0.795482255168383,1.19000746707255,0.985982640046878,0.0141235101979995,0.795315609853544,1.18981280171934,1.08480508548385,0.011496609983107,0.909642031027935,1.26575143082187,1.11300271781761,0.0120196380724833,0.933369818584375,1.29364643512897
"low-small","halfcauchy",1,"binary",51,119,2573874,9472558,1,1,1,1,1.00962137506375,1.03442990081931,1.04949789204283,1.00962137506375,1.06942562644359,0.0229172061722094,0.829702769915328,1.32789900883956,1.06676490354657,0.00813229876927314,0.92126033940432,1.22367892745252,0.867114960226866,0.030118598734003,0.595216774814463,1.15795332786051,0.878796063175755,0.0133624457246879,0.695629974253546,1.06292865739772,1.11864165146774,0.0151300385341543,0.911960325143592,1.31805281746154,1.11844587337124,0.0151267468889567,0.91176877334358,1.31778866088559,1.05357506290429,0.0109680108819947,0.876496612890483,1.2252175479949,1.08577738787719,0.01140201379752,0.904993339084306,1.26257138534114
"low-small","halfcauchy",1,"binary",51,120,2573874,4471529,1,1,1,1,1.00962137506375,1.03442990081931,1.04949789204283,1.00962137506375,1.05695380198953,0.0246770979409467,0.808607142608055,1.32412275081153,1.05335642525612,0.00824556139070817,0.907208916383193,1.21086411734939,1.03428951635662,0.0365454866940169,0.738549995934562,1.37538648482513,1.05062704928854,0.0196070622438276,0.830203567026121,1.29648911248692,1.02922464040081,0.0146243822650607,0.836006405480787,1.22960020235524,1.02898103359722,0.0146219825318362,0.835863426605527,1.22946492373445,1.01138458917072,0.010390098228816,0.845635380472445,1.18241858606172,1.05145396156309,0.010887074576627,0.881114651108911,1.22360941468394
"low-small","halfcauchy",1,"binary",51,121,2573874,7698684,1,1,1,1,1.00962137506375,1.03442990081931,1.04949789204283,1.00962137506375,0.950527186131726,0.0193917014145025,0.731335959829811,1.18885505153937,0.948186276899442,0.00696588630770632,0.81117966418257,1.0873486370407,1.00686139435287,0.0279886300718894,0.747410395257337,1.29001265142296,1.01738895720761,0.0144545728485007,0.823756247620356,1.21472124102943,1.04673347345858,0.0141989201131085,0.850294919498242,1.23921293521128,1.04659565880042,0.0141970001338805,0.85010273233304,1.2390414057056,0.952924804672978,0.00926704493655129,0.79680688803755,1.11027821134095,0.975593083134291,0.00950559817556555,0.813728855815727,1.13459431481227
"low-small","halfcauchy",1,"binary",51,122,2573874,5330115,1,1,1,1,1.00962137506375,1.03442990081931,1.04949789204283,1.00962137506375,1.18008073674546,0.0210453908113496,0.957597145659049,1.42126391666554,1.17839243478213,0.00925282650216831,1.02547312397579,1.34327573303217,0.899091361097304,0.0257252992065585,0.641900316558496,1.1783334138814,0.907450793625628,0.0136138206417039,0.724211545428567,1.10059769903877,1.05840173685134,0.0159051745900125,0.85382918137305,1.27741411956775,1.05830197205109,0.015903387020452,0.853815876527325,1.27740089536725,1.15812920332875,0.0127941817550174,0.975340514072087,1.34508067819795,1.17453889662975,0.0131207326902198,0.987048568793573,1.3645379197192
"low-small","halfcauchy",1,"binary",51,123,2573874,2514612,1,1,1,1,1.00962137506375,1.03442990081931,1.04949789204283,1.00962137506375,1.05206098116439,0.0222469600749913,0.814235492937359,1.29884542369565,1.05110752864344,0.00865621146996279,0.904364483388005,1.20968831418619,1.07565822814773,0.0317509766623301,0.798461606751084,1.39523262629482,1.0879778467548,0.0158683943428689,0.882031537023339,1.30020719429842,1.20653313543406,0.0178610995611024,0.995577745533024,1.43012213795687,1.20644359604967,0.0178595443941974,0.995576627628037,1.42998710575742,1.27805086316157,0.0152092791055793,1.08156311948081,1.48723575246284,1.29277864122039,0.0154336448422307,1.08992823197364,1.50002038208453
"low-small","halfcauchy",1,"binary",51,124,2573874,10533764,1,1,1,1,1.00962137506375,1.03442990081931,1.04949789204283,1.00962137506375,1.03393145078918,0.0164406150494981,0.83184549188487,1.2487346815887,1.03188645680525,0.007453855435629,0.892490940986407,1.18367204974461,1.0255007440545,0.0248924860753582,0.781412689108229,1.29929498117999,1.03288021890171,0.0144692833811366,0.844506175750102,1.23390425036074,1.04699286881408,0.0137261689501773,0.858873623328709,1.23758682208435,1.04686798222156,0.0137236462996677,0.858771713966197,1.23745063787855,0.992681752656437,0.00994960279802921,0.827488243960721,1.1555200936336,1.01322357377545,0.0103124082877753,0.845549863204531,1.17926861098993
"low-small","halfcauchy",1,"binary",51,125,2573874,6472725,1,1,1,1,1.00962137506375,1.03442990081931,1.04949789204283,1.00962137506375,0.979137623187282,0.0189645215457025,0.756994004554259,1.20966317063586,0.977388253284209,0.00769229250465135,0.838480583841423,1.126248414103,1.10437099374722,0.0291683573587976,0.839980738705271,1.39557697820219,1.11475644467173,0.0161472181831114,0.912842438348497,1.3326698571002,1.04246784491289,0.0143629376114807,0.847598429548668,1.24619618466417,1.04236202956698,0.0143611681293057,0.847543434965119,1.24599157843005,1.16287379410928,0.0122550873219289,0.979627257468677,1.34623488799415,1.18027870414293,0.0125996206991168,0.994878984930999,1.36723182214454
"low-small","halfcauchy",1,"binary",51,126,2573874,6012180,1,1,1,1,1.00962137506375,1.03442990081931,1.04949789204283,1.00962137506375,1.04496807645181,0.014657484902854,0.853980421024914,1.25381823741488,1.04393455891082,0.00720764780631664,0.901444658079696,1.18510734630921,0.964958940998091,0.0217747731489231,0.727485857121469,1.22170706900735,0.971673865878413,0.0142233836370734,0.779280488028276,1.17152748219854,0.830103870654398,0.0116410633509748,0.654380902076418,1.00878510916831,0.830051887866319,0.0116403705453433,0.654268825960298,1.00865918959602,1.09888210717379,0.0106496283302589,0.931098213417295,1.2656238326441,1.10743243361307,0.010841803843974,0.938813523308866,1.27613712902856
"low-small","halfcauchy",1,"binary",51,127,2573874,16213418,1,1,1,1,1.00962137506375,1.03442990081931,1.04949789204283,1.00962137506375,0.925700354541332,0.0243624459885503,0.676875318427483,1.18396906250409,0.923207470850443,0.00639006395769964,0.792510291261193,1.05480598475988,0.886983317450019,0.0336927059484909,0.603149272204195,1.19387929108707,0.901330028235288,0.0138056546518286,0.716474368063849,1.09823447969327,0.959001216812987,0.0129875751085221,0.770242918531387,1.14474277631842,0.958836463397022,0.0129860077094694,0.770063530704791,1.14453673881824,0.814556559465646,0.00763111702490943,0.667020901608902,0.961989032921523,0.841655827137924,0.00779967806714068,0.694458291999532,0.98889316998222
"low-small","halfcauchy",1,"binary",51,128,2573874,1591343,1,1,1,1,1.00962137506375,1.03442990081931,1.04949789204283,1.00962137506375,0.996683066274562,0.0166381668487154,0.800091548775085,1.21670377874967,0.995640735733319,0.00725393946577494,0.860451516927519,1.14038603917013,0.999844299025208,0.0243145334269475,0.751362264650909,1.26265911244094,1.0077519356171,0.0131563793461255,0.823494189016671,1.20290352066628,0.935096632099542,0.0141922281464864,0.740915336687177,1.12739243657158,0.935076088112028,0.0141921714037255,0.740934078702714,1.12742652299568,0.988973200431128,0.00965536732706882,0.826224777130781,1.14904336584198,0.992352353533493,0.00966272786567734,0.831801859499109,1.15232891330074
"low-small","halfcauchy",1,"binary",51,129,2573874,1727525,1,1,1,1,1.00962137506375,1.03442990081931,1.04949789204283,1.00962137506375,0.953782625829316,0.0227206766895295,0.715329465921808,1.20813605950961,0.950870002547068,0.0066135667313235,0.821043333906764,1.08976217544619,0.932448433552521,0.0304802520506031,0.657237407948643,1.23309780696972,0.945413092518842,0.0130589329750844,0.763235560261178,1.13250348150043,0.952354375566443,0.0125088783631396,0.770343772195889,1.13872464446502,0.952196918432563,0.0125073579262704,0.770319267262444,1.13859018245062,0.935620575305614,0.00913132587492045,0.778915998296578,1.09657825603662,0.961519722785702,0.00941097842651136,0.801390898635487,1.12288480503722
"low-small","halfcauchy",1,"binary",51,130,2573874,1791964,1,1,1,1,1.00962137506375,1.03442990081931,1.04949789204283,1.00962137506375,0.982511017519762,0.0171648385957469,0.776705526193493,1.21301156760603,0.980450626226338,0.00684203639380617,0.847501326032722,1.12062793158698,0.983469125802309,0.0257742991319704,0.738880125724751,1.2559022415212,0.992542439880493,0.0143816170764424,0.797448630229848,1.1923571822567,0.917669924237087,0.0123861950850399,0.729083420984738,1.10783864682157,0.917522899828774,0.0123840458423667,0.729001419065974,1.10773648236315,0.936215344026377,0.00888140913047496,0.780721027251295,1.09554637061512,0.96039847717664,0.00916974353094768,0.801748072604165,1.1212770954219
"low-small","halfcauchy",1,"binary",51,131,2573874,1674227,1,1,1,1,1.00962137506375,1.03442990081931,1.04949789204283,1.00962137506375,1.08342580639815,0.0239123160443481,0.837519056291682,1.34206835137041,1.08087844651898,0.00833547413933596,0.93139315897719,1.2332923883066,1.02017042825873,0.0362656260356437,0.724460661836041,1.35693501757766,1.03418579454473,0.01925112535335,0.813931574723407,1.27351682798786,0.839396060463001,0.0123120156153096,0.659967897398379,1.02614484205303,0.839261349160712,0.0123106713793988,0.659850956215719,1.02610795967544,1.00398449337883,0.0101417549157012,0.836798568375594,1.16802081847115,1.02614232007911,0.0104263869058002,0.856118368840352,1.19466108611457
"low-small","halfcauchy",1,"binary",51,132,2573874,15613399,1,1,1,1,1.00962137506375,1.03442990081931,1.04949789204283,1.00962137506375,0.892398934449326,0.0168661362522945,0.689248890900818,1.12279305403544,0.889770827941832,0.00671090896393304,0.755804922608603,1.02369589916614,1.07969015209865,0.0263494518507632,0.825090291435932,1.36496179042639,1.09021304362525,0.0151496552805041,0.891572875558473,1.29506829340999,1.00400714160165,0.0125636785015983,0.819323054142445,1.18966151659667,1.00386562718494,0.0125619155121639,0.819214535506251,1.18958566114259,0.991115212387016,0.00913987319203444,0.834064541150108,1.14567303004129,1.01439204118828,0.00949344685714311,0.852507091644512,1.17586488397989
"low-small","halfcauchy",1,"binary",51,133,2573874,9971200,1,1,1,1,1.00962137506375,1.03442990081931,1.04949789204283,1.00962137506375,0.966373541542926,0.0146387248793272,0.774283315707322,1.17409932264787,0.964649236677817,0.006780547748695,0.829610526183935,1.09933613296881,0.848917967125371,0.0204816345455918,0.623987849470226,1.08786329790513,0.85495282657931,0.0115621024927678,0.680190365466108,1.02898806452388,1.0132529596127,0.0136184831807665,0.825211458679994,1.20318933737449,1.01317685437316,0.0136167877022909,0.825066393663259,1.20308395817039,0.933922809279991,0.00852889034672609,0.783213292735561,1.09106517853414,0.946440888164742,0.00871338142779964,0.793498760483978,1.10398711877859
"low-small","halfcauchy",1,"binary",51,134,2573874,8953589,1,1,1,1,1.00962137506375,1.03442990081931,1.04949789204283,1.00962137506375,1.15320236664702,0.0252907375388103,0.907777758574965,1.43290965927572,1.14973975520409,0.00911067477358276,0.996410584513865,1.31161709971305,1.05530016077177,0.0364285800558854,0.754879537898022,1.38500471710063,1.07030424860666,0.0185643199729376,0.850027916491466,1.29783617303802,1.01321377186257,0.0152738153502651,0.808660642796247,1.21655718564694,1.01304703624534,0.0152718129003226,0.808544775788642,1.21636512989661,0.994959383188862,0.0103637645432879,0.82464517147111,1.16631315495389,1.02238469085556,0.010658999595677,0.852744464351784,1.1915559739949
"low-small","halfcauchy",1,"binary",51,135,2573874,8883570,1,1,1,1,1.00962137506375,1.03442990081931,1.04949789204283,1.00962137506375,0.99570492678022,0.0214412599223441,0.761431477747671,1.24364250671157,0.993940001512062,0.00694207483569686,0.860757127141768,1.13727397974662,1.02429073550408,0.0316656099472474,0.744288347782168,1.32905632000702,1.03736389429753,0.0151698345669191,0.839326738379879,1.24739049962981,0.805585175935218,0.0117795820390512,0.631913160450262,0.987644171133724,0.805416759540631,0.0117780222295187,0.631794729015646,0.987464689789037,0.978649097017177,0.00956791684469944,0.817852575987014,1.14388841995475,1.00635086532713,0.00984070518208772,0.84330672358176,1.17572291335942
"low-small","halfcauchy",1,"binary",51,136,2573874,342104,1,1,1,1,1.00962137506375,1.03442990081931,1.04949789204283,1.00962137506375,1.09566013337689,0.0246689928264864,0.848191948093343,1.36119821619397,1.09465014310364,0.00787215449262614,0.947701589213628,1.24406768063894,0.824181792710979,0.0315826742428728,0.547853887360165,1.12251262873232,0.836051226443205,0.0120777104535426,0.658597190229115,1.01845281826886,1.06031543511391,0.0154595167771171,0.860271575860621,1.26545323736983,1.06018943297266,0.0154579240368079,0.860144941807826,1.26520581540383,1.02285808100814,0.0104078167859418,0.848389580786506,1.19125642152598,1.04358339181937,0.010679610356325,0.865958526577191,1.21869880013707
"low-small","halfcauchy",1,"binary",51,137,2573874,6009195,1,1,1,1,1.00962137506375,1.03442990081931,1.04949789204283,1.00962137506375,0.875164978712285,0.0176147567940513,0.673501861122791,1.09776211155945,0.873203541803546,0.00605688383261209,0.748192420505055,1.00386659912841,0.891123875756407,0.0255909527561236,0.636128484370878,1.1575921662712,0.900002137227913,0.0116014719359762,0.726757041169082,1.0816493533722,0.890384028602755,0.0113227177081646,0.721976677571438,1.07002224368685,0.890207502036034,0.0113212181156002,0.721720643705855,1.06984049772406,0.90958807742089,0.00811098142198481,0.762796496653658,1.05386938094612,0.9386238376498,0.0083262434783353,0.791698644972211,1.08550521407307
"low-small","halfcauchy",1,"binary",51,138,2573874,6439483,1,1,1,1,1.00962137506375,1.03442990081931,1.04949789204283,1.00962137506375,0.963747553955985,0.0174089744902627,0.757675448771576,1.19236237915731,0.96276570223477,0.00645096015564299,0.836789844259535,1.09911724437954,0.895803775407843,0.0241661796426063,0.653449144791327,1.15864416022788,0.904377944696145,0.0115872615941222,0.728592958672492,1.08622707613607,0.807280764809187,0.01096743497461,0.641799904363508,0.97914814046588,0.807164584431119,0.0109661538708747,0.641627175571734,0.979138823759905,0.917347518581264,0.00841742705111855,0.767682973217301,1.07153350657185,0.936457308476088,0.0085481814951789,0.78716052928984,1.093323183252
"low-small","halfcauchy",1,"binary",51,139,2573874,5088420,1,1,1,1,1.00962137506375,1.03442990081931,1.04949789204283,1.00962137506375,0.98781608160236,0.0204460244507445,0.763973508112448,1.22325185111904,0.984885327779467,0.00809383332570279,0.841759904382979,1.13869159356971,1.08098326041465,0.0294113970869755,0.813803449104817,1.37789334143814,1.09251488153979,0.0153633900699942,0.895871110039826,1.29846409719399,1.00845371979845,0.0134042987612803,0.824865768566186,1.20317117402399,1.00826106853952,0.0134020314551222,0.824550584944975,1.20290553809056,1.09199875607069,0.0108144417653717,0.921774262620012,1.26491546637715,1.12368676692294,0.0113195269563659,0.946979415324098,1.30311069814203
"low-small","halfcauchy",1,"binary",51,140,2573874,14024693,1,1,1,1,1.00962137506375,1.03442990081931,1.04949789204283,1.00962137506375,1.13293297105744,0.0346946090346547,0.84707345238485,1.46103742928055,1.12805797057662,0.010442903395539,0.968261551730243,1.30673664490344,1.22498187680392,0.0532968715032921,0.870950906565722,1.62443673950774,1.25193681337055,0.0270779707248116,1.00193284652929,1.51903876429123,0.975067483175903,0.0154582600994816,0.771370153807896,1.18549901808474,0.97490349938657,0.0154557342038421,0.771143445996245,1.18520602766795,1.03938086274835,0.0111329546298753,0.871507846581826,1.21064779828042,1.06635353930876,0.011597961099675,0.892692106775548,1.23615908711304
"low-small","halfcauchy",1,"binary",51,141,2573874,14155551,1,1,1,1,1.00962137506375,1.03442990081931,1.04949789204283,1.00962137506375,0.928075841621933,0.0144701323689666,0.740983822278776,1.13605064626381,0.925967758079649,0.0060384128009988,0.798223490424021,1.05350433969966,0.852024619127786,0.0204880146315629,0.62843692383908,1.09975723212152,0.857800987030527,0.0106006743811076,0.69375099416061,1.02666443567285,0.901727949128466,0.0119908646511559,0.724070210632682,1.08083144710688,0.901630300615702,0.0119891777286692,0.724017225052795,1.08077075840668,0.937630150139407,0.00858331486549129,0.78376607546215,1.08821532985635,0.953691748435891,0.00876509213167887,0.797003565770962,1.10561185117692
"low-small","halfcauchy",1,"binary",51,142,2573874,7703266,1,1,1,1,1.00962137506375,1.03442990081931,1.04949789204283,1.00962137506375,0.949015560185465,0.0192019697137652,0.730391285236577,1.18649766825348,0.947385023939476,0.00691958924794373,0.815466826418416,1.08689279012762,0.991173739647122,0.0294266718273975,0.71801300553221,1.28600978483091,1.00175031240113,0.0151053264729427,0.798392598438149,1.21160256997219,0.891220148672194,0.0119596652164574,0.71241681772788,1.07169483872146,0.891108231087995,0.0119585983812309,0.712296324442479,1.07157610682984,0.946717021033201,0.00952793957655119,0.788002509304531,1.10431117388441,0.965125650400276,0.00965485589314956,0.803284727481586,1.12383478032042
"low-small","halfcauchy",1,"binary",51,143,2573874,13122181,1,1,1,1,1.00962137506375,1.03442990081931,1.04949789204283,1.00962137506375,0.950548370279596,0.0238144378653208,0.714294008053622,1.20722225000264,0.94756203273077,0.00775099072329266,0.810697567884848,1.09361354386448,1.21391087017517,0.0400694056842878,0.913334702147346,1.57500266150503,1.23012172620106,0.0235187339062409,0.993956436696067,1.48709692657946,0.890315755278333,0.0122606865354809,0.713563308794636,1.0780976450383,0.890127368864819,0.0122580407555007,0.713457451007524,1.07793239843346,1.02704985773256,0.0103827078244568,0.861806918137642,1.1959272070112,1.05803637061157,0.0107986977620448,0.889268975449454,1.23038276889575
"low-small","halfcauchy",1,"binary",51,144,2573874,14887825,1,1,1,1,1.00962137506375,1.03442990081931,1.04949789204283,1.00962137506375,1.01148642107615,0.0191137408342666,0.798637309188365,1.24186852747731,1.00993790697865,0.00727340640433861,0.872792483279065,1.15565689010755,0.856205500162094,0.0250086492715829,0.606312829333098,1.10534929372496,0.864843709238169,0.0115373262343117,0.69078614018646,1.04631893053552,0.989738030660285,0.0142394285079175,0.800533682948975,1.19197364337171,0.989594714696096,0.0142371318228218,0.800446635187253,1.19177212771033,1.01194925067308,0.0100615105269459,0.851205172018306,1.17620467486471,1.03552240484742,0.0103648632667426,0.870072906193673,1.19938584162944
"low-small","halfcauchy",1,"binary",51,145,2573874,12502932,1,1,1,1,1.00962137506375,1.03442990081931,1.04949789204283,1.00962137506375,0.978825495954222,0.0245286178753585,0.735363694818418,1.24574452745797,0.975587543300442,0.00732151138251632,0.835315659662757,1.11868318920032,0.933633621140028,0.0343363958517807,0.645950066127466,1.25319278660536,0.947712390862879,0.0154580252365126,0.74659553817913,1.16012012272156,0.916614662738104,0.0123698868803661,0.738906419315556,1.09788388413345,0.916450352945297,0.0123685389499775,0.73883953829656,1.0977832932053,1.0240214398909,0.010439515024329,0.861253094696957,1.19247627457949,1.05104773874106,0.0106664929981106,0.885749201139626,1.21798350413589
"low-small","halfcauchy",1,"binary",51,146,2573874,4162784,1,1,1,1,1.00962137506375,1.03442990081931,1.04949789204283,1.00962137506375,0.90050147687536,0.00959010350352435,0.747415056130518,1.07222375347473,0.89955591960054,0.00587298047331878,0.77847456508976,1.02652415876857,0.937893889109271,0.0158428785384371,0.737104415617188,1.15403478924991,0.941349874239395,0.0122806058149569,0.760789242183598,1.12172856770112,0.839874019209173,0.0103690612966342,0.677375212165283,1.0074727649755,0.839852936833649,0.0103684826677526,0.67733709932411,1.00750237508085,0.843099766621006,0.00748268486700285,0.702563500535429,0.987251881907923,0.84656747582826,0.00755795325301606,0.705114762873983,0.991826817092188
"low-small","halfcauchy",1,"binary",51,147,2573874,5677604,1,1,1,1,1.00962137506375,1.03442990081931,1.04949789204283,1.00962137506375,0.992179555734349,0.0191145888544226,0.778830754407434,1.23160734452263,0.989907480637026,0.00714101252713768,0.855070603843578,1.13464217045307,0.999880212858321,0.0274603566227499,0.744893723254106,1.28686494763614,1.01021719470915,0.0141006438690639,0.819072292968105,1.21322116580558,0.899756230484954,0.0124523884644434,0.7184797974234,1.08457537828875,0.899679854469273,0.0124513985361941,0.718405671901291,1.08445828470084,0.957337869385628,0.00957028665577982,0.798400206580023,1.11548766939174,0.969900486558401,0.00972747435644842,0.808025000498216,1.13089860430954
"low-small","halfcauchy",1,"binary",51,148,2573874,136524,1,1,1,1,1.00962137506375,1.03442990081931,1.04949789204283,1.00962137506375,0.960039226253487,0.0159105018676573,0.759877274268393,1.17419619874808,0.959012719875152,0.00658643786110086,0.828869792942829,1.1001869223529,0.911962248331335,0.022732369328549,0.673533273000288,1.16690866554012,0.919646903884209,0.0120847159899551,0.742595374312079,1.09956227230541,1.08216487434774,0.0145522970614762,0.879925587583142,1.28056316991019,1.08205698630884,0.0145508356145957,0.879841349893137,1.28035943493798,0.876739873020821,0.00868807268583483,0.726322519107339,1.03597420934183,0.894485707470913,0.00887423114495256,0.740768638300861,1.05819290988691
"low-small","halfcauchy",1,"binary",51,149,2573874,11060068,1,1,1,1,1.00962137506375,1.03442990081931,1.04949789204283,1.00962137506375,0.940336793478163,0.0136102114680265,0.757751217648537,1.1372624401898,0.938478458878524,0.0060164396097325,0.816065900023445,1.06551075682581,0.913240252415028,0.0209669269552861,0.687087104804044,1.16288524986551,0.919039046441248,0.0117387715354745,0.741809269309303,1.09244232178515,0.910613075258507,0.0116395455943222,0.735743300760646,1.08032415522991,0.91053197482677,0.011638891272163,0.735627042168397,1.0801451054643,0.809178786271653,0.00749944036796971,0.670985377581946,0.952097641352553,0.822518493343104,0.00761398211644431,0.679630853642154,0.965833707084604
"low-small","halfcauchy",1,"binary",51,150,2573874,8724172,1,1,1,1,1.00962137506375,1.03442990081931,1.04949789204283,1.00962137506375,0.961262981492431,0.0168754738482248,0.75525697199456,1.18647497540092,0.959207891650248,0.00665695442457282,0.827493580529725,1.09252012236645,0.920381120824992,0.0245422358203476,0.675081082180907,1.18994615689578,0.928767042102416,0.0127048454248577,0.749461474696694,1.12235895765318,0.966943870344366,0.0121015292008191,0.790059412365474,1.14592257622776,0.966862841763887,0.0121008049699062,0.789993996745515,1.14581451973322,0.861986054481123,0.00829798252722619,0.709675075698419,1.00734487843185,0.875313943184676,0.00841010230551381,0.723375500143275,1.01917700158094
"low-small","halfcauchy",1,"binary",51,151,2573874,4363153,1,1,1,1,1.00962137506375,1.03442990081931,1.04949789204283,1.00962137506375,1.04866986282055,0.0252542047121544,0.80097775439884,1.32236814270624,1.04717786269185,0.00876673132313087,0.900001953254757,1.20566636274331,1.09724653773955,0.0355494779038527,0.802914971364105,1.42866147789083,1.11422716167686,0.018050941607977,0.899744324422901,1.34597763009328,0.881984571909487,0.0127327852401932,0.698318257738096,1.07121459334557,0.881857710707551,0.0127316831250604,0.698134328414165,1.07108085079743,1.26934523018431,0.0140982990730401,1.07318603222564,1.46077958360596,1.29021184255992,0.0144863506429165,1.08815540878118,1.48686689713775
"low-small","halfcauchy",1,"binary",51,152,2573874,11618064,1,1,1,1,1.00962137506375,1.03442990081931,1.04949789204283,1.00962137506375,1.01404589578666,0.0170204421446372,0.801325202193642,1.23437642990261,1.01177179731109,0.00696671669451419,0.878747207683929,1.15380647459883,1.04870285588604,0.0260353225552158,0.792504705152708,1.32665178525074,1.05823058061643,0.0155554682841354,0.858245866671872,1.26857688854674,0.779177327122483,0.0115384423100304,0.603218817285454,0.957551318711903,0.779106892109262,0.0115381056566384,0.603165437236281,0.957484052541393,0.884086892716193,0.00925761405584456,0.728057887069395,1.04048576818821,0.895672311237527,0.00934416267522968,0.737733900740957,1.05377649396071
"low-small","halfcauchy",1,"binary",51,153,2573874,10754301,1,1,1,1,1.00962137506375,1.03442990081931,1.04949789204283,1.00962137506375,1.29502355821229,0.0306702872699394,1.01926017618707,1.59079180766289,1.29113342035459,0.0124463734293414,1.11442209887532,1.47884804862527,1.28925680381701,0.0459107286886766,0.962369108786235,1.65213909104879,1.31035309607163,0.0275762571216329,1.04412271985549,1.59262464525105,1.29273616090329,0.0222233399054933,1.05398679635759,1.54717445736158,1.29253429007061,0.0222189171851852,1.05368584948334,1.54684413736267,1.23377570599612,0.0149325252266542,1.03849630028436,1.44080503107531,1.26698018736034,0.015555032182478,1.06776844071378,1.47442627361452
"low-small","halfcauchy",1,"binary",51,154,2573874,1135346,1,1,1,1,1.00962137506375,1.03442990081931,1.04949789204283,1.00962137506375,1.11248053011146,0.026155034371036,0.857784403415801,1.39699128277283,1.10986874024901,0.0089185029641737,0.958944853160194,1.26635219807443,0.998568674078748,0.0366801159746717,0.704109351218379,1.33314104182736,1.0139529025015,0.0183256963702554,0.804281456984675,1.24326577870721,1.00244366220804,0.0140573458772645,0.811824951702904,1.1989647716925,1.00222989945473,0.0140547134559434,0.811514820257566,1.19873133762979,0.948217568113308,0.0103233022851843,0.782503823064582,1.1190386763929,0.983378077753129,0.0108239615900613,0.81371256040997,1.15601536234644
"low-small","halfcauchy",1,"binary",51,155,2573874,12169482,1,1,1,1,1.00962137506375,1.03442990081931,1.04949789204283,1.00962137506375,0.942314326444783,0.0185575180331195,0.728369917402257,1.17652684761683,0.940293112262503,0.00704960783774596,0.805275400797878,1.08345447299154,1.15451064685328,0.028673448078114,0.888087703736322,1.44305528502452,1.16599101290974,0.0161528164335946,0.965443541033267,1.38328467429262,0.991207278113633,0.0136760875471448,0.800959997105598,1.18358270073626,0.991135095354796,0.0136754790446903,0.80086841358644,1.18359128340957,0.945383266366065,0.00932785390762219,0.781843841254871,1.10289509538506,0.957256160725303,0.00942813389464594,0.794500839980055,1.11852108444854
"low-small","halfcauchy",1,"binary",51,156,2573874,13852268,1,1,1,1,1.00962137506375,1.03442990081931,1.04949789204283,1.00962137506375,0.96752608178195,0.015056383071203,0.770865113275058,1.17583483701801,0.966153252305279,0.00678170260126639,0.832509394512619,1.10272949408335,0.945538140248362,0.0230085967253383,0.715538906086049,1.20683854304635,0.95269460497984,0.0129040739296851,0.76704534728095,1.14325801501323,0.984213493225802,0.012590657762577,0.801081062593447,1.1659474387024,0.984131096991658,0.0125895568229059,0.801014114241673,1.16584337884287,0.922186950189953,0.00874752410005328,0.768364247280284,1.07104182226254,0.935739795763232,0.00886542294823595,0.778840640383863,1.08499838507786
"low-small","halfcauchy",1,"binary",51,157,2573874,4456312,1,1,1,1,1.00962137506375,1.03442990081931,1.04949789204283,1.00962137506375,0.890298570372215,0.0152084261071079,0.70442975961495,1.10203979919639,0.887862156534784,0.00626910137346065,0.762956039662267,1.02282446457035,0.882141740168862,0.0218182478277503,0.644830108649261,1.13714673519159,0.889361303926438,0.0115971292466704,0.718030612534805,1.07111990274948,0.922402194972649,0.0112632531361565,0.749096427201022,1.09512289992442,0.922293190472475,0.0112622256152588,0.748949060807759,1.09501467526195,0.853108246207865,0.00792304386382401,0.706780827050442,1.00263139270637,0.871037720449024,0.00804611527209492,0.724810743468101,1.01988898359326
"low-small","halfcauchy",1,"binary",51,158,2573874,11285233,1,1,1,1,1.00962137506375,1.03442990081931,1.04949789204283,1.00962137506375,0.963331826133793,0.0152126402257317,0.768208009966093,1.17108360364866,0.961494585360462,0.00722190692418217,0.825298753596756,1.09899394522653,1.11879474064631,0.0256691679178388,0.864770114504284,1.40239858602964,1.12618482536414,0.0165258157542967,0.919182081442695,1.34168371183109,0.856728972426182,0.0117476295690286,0.677000435619086,1.03714751120906,0.856634373322027,0.0117462909642019,0.676875686392691,1.0371329754587,1.00109729540962,0.00993910295318692,0.832455409934725,1.1621853593725,1.01665731539499,0.0102377110162152,0.848913809536516,1.17865376211364
"low-small","halfcauchy",1,"binary",51,159,2573874,4469711,1,1,1,1,1.00962137506375,1.03442990081931,1.04949789204283,1.00962137506375,1.17523064627823,0.0222356147643728,0.934627608224189,1.42499005947891,1.17315952285459,0.00925881073112802,1.02168684323562,1.33812037117491,1.06931661879417,0.0342608474189364,0.779568835012184,1.39468692414505,1.08173961978038,0.0198405616764042,0.866638618269341,1.3219262277149,1.16291347688048,0.0177114422176993,0.950267510878931,1.3832394747569,1.1627805798618,0.0177097349417897,0.950112293326969,1.38296500408946,0.973423458208031,0.0110415040051907,0.795406931616911,1.14620160302601,0.995282864649664,0.0114324597043318,0.817103573932339,1.17352764211097
"low-small","halfcauchy",1,"binary",51,160,2573874,13765710,1,1,1,1,1.00962137506375,1.03442990081931,1.04949789204283,1.00962137506375,1.00855840678374,0.0248352830079672,0.770359972248805,1.27678643547634,1.00467945158742,0.00772846679430694,0.864666127301065,1.15476423934019,1.16369090863064,0.0402899018468426,0.847668599652675,1.51188844213419,1.1810947446067,0.0229949417008914,0.946628809512307,1.44178576398136,0.898270907642042,0.0131082847636447,0.707143488685641,1.08769342964056,0.898161505427792,0.0131070187583179,0.707032687352863,1.08767044051724,1.00539654476028,0.0100773062397774,0.845496865966123,1.1758732470441,1.0233914365235,0.0103373813557979,0.858690303828896,1.1941161349706
"low-small","halfcauchy",1,"binary",51,161,2573874,1635078,1,1,1,1,1.00962137506375,1.03442990081931,1.04949789204283,1.00962137506375,1.00934929633273,0.0198245518201763,0.790410788898117,1.24188363971656,1.00693409031794,0.00786425551423219,0.866451089121419,1.15922615206006,1.17549340425051,0.0339198825420903,0.899975608140792,1.48787108850948,1.18820881700019,0.0216900731386304,0.955159200402386,1.43485680780849,1.13972857624535,0.0157844637656875,0.935283184192708,1.35193575084252,1.13959896310225,0.015782377177598,0.935150672873661,1.3518028319508,0.908923660805429,0.00938698393277908,0.752678558113397,1.07439539404083,0.930242922917047,0.00963501557307298,0.771780259830396,1.09886230504746
"low-small","halfcauchy",1,"binary",51,162,2573874,4356414,1,1,1,1,1.00962137506375,1.03442990081931,1.04949789204283,1.00962137506375,1.05522152707283,0.0202479910867479,0.833459355241883,1.29426172936379,1.05292437313775,0.00765115675909702,0.912140420233082,1.199527163407,1.08764302304719,0.0327463488107944,0.798654063950906,1.39809275488889,1.09953554697962,0.019150432957971,0.882932409719468,1.33164381600036,0.798488337945667,0.0113859664691362,0.625709996245351,0.980351201457672,0.79834334874223,0.0113843857203375,0.625491682567329,0.980096455995567,0.910362103602935,0.00898394332255422,0.759085406849231,1.06443879051612,0.934210478524486,0.00929088730759342,0.780593296382613,1.09326240075167
"low-small","halfcauchy",1,"binary",51,163,2573874,9968100,1,1,1,1,1.00962137506375,1.03442990081931,1.04949789204283,1.00962137506375,0.871565444711996,0.0204138151789778,0.649969200963346,1.11911693223294,0.868899522026559,0.00632058322839283,0.743382148040752,1.00488734103653,0.982580007650376,0.0304294032602211,0.708817065118739,1.27339625612132,0.995489266982445,0.0141749705422374,0.811225146869326,1.19677027879983,0.933596829609783,0.0113804144519165,0.760420246092397,1.10839328410969,0.933435205102034,0.0113791532353794,0.760163815273947,1.10823344403483,0.887459499016877,0.00856130410883389,0.739182547527365,1.040314163331,0.91404411198073,0.00880166578019152,0.761502153873618,1.06911113982
"low-small","halfcauchy",1,"binary",51,164,2573874,1751995,1,1,1,1,1.00962137506375,1.03442990081931,1.04949789204283,1.00962137506375,0.978683108519803,0.0261620212220485,0.730422422133621,1.25407010001883,0.974818092123363,0.00746474764967426,0.838323198709901,1.11308864265083,1.07145805676168,0.0397044940986394,0.764212819451346,1.42722129390898,1.08845083005519,0.0179524289112004,0.875555388371158,1.30908103930752,0.887494789178135,0.0131094049234398,0.70586491859604,1.08739436049546,0.887366000199733,0.0131075309792786,0.70574073529146,1.0873013574931,1.04755478194526,0.010704762379098,0.87918339342824,1.21859597943991,1.06873848231666,0.0109709624155088,0.90102838311797,1.2432578726765
"low-small","halfcauchy",1,"binary",51,165,2573874,7935983,1,1,1,1,1.00962137506375,1.03442990081931,1.04949789204283,1.00962137506375,0.938654377129971,0.017641096261564,0.733467233723017,1.16385577436338,0.93657769805227,0.00684228382496185,0.802269219061947,1.06968171777142,0.986200454425691,0.0273647355953223,0.727985345004874,1.26500847912705,0.995924909222743,0.0155522582691016,0.798326577184575,1.2069689568679,0.831009584281549,0.0110408285107311,0.662280455552893,1.00740386428193,0.830870975595295,0.011039370124712,0.662197262442425,1.00718407971483,0.887422719579294,0.00838219846341177,0.733780514753166,1.0397611651586,0.910221602798347,0.00867221164406312,0.753388611805938,1.06728775747709
"low-small","halfcauchy",1,"binary",51,166,2573874,7687025,1,1,1,1,1.00962137506375,1.03442990081931,1.04949789204283,1.00962137506375,0.991723801099583,0.0270757031950423,0.739239678696701,1.2674617509076,0.986991024977739,0.00843101240908468,0.840056608164262,1.14417275068209,1.26433407230345,0.0454544978506569,0.936601326719878,1.63306658510219,1.28631919790675,0.0253958652634621,1.04089286642843,1.55787471175741,0.979412682888933,0.0137344346268257,0.790232457061618,1.17271836283418,0.979203061606449,0.0137319761646914,0.789955224636984,1.17255724894891,1.00484657819136,0.00979477274653986,0.845466875951894,1.17056181799456,1.03932588297895,0.0102898671779028,0.874656824871129,1.20908064997504
"low-small","halfcauchy",1,"binary",51,167,2573874,14545877,1,1,1,1,1.00962137506375,1.03442990081931,1.04949789204283,1.00962137506375,0.933703631549277,0.0194886754847167,0.719228596354662,1.17244948373859,0.930834387112129,0.00713759838109702,0.794680781089226,1.07095867753539,1.03253266654952,0.0291054533313904,0.769046088680049,1.33096361583993,1.04439129834418,0.0148555788072574,0.848539961591025,1.24885749287876,1.06540452990419,0.014107820076119,0.878946672067431,1.26461522604556,1.06524106281798,0.0141053323398642,0.878757864190762,1.26434972105416,0.879441788485,0.00850795729085561,0.730267951465374,1.03415886625538,0.906329475752682,0.00883576088113442,0.756482397351039,1.06308846335108
"low-small","halfcauchy",1,"binary",51,168,2573874,8302876,1,1,1,1,1.00962137506375,1.03442990081931,1.04949789204283,1.00962137506375,1.11693560915347,0.0216908526392517,0.886221456248957,1.36880311565124,1.11482963965275,0.00862237660525676,0.963414960336337,1.2742845224487,1.0569602864845,0.0299399492099033,0.792743978787914,1.35698018581254,1.06855639884295,0.016893046290706,0.866904190048589,1.28638727407917,0.947261520034165,0.0143033401669277,0.756763149804261,1.15695562021274,0.947153958459748,0.0143010193086689,0.756710266913984,1.15684961497048,1.00755044943093,0.0102592139977584,0.842719876400327,1.17243155372347,1.02524258576265,0.0106512174729665,0.859117387113615,1.19373481358406
"low-small","halfcauchy",1,"binary",51,169,2573874,4261003,1,1,1,1,1.00962137506375,1.03442990081931,1.04949789204283,1.00962137506375,0.891485973855146,0.0125674157791066,0.71455878507545,1.08215364656403,0.889945839301598,0.00636877603347628,0.761066747481263,1.02638178740196,0.914011509323794,0.0198699326446975,0.694833253853339,1.15310351134717,0.919132336295686,0.0125092738729087,0.7401953012615,1.10156170710407,1.03556590909203,0.0131741742625043,0.847863236041224,1.22644586762165,1.03548005952866,0.0131720867593721,0.847803976528224,1.22641005669158,0.925268261573493,0.00874242419543835,0.772009145963503,1.0769251952175,0.939389123855457,0.00897602592075875,0.784395220001087,1.09463646166935
"low-small","halfcauchy",1,"binary",51,170,2573874,11970849,1,1,1,1,1.00962137506375,1.03442990081931,1.04949789204283,1.00962137506375,1.20059489916119,0.0211901755853212,0.965289363821191,1.44674862471018,1.19882734440143,0.00866130945416647,1.05036973558198,1.35616503756757,1.03014696283144,0.03294965425309,0.754661091423581,1.34189120808132,1.0423308354737,0.0189774650374142,0.823520395364195,1.2704215129748,0.958781863140836,0.0139723962478461,0.766577935787601,1.16033421130532,0.958627190939954,0.013970281590104,0.766510783386791,1.16024336382279,0.895693240874164,0.00972129433333888,0.729876978284762,1.05856450362285,0.921134311996314,0.0100172745024279,0.754698472731383,1.08633354042235
"low-small","halfcauchy",1,"binary",51,171,2573874,7541446,1,1,1,1,1.00962137506375,1.03442990081931,1.04949789204283,1.00962137506375,1.00874934383987,0.0215438682045046,0.77976126357619,1.25568746817077,1.00769465849342,0.00704466330941748,0.874672089252806,1.15079736624318,1.0207186621108,0.0311960382606856,0.742904143099337,1.33276306088869,1.0327497606243,0.0155892861334112,0.835070918636438,1.23937867365619,0.947603011194366,0.0132123334941338,0.761121490477834,1.13822466405066,0.947548446901663,0.0132119269049032,0.76121146422743,1.13827044630511,1.02013088325503,0.0102355581166045,0.848286302235365,1.18849180163356,1.02910582538073,0.0102548687346763,0.859109288915173,1.19730570494143
"low-small","halfcauchy",1,"binary",51,172,2573874,16494247,1,1,1,1,1.00962137506375,1.03442990081931,1.04949789204283,1.00962137506375,1.18099030977939,0.026745873886175,0.932022877449155,1.45133608609136,1.17744380452229,0.0111302584789796,1.01029629184239,1.35908311737402,1.24579151750982,0.0412684833938698,0.938474097299759,1.60491857395837,1.26259205703463,0.0262975659072375,1.00948395431126,1.55038886871792,1.18907217995665,0.0175885300646213,0.973826194265708,1.41933093873446,1.18893807026754,0.017586556136256,0.973854324747795,1.41924445638521,1.12890046914341,0.0126054161360319,0.945547971010127,1.31547159347912,1.15095934022184,0.012958336895637,0.964600029360225,1.33758678475536
"low-small","halfcauchy",1,"binary",51,173,2573874,6138010,1,1,1,1,1.00962137506375,1.03442990081931,1.04949789204283,1.00962137506375,0.982731388645605,0.0239338870359268,0.736416379849186,1.25195823335689,0.980881625945104,0.00716648932224226,0.844650151784341,1.12503349570984,0.87975495036704,0.032484110679473,0.586335266527985,1.1878143740302,0.893380236762682,0.0135860560335318,0.708390570464868,1.08946166726211,0.846733734073224,0.0117682853867746,0.662773730261882,1.02408295033035,0.846547072001986,0.0117667504688382,0.662558966745615,1.02389796846689,0.929407391226626,0.00867289318648858,0.778655281352141,1.08474106988288,0.960110277738209,0.0089424248355264,0.807675828661846,1.11652571921976
"low-small","halfcauchy",1,"binary",51,174,2573874,6946599,1,1,1,1,1.00962137506375,1.03442990081931,1.04949789204283,1.00962137506375,0.973310372405035,0.0177311325306958,0.762721227186403,1.19335498526315,0.971953597747173,0.00715472195146333,0.831571453665745,1.11230455804337,0.973442429419154,0.0261983953272683,0.724176888547637,1.25404678157692,0.983105441985926,0.0142400454423031,0.794793040214128,1.18261759680745,1.03790001043365,0.0137150609132761,0.84830608367528,1.23432120006486,1.03776506995595,0.0137131735566067,0.848262167105542,1.2342207953698,1.13770062723939,0.0111558405505165,0.962767255010384,1.3133241117607,1.15989614958101,0.0115332471210761,0.983065226216904,1.33764156446237
"low-small","halfcauchy",1,"binary",51,175,2573874,8956379,1,1,1,1,1.00962137506375,1.03442990081931,1.04949789204283,1.00962137506375,1.0784348111987,0.0248845576284075,0.835756675446852,1.34438097624797,1.07522746464841,0.00836301650381909,0.9275797813884,1.23054482876926,1.13178372645427,0.0383191896831357,0.829488218702268,1.47251611953899,1.14847892151506,0.0192584366123015,0.928195908874499,1.38061409662439,0.995217979217653,0.0146298808714883,0.797116379876989,1.19249566579801,0.99511163448823,0.0146284185230466,0.796962042202037,1.19236367980327,1.00383608249908,0.0108757677902738,0.833463413255522,1.17734910002872,1.02132806754409,0.011104714009114,0.848489779549829,1.19232837459576
"low-small","halfcauchy",1,"binary",51,176,2573874,10758866,1,1,1,1,1.00962137506375,1.03442990081931,1.04949789204283,1.00962137506375,0.944630502150956,0.0163958662674564,0.739089858571063,1.16669688315539,0.942801097592158,0.00660713263850062,0.816489217107777,1.08067099642092,1.08998809987836,0.0276659920666494,0.828642348219366,1.37754882050585,1.09959119056819,0.0161796500214992,0.896488697883575,1.3095886268697,0.811791422773095,0.0110935956167323,0.642412370655707,0.987496372910618,0.811641262077818,0.0110918856825037,0.642318972237906,0.987344054799841,0.921667672417104,0.00874129408244955,0.770050266450447,1.07186469737662,0.946366673960408,0.00902097658587971,0.788054596765492,1.09858015276557
"low-small","halfcauchy",1,"binary",51,177,2573874,10839143,1,1,1,1,1.00962137506375,1.03442990081931,1.04949789204283,1.00962137506375,1.19105821912094,0.0290240915234799,0.931031571202564,1.4761570142254,1.18697570893735,0.0108247045613208,1.02119569187668,1.36919375542066,1.084721429337,0.0378563861419626,0.780023895119683,1.40768693691232,1.10325121544409,0.0176477363847399,0.88931569712826,1.32539416197256,1.15774941523019,0.018582437258693,0.942792740701421,1.38832115431655,1.15744516668069,0.0185766465897566,0.942541174436116,1.38803899182429,1.22330174975053,0.0145137495838792,1.01873022097815,1.42475214219583,1.27334570685808,0.0155652288989818,1.05959702184611,1.48542183646487
"low-small","halfcauchy",1,"binary",51,178,2573874,15363236,1,1,1,1,1.00962137506375,1.03442990081931,1.04949789204283,1.00962137506375,1.09687430009938,0.0175088360176856,0.891869540811736,1.31724076104735,1.09542103416702,0.00951136707269817,0.939805465199602,1.26352725501903,1.30741962331338,0.029036722848719,1.04090016532368,1.61173629658502,1.31657195600872,0.0208004872182537,1.07794054221529,1.55991447263268,1.23734058891597,0.0188487648878965,1.01727701828773,1.46920366919202,1.23721939912565,0.0188455011110413,1.01721818485436,1.46903568865724,1.20957639067844,0.0134869395798783,1.0260316910605,1.40233704675354,1.22951014772886,0.0140462245742753,1.03750690238222,1.42597254550034
"low-small","halfcauchy",1,"binary",51,179,2573874,13185599,1,1,1,1,1.00962137506375,1.03442990081931,1.04949789204283,1.00962137506375,1.13900790839227,0.0271466739543049,0.878058180571935,1.41740339458782,1.13563033453483,0.00913080105142142,0.986338154382813,1.30041680810307,1.00656105747837,0.0364178950085594,0.706229924066439,1.3288139602385,1.02405204841439,0.0173490045079959,0.816485783461907,1.24018480847292,1.27615578434754,0.0186933595940019,1.06169593257934,1.50570969280453,1.27590332471264,0.0186887520425139,1.06145697154715,1.50546724907673,1.063693481718,0.0121689182046549,0.885208907534278,1.24409998058813,1.10521900143163,0.0127699665464218,0.917766060741719,1.29137760213099
"low-small","halfcauchy",1,"binary",51,180,2573874,9964097,1,1,1,1,1.00962137506375,1.03442990081931,1.04949789204283,1.00962137506375,1.3107927684099,0.0284879240626723,1.04719018393744,1.59732963265232,1.30757627016679,0.0121497349175452,1.1331159049707,1.49976392927497,1.22947726682293,0.0421653910932542,0.912640578743759,1.58650251215413,1.24778723082739,0.0247331479188765,0.99907131545578,1.52214884509471,1.1162659257178,0.019033042692151,0.894163485552371,1.35992407980834,1.11607428866627,0.0190294137959533,0.894030192899305,1.35977270602516,1.16718721465775,0.0141318320251573,0.977391540611337,1.36912055435795,1.19870840482528,0.0147326175236366,1.00424543493518,1.40673761345198
"low-small","halfcauchy",1,"binary",51,181,2573874,8953505,1,1,1,1,1.00962137506375,1.03442990081931,1.04949789204283,1.00962137506375,1.07886359321555,0.0185927832103677,0.862549154715347,1.3095854372495,1.07735840238234,0.00763898501652205,0.936547970160001,1.22890924616107,1.02542689402128,0.02828880138165,0.760201563768123,1.31033213280425,1.03560133894155,0.0159134893611336,0.832896194685894,1.24481141774352,0.966724559388895,0.014013922742445,0.778009340707452,1.16228235921271,0.96667075083259,0.014013476455736,0.777885011235255,1.1622440655928,1.04205659699911,0.0101079329258453,0.87630523596913,1.20816776808629,1.05090723273146,0.0101739084869323,0.886078901367392,1.2149275437085
"low-small","halfcauchy",1,"binary",51,182,2573874,108515,1,1,1,1,1.00962137506375,1.03442990081931,1.04949789204283,1.00962137506375,0.990349566954541,0.0171713514944959,0.788843253108963,1.21456599852287,0.988046803753282,0.00701029245215186,0.856785989313126,1.13202282969709,1.00691217426962,0.0258969886303852,0.758858813015485,1.2798214037627,1.01570930715979,0.0155174500248548,0.818494581771471,1.22630850747909,0.87285797780665,0.0116531007614249,0.695901211040834,1.04924357849366,0.872723060744356,0.0116513104594044,0.695864256972246,1.04909270418015,0.903593178520537,0.00834556251159445,0.755532396758443,1.05315875415837,0.925784849408007,0.0086600711196641,0.772908782650657,1.07864734152399
"low-small","halfcauchy",1,"binary",51,183,2573874,2019210,1,1,1,1,1.00962137506375,1.03442990081931,1.04949789204283,1.00962137506375,1.17079932477539,0.0242025423077724,0.928736581545321,1.43432583388485,1.16887095060289,0.0096628170392043,1.00752048661533,1.34288263208465,1.13459152006745,0.0351152045645318,0.843855568889873,1.46252890289873,1.14836503751946,0.0190897269982904,0.925585779624934,1.37213969478798,1.22600845061001,0.0190690850247543,1.0022790506463,1.46428009474891,1.2259330470032,0.0190681260260829,1.00209868697727,1.46416939895438,1.12959587800609,0.0131130248269687,0.94605988776842,1.32046465488482,1.1419985496747,0.013266120519244,0.957314082695879,1.33484327169013
"low-small","halfcauchy",1,"binary",51,184,2573874,974249,1,1,1,1,1.00962137506375,1.03442990081931,1.04949789204283,1.00962137506375,1.01097186597947,0.0239018620336193,0.767421566606516,1.26731154137135,1.00817518990626,0.00774720065091021,0.867583179157164,1.15790578635748,1.1183283237565,0.0354512984104199,0.825706063696874,1.4491974703752,1.13386455531431,0.0179946356998116,0.922124614840038,1.35766245137226,1.0133275805123,0.0144365391798029,0.815625525997271,1.20580265606434,1.01325954954454,0.0144360606927574,0.815475795667212,1.20570383210722,0.990504792566521,0.0105433247758961,0.823970982458764,1.16273000078042,1.00169478455984,0.0106544478631976,0.831610524809916,1.17333610585012
"low-small","halfcauchy",1,"binary",51,185,2573874,16713542,1,1,1,1,1.00962137506375,1.03442990081931,1.04949789204283,1.00962137506375,0.982368292660813,0.0192245836918988,0.76123700702358,1.21558411718569,0.981594727436519,0.00708405839192859,0.846139006113247,1.12232280675776,0.921309756453582,0.0262270990387149,0.664290594429025,1.20362417884771,0.930189737869608,0.0123820474919017,0.750770049377268,1.11281691731998,1.07144507948555,0.0154456352409108,0.872508165110251,1.28558495121633,1.07131862777946,0.0154435069258932,0.872362026174718,1.28550732482961,0.959077037923754,0.00974986189098426,0.799135205019067,1.12319395379414,0.979876294867117,0.010060945008351,0.818507933784858,1.14611850630684
"low-small","halfcauchy",1,"binary",51,186,2573874,2303235,1,1,1,1,1.00962137506375,1.03442990081931,1.04949789204283,1.00962137506375,0.965932861091917,0.0144264368572482,0.77677015807487,1.16947739847543,0.964878394504029,0.00612062740087771,0.837302970139635,1.09697725861945,0.823646863955173,0.0208695586022322,0.596233957233901,1.0647303034234,0.82904769327705,0.0107140952808603,0.664924207845805,0.993877256789649,0.786691816009151,0.0107050756502954,0.617268362532213,0.960501484955144,0.786621606613697,0.0107041936342834,0.617231624321283,0.960515922353636,0.922536298007795,0.00866977982922996,0.776072183184778,1.07779708455403,0.934084606061773,0.00879307074542178,0.786210862870898,1.08787070054482
"low-small","halfcauchy",1,"binary",51,187,2573874,680487,1,1,1,1,1.00962137506375,1.03442990081931,1.04949789204283,1.00962137506375,0.934869806940973,0.0173965282157789,0.728102428488538,1.16119602231635,0.933760399024842,0.00635748423372663,0.802046952570513,1.07183256481305,0.828931319057725,0.0229058538999475,0.596176047091742,1.08419038889572,0.836370511182467,0.0109609144753226,0.667069143867047,1.01230584917171,0.970726832245004,0.0120517016380645,0.799537777957282,1.15745265539445,0.970592901235835,0.0120501551671413,0.799408713221798,1.15726797584593,0.925646530358871,0.00848871984305134,0.77585574116462,1.08172453910631,0.947676011482752,0.00867525207592425,0.799202723559867,1.10906906427175
"low-small","halfcauchy",1,"binary",51,188,2573874,14421212,1,1,1,1,1.00962137506375,1.03442990081931,1.04949789204283,1.00962137506375,1.07461131210654,0.026927797858137,0.819852106008328,1.34787816735303,1.07129622755078,0.00862261821679756,0.923915429774531,1.22992713420067,1.00897070200152,0.0371020395436359,0.709015239829525,1.3420776304082,1.02609733627677,0.0171542308175595,0.820297200661108,1.24405010908097,0.969377360812857,0.013381150729598,0.78847832356495,1.16969358963191,0.969178018960485,0.0133786871914806,0.788238774758508,1.16949531369202,1.03979457927738,0.0103230083074597,0.872672221854631,1.20734005001698,1.07258308435372,0.0107887881080341,0.901133046573015,1.24391658753609
"low-small","halfcauchy",1,"binary",51,189,2573874,13512830,1,1,1,1,1.00962137506375,1.03442990081931,1.04949789204283,1.00962137506375,0.89440223589903,0.0249219983470475,0.647281082900655,1.15549897382227,0.892178358942121,0.00671921873094922,0.759020843368541,1.02975267447563,0.969401730625224,0.0345381327150565,0.671092153696202,1.28651521249271,0.984672870225018,0.0137867383012775,0.796201583265982,1.18337763385478,0.984742519647708,0.0136616857669717,0.796352459437405,1.17428682173386,0.98457093635242,0.013659474023982,0.796176722714457,1.1741383516216,0.965417967834773,0.0095809884250343,0.806279767968036,1.12490072513791,0.993640640001338,0.0099348392931886,0.832104160901441,1.15542692517989
"low-small","halfcauchy",1,"binary",51,190,2573874,14626578,1,1,1,1,1.00962137506375,1.03442990081931,1.04949789204283,1.00962137506375,1.00311817765672,0.0206099813987303,0.774387525117441,1.25786019345584,1.00152696166897,0.00723419853449462,0.864888357903597,1.14912364329271,0.881132878777498,0.0275433701047218,0.619846617978424,1.15961248483144,0.89156089042645,0.0123903829103043,0.711632645150241,1.0772695691597,1.15161461195207,0.0155946313778789,0.947145106355334,1.35733691174449,1.15152433343199,0.0155934299029585,0.94707566614516,1.35719559287072,1.03476592865261,0.0105650813418587,0.86805618278949,1.20875320786299,1.04961528255665,0.010731687145139,0.879332588443547,1.22330831649808
"low-small","halfcauchy",1,"binary",51,191,2573874,5360711,1,1,1,1,1.00962137506375,1.03442990081931,1.04949789204283,1.00962137506375,0.997440324799327,0.0171008223519815,0.789096653540385,1.22703437756582,0.995519125776719,0.00744992367489427,0.856862973774139,1.14124736865639,1.09546511723927,0.0282478988690448,0.831562542980691,1.40097900584228,1.10473661986189,0.0181758061083681,0.893905761354248,1.3330873582527,0.77408039966724,0.0106635984554652,0.60559040987786,0.947727535823122,0.773972577115271,0.0106627033796128,0.605484126541578,0.947627374574023,0.962451648770778,0.00902895493665434,0.805005482866934,1.12061254665401,0.980186711681729,0.00925044092794958,0.820634844984309,1.13828422390259
"low-small","halfcauchy",1,"binary",51,192,2573874,153159,1,1,1,1,1.00962137506375,1.03442990081931,1.04949789204283,1.00962137506375,0.984623453112837,0.0211745459805136,0.755606545716678,1.22905070487468,0.982495972966139,0.00699872085245066,0.847887274160066,1.12240075423611,0.886666040796524,0.0294544854738274,0.61704909718475,1.19372041677259,0.897269787117352,0.0134259704731256,0.712087367679702,1.09255901996179,1.03689801378504,0.014338129677232,0.845239127677505,1.23430821981629,1.03672690410412,0.0143361524143357,0.845123900401285,1.23414752932316,1.00489479869011,0.00982323061796433,0.842633555740803,1.1670338452857,1.03303956896641,0.0100569509620517,0.863609347969029,1.19538003288904
"low-small","halfcauchy",1,"binary",51,193,2573874,10955477,1,1,1,1,1.00962137506375,1.03442990081931,1.04949789204283,1.00962137506375,1.20079709583639,0.0322846640141435,0.91552490344483,1.50632384624879,1.19735910616891,0.010991043561714,1.03505065255016,1.37212908211558,1.21385290825855,0.0460789623045044,0.866970738825564,1.58288004536766,1.23772902419206,0.0221521468195199,0.995019784465121,1.49638415702948,1.31435838931072,0.0210548883366086,1.08045869821357,1.5604674136434,1.31418700574175,0.0210517737780154,1.08027656813083,1.56017782943114,1.33333500437841,0.0171262384634598,1.11450952202791,1.55586964638517,1.36152482480182,0.0177112860997104,1.14416448395049,1.5808499222749
"low-small","halfcauchy",1,"binary",51,194,2573874,13930200,1,1,1,1,1.00962137506375,1.03442990081931,1.04949789204283,1.00962137506375,1.16475727681192,0.0346359955013139,0.874115548498675,1.47376400855744,1.16131819780345,0.0104371498556952,0.993929302510699,1.34192301494102,1.17083626051845,0.0497363140011907,0.825546667270664,1.55295021821716,1.19634214537126,0.0238269338640133,0.95989924067677,1.46159529791115,1.22564474573883,0.0185406747476065,1.00447959415583,1.44724696590669,1.22541951142732,0.0185365500024382,1.00425406397707,1.4469496679429,1.12071979408976,0.0128606844987628,0.937638274684716,1.31375027861271,1.15776718919711,0.0135195572176453,0.96664820787926,1.35637742470197
"low-small","halfcauchy",1,"binary",51,195,2573874,6537891,1,1,1,1,1.00962137506375,1.03442990081931,1.04949789204283,1.00962137506375,0.97754592921377,0.0187578390657421,0.76347539405225,1.20322083922087,0.975959128678785,0.00724983743892542,0.841268105378487,1.12115571007282,0.934290181668393,0.0271837944996212,0.686139700862205,1.2287826535646,0.943716074758022,0.0134699584619378,0.751426237176806,1.1356633553833,1.12563837401245,0.0154839684529006,0.921713109413116,1.33172627653614,1.12550618993619,0.0154819503786499,0.921633710523732,1.3316155129422,0.88486353972309,0.00905441146288182,0.726754476641974,1.04137724623024,0.906605678685779,0.00938852925445762,0.746444915239273,1.06828591413812
"low-small","halfcauchy",1,"binary",51,196,2573874,10985698,1,1,1,1,1.00962137506375,1.03442990081931,1.04949789204283,1.00962137506375,1.06155352937449,0.0169099214587995,0.851994512791528,1.27861929607071,1.05962967243529,0.0073423221600042,0.922348986252885,1.20734993805092,0.996390505377595,0.0250311360130497,0.742592543523144,1.27962372275522,1.00377576542838,0.0144152553439755,0.80500604531497,1.20702741109852,0.912103916690511,0.0133979633809356,0.724525811770423,1.10194138924175,0.912042504242617,0.01339710642149,0.72448512240039,1.10192059904295,0.93297209562732,0.00925017520109905,0.773645428105789,1.0939244470645,0.943073448331572,0.00940688282553817,0.781633120936067,1.10544579978127
"low-small","halfcauchy",1,"binary",51,197,2573874,4117698,1,1,1,1,1.00962137506375,1.03442990081931,1.04949789204283,1.00962137506375,1.05244427883464,0.0287125328844655,0.789729400124889,1.34084427153662,1.04918068708379,0.00797914281740101,0.906316278144539,1.20450360184061,0.983411819035398,0.0395064392478624,0.667874143689422,1.32860563327915,1.00248362586213,0.0167352733108035,0.806128225464883,1.22422823828135,0.971454417212219,0.0137973480920116,0.782855316653273,1.17164204733782,0.971259917101875,0.0137949324907799,0.782643353474632,1.17123807246237,0.873151910183952,0.00934981980330856,0.717735053733361,1.0343207802336,0.905144027140361,0.00964631125785005,0.744782485659607,1.06990580091165
"low-small","halfcauchy",1,"binary",51,198,2573874,215169,1,1,1,1,1.00962137506375,1.03442990081931,1.04949789204283,1.00962137506375,1.00943634407656,0.0189926638180921,0.794773148175559,1.24434689777682,1.00680885386035,0.0073373600379329,0.872714545585501,1.14738225318832,0.928138743486788,0.0262219687272581,0.674127614373594,1.2014484971121,0.93822460773996,0.0134213155610444,0.753572647971476,1.1305491440561,0.935939428710305,0.0123371626007981,0.752163307030508,1.12254493886885,0.935800947610736,0.012335673206402,0.752090661621645,1.12241770446536,0.942478014614174,0.00931977646533145,0.785245040638816,1.09958229380634,0.965255911890689,0.00957776629539638,0.805122810764746,1.12577456614548
"low-small","halfcauchy",1,"binary",51,199,2573874,362330,1,1,1,1,1.00962137506375,1.03442990081931,1.04949789204283,1.00962137506375,1.09147439781844,0.0222170107116406,0.860295243119767,1.34772283600162,1.08855457989359,0.00830214733556399,0.943881936703047,1.24724208925146,1.02479587525232,0.032880308852516,0.740133832688492,1.33739159047239,1.03787059728593,0.0164537517842492,0.829359009262527,1.25207717714134,0.840828688691358,0.0125508810461488,0.661271725362123,1.02289504378128,0.840577942165173,0.0125478823981291,0.660998918334345,1.02273417744254,1.00765460044196,0.010532351195751,0.836546936831668,1.1757102582623,1.04889834152751,0.0111646274391168,0.873082438109306,1.21887462934079
"low-small","halfcauchy",1,"binary",51,200,2573874,12507923,1,1,1,1,1.00962137506375,1.03442990081931,1.04949789204283,1.00962137506375,0.921678741120564,0.0257985766879798,0.665830360723045,1.19323570242361,0.92004003618844,0.0072347684931113,0.78655452603934,1.06422288725064,0.93018644127727,0.0364749340746121,0.631557810563199,1.26354502879335,0.947244691114635,0.017169252217935,0.741044730481854,1.17586535119791,0.983747469322183,0.0130185363279893,0.803935174624346,1.17100113550042,0.983652792850325,0.0130174934837553,0.803865088766651,1.17091427571138,0.927778701985538,0.00887077262968913,0.772141579353885,1.08829091325199,0.943351447704587,0.00899904310228515,0.788522166803215,1.1023387767742
