"excessvar","re.type","num.re","response","run","rep","design.seed","error.seed","beta_int_true","beta_row_true","beta_col_true","beta_dyad_true","delta_int_true","delta_row_true","delta_col_true","delta_dyad_true","beta_int_mean","beta_int_var","beta_int_5q","beta_int_95q","delta_int_mean","delta_int_var","delta_int_5q","delta_int_95q","beta_row_mean","beta_row_var","beta_row_5q","beta_row_95q","delta_row_mean","delta_row_var","delta_row_5q","delta_row_95q","beta_col_mean","beta_col_var","beta_col_5q","beta_col_95q","delta_col_mean","delta_col_var","delta_col_5q","delta_col_95q","beta_dyad_mean","beta_dyad_var","beta_dyad_5q","beta_dyad_95q","delta_dyad_mean","delta_dyad_var","delta_dyad_5q","delta_dyad_95q"
"high-small","halfcauchy",1,"binary",62,1,7454748,14284895,1,1,1,1,0.67117091212221,1.00508763464378,0.699007141092929,0.67117091212221,0.7182748795456,0.00959209319966997,0.561648789282508,0.881621949829405,0.718721343242253,0.00510005480401249,0.604684227827583,0.837681114359099,0.730591499030196,0.00828401301842041,0.583941006374582,0.881094338953796,0.733183157528649,0.00501312442795319,0.613199648184424,0.848336242964965,1.0396425324335,0.010194397192997,0.876424096553699,1.20250722062957,1.03950588237488,0.0101961485814972,0.87632614991771,1.2024275953948,0.979716336003212,0.00691454340581121,0.844440275233816,1.11932223265337,0.98342193200595,0.00682548376504817,0.849264215536338,1.12083098921578
"high-small","halfcauchy",1,"binary",62,2,7454748,7841466,1,1,1,1,0.67117091212221,1.00508763464378,0.699007141092929,0.67117091212221,0.614914916446653,0.00824796915874217,0.469828391597854,0.768211399435208,0.614900110536558,0.00471717668529637,0.505602455042931,0.727357021387279,0.67730423554831,0.00697804322236245,0.544555629869306,0.817566132650873,0.679124039028817,0.00441820659172824,0.570617207823997,0.790125229902695,1.01131847681174,0.0098912741956101,0.850669197823641,1.17460084109126,1.01093777065174,0.00988843360612805,0.850340910436872,1.17436598283958,0.991376678632137,0.00669983487972679,0.859317967189176,1.1306424500588,1.00170044460015,0.0067035647143976,0.871071983835568,1.14098933026191
"high-small","halfcauchy",1,"binary",62,3,7454748,3367097,1,1,1,1,0.67117091212221,1.00508763464378,0.699007141092929,0.67117091212221,0.716806838198485,0.0105089643347765,0.552371204995265,0.885302159043974,0.717212049559534,0.00525557574572903,0.602548318584698,0.837602667072982,0.646889033038264,0.00820800675379601,0.502849466090474,0.804560650124597,0.649417721809467,0.00477932802977186,0.538849314478024,0.763044931963985,1.0513071963385,0.0103610346645583,0.888106940624004,1.21728787509091,1.05113825310211,0.0103607842450055,0.888020255443789,1.21715147515204,0.99988103583796,0.00698668856993365,0.866868316971652,1.14196434161502,1.00446233926194,0.00692961020498253,0.873729570398854,1.14780662684969
"high-small","halfcauchy",1,"binary",62,4,7454748,533330,1,1,1,1,0.67117091212221,1.00508763464378,0.699007141092929,0.67117091212221,0.732346070807103,0.00816638148318305,0.587430395060086,0.87983013646113,0.732789689130194,0.00550611097043401,0.611613066164809,0.858696212568639,0.785784320251275,0.0076555458044714,0.649690558533338,0.932213883187112,0.787125497872824,0.00591474370960657,0.658993691248826,0.916018624715316,1.03709298774185,0.0106941172411275,0.864442696764239,1.2041289830123,1.03723537955754,0.0107001062955473,0.864602878425047,1.20440320562576,1.11613117648638,0.00793750011793968,0.973447419173744,1.26567270103664,1.11226987888908,0.00773957786461547,0.972408064680193,1.26047505312607
"high-small","halfcauchy",1,"binary",62,5,7454748,14022308,1,1,1,1,0.67117091212221,1.00508763464378,0.699007141092929,0.67117091212221,0.718069783143448,0.0104525071509352,0.549422983883227,0.888546688916487,0.717695522996204,0.00530112381955741,0.599252863993476,0.834992038428697,0.652709978928818,0.00810212639688218,0.509251610304206,0.800007130798468,0.655730418024263,0.00459008389866092,0.541157214734354,0.768326955226318,1.03372186849545,0.0102721740679989,0.863605742683905,1.19612191065263,1.03363203334573,0.0102740166491763,0.863439907218103,1.19634604113413,0.98204144008102,0.00747361265986811,0.841717708900131,1.12856951256688,0.984477536889702,0.0073432577258755,0.846006890709155,1.12789809871828
"high-small","halfcauchy",1,"binary",62,6,7454748,13935379,1,1,1,1,0.67117091212221,1.00508763464378,0.699007141092929,0.67117091212221,0.640669534564121,0.00549975316963702,0.52029947462162,0.764838834264389,0.640963867139628,0.00435768038752938,0.534443338291543,0.751485385560984,0.642228949996382,0.00522546000989785,0.528989984909587,0.767537739234888,0.642155726406906,0.00447462146065477,0.533570862433852,0.75222771840523,0.918351271757333,0.00820299701491227,0.770157421055481,1.06487944117566,0.918346658428934,0.0082037984609899,0.770088108204091,1.06486810373272,0.828380886842099,0.00510422377449779,0.711484747129249,0.945278419648928,0.828505988371116,0.00504827922444176,0.713204424385822,0.946215700235435
"high-small","halfcauchy",1,"binary",62,7,7454748,7968748,1,1,1,1,0.67117091212221,1.00508763464378,0.699007141092929,0.67117091212221,0.769653322083732,0.0077982189027498,0.630264106958852,0.917579455197516,0.769707624939738,0.00556446765043165,0.647998927552442,0.893884804595544,0.732551162636162,0.00674167666561573,0.600068665979631,0.869861929840061,0.733442421812095,0.00523151925697934,0.61742572482486,0.852648591745268,1.13678066522627,0.011284027726043,0.965058400387895,1.31201142358615,1.13670124503346,0.0112843550502107,0.964425154326706,1.31199691325114,1.03755661439804,0.0078897338619341,0.897979809477375,1.19031759801576,1.03971028452429,0.00785049967664455,0.898790579178395,1.18964301461046
"high-small","halfcauchy",1,"binary",62,8,7454748,10668784,1,1,1,1,0.67117091212221,1.00508763464378,0.699007141092929,0.67117091212221,0.615805413197078,0.00843542843590925,0.466054072619278,0.76666721058592,0.616080890989681,0.00471813865909599,0.503174630117338,0.729477511718709,0.558654125593879,0.00616721487956073,0.43576798488715,0.693075726949617,0.559993012649944,0.00395120252886242,0.459394492793349,0.667136967858593,0.997356601988819,0.00965644915882401,0.836589591123542,1.16239741428358,0.997313639561894,0.00965720410924773,0.836657801059828,1.16250042618603,1.0715251088557,0.00745436733605981,0.937995841805937,1.22057450604927,1.07269013870707,0.00741057218914533,0.938438056648081,1.21963867513619
"high-small","halfcauchy",1,"binary",62,9,7454748,11584487,1,1,1,1,0.67117091212221,1.00508763464378,0.699007141092929,0.67117091212221,0.601461025330666,0.00800169122173809,0.460086467376407,0.753377237143829,0.601200267952538,0.00467726075912835,0.489353261072751,0.713679237351267,0.635743900503952,0.00660717421994619,0.510686919465276,0.77499208996592,0.637569202348037,0.00458745578765865,0.527368384616843,0.75112866792374,0.922266024199587,0.00908119078308265,0.762931595857717,1.08044649795469,0.922204252551939,0.00908231928322738,0.762950138964949,1.08024809253137,0.950805669151105,0.00586517359915875,0.83163419341413,1.07749936492184,0.952480756398929,0.00578239829747609,0.83419226762895,1.07849531243985
"high-small","halfcauchy",1,"binary",62,10,7454748,3846889,1,1,1,1,0.67117091212221,1.00508763464378,0.699007141092929,0.67117091212221,0.685140062320952,0.00801554703593419,0.542515284396308,0.836699888236516,0.685416053199797,0.0048142850122819,0.570830759590758,0.801418735124152,0.651555482588153,0.00672160868700566,0.518829709604871,0.78878863989667,0.653367709798263,0.00451795809611369,0.543071612616138,0.76670583330922,1.06675473325643,0.00987260196370923,0.905035741869756,1.22897105981593,1.06670250998479,0.00987282267083679,0.905138762315369,1.22898156594105,0.921320770562318,0.00616351115039006,0.796997366021061,1.05727095108816,0.922736930559524,0.00605691649347346,0.799012879989735,1.05839934950488
"high-small","halfcauchy",1,"binary",62,11,7454748,16606236,1,1,1,1,0.67117091212221,1.00508763464378,0.699007141092929,0.67117091212221,0.743150428454795,0.011598614894798,0.572139621975483,0.921778150067455,0.742983651104277,0.00553525029533759,0.624169218849143,0.86625482815929,0.659242760394152,0.00884529659390697,0.511177924397372,0.816918954944425,0.662335841886467,0.00481458898746442,0.546713532825151,0.778712249185985,0.997331066826574,0.0102392008981503,0.82938317452773,1.16215944008334,0.997024695711486,0.0102393887002857,0.829277639368009,1.16232049823751,1.09754838087769,0.00785330677981979,0.951819781298175,1.24868507456011,1.10585637277241,0.0078286460253068,0.961638995924235,1.25887415232375
"high-small","halfcauchy",1,"binary",62,12,7454748,4566578,1,1,1,1,0.67117091212221,1.00508763464378,0.699007141092929,0.67117091212221,0.626920714520525,0.00886213718255966,0.475508243657082,0.788054134995515,0.626013742593441,0.00493407014912238,0.512809095267761,0.740244910594412,0.595962192537856,0.00684830284571583,0.466941157095224,0.741390896188443,0.597743675646492,0.00424531415052525,0.492264591675637,0.708143731763424,1.05294195958359,0.00996968042726114,0.887224908516319,1.21629573250151,1.05282984354547,0.00997174231323545,0.887038852333908,1.21585664632248,1.00607166568165,0.00695742706861612,0.873896712641711,1.14746334296041,1.00911196253119,0.00689821927123606,0.877436566118369,1.14986438747851
"high-small","halfcauchy",1,"binary",62,13,7454748,4747426,1,1,1,1,0.67117091212221,1.00508763464378,0.699007141092929,0.67117091212221,0.786247865029853,0.00899678614076845,0.634062486652382,0.9425966149582,0.784672253207161,0.0057106365209696,0.664399247537658,0.910115450557132,0.797875237987651,0.00780970091993842,0.65485719576822,0.947291372965689,0.80003448257165,0.0057305407152365,0.677130747789076,0.929855216187943,1.08831172359544,0.0107737654342081,0.916507095716613,1.25702559647342,1.08809212246003,0.010774544549303,0.9164227172753,1.25692622331874,1.06613312966833,0.00775014965240889,0.921291197932957,1.21651856197017,1.0720881442346,0.00773478419952019,0.929664298608326,1.21972637036984
"high-small","halfcauchy",1,"binary",62,14,7454748,12607617,1,1,1,1,0.67117091212221,1.00508763464378,0.699007141092929,0.67117091212221,0.857514227664639,0.0133404855077332,0.674522022334386,1.04976827549534,0.857163862141739,0.0066003012980332,0.725598956614864,0.991011282225708,0.834884785797785,0.0111496959182956,0.667590566795472,1.02194970078148,0.839815596315725,0.00646006566129137,0.704662070038682,0.973417018793302,1.1563939632837,0.012507307851206,0.973921448984435,1.34949333265117,1.15605781165462,0.0125045800468398,0.973059719808891,1.3488725719359,1.11948182440254,0.00873196656376741,0.972430427705516,1.27141998225082,1.1285973867785,0.00870410487925756,0.981528409180028,1.28344567801993
"high-small","halfcauchy",1,"binary",62,15,7454748,1035420,1,1,1,1,0.67117091212221,1.00508763464378,0.699007141092929,0.67117091212221,0.805909348742833,0.00807682200320739,0.660232380551545,0.957647285591838,0.805378971318207,0.00583233977023406,0.685100727978376,0.933072290416235,0.785752505408423,0.00682175814117587,0.653924029733784,0.92179721130683,0.787116491833399,0.00538845704250596,0.669959207865044,0.909690574973775,1.04233450854613,0.0106458666298271,0.873885246952882,1.21129204495948,1.04210261657312,0.0106442410379211,0.873262014241363,1.21100353941925,1.05135231670784,0.00764501073119943,0.909756381869028,1.1989240256107,1.05764062698696,0.00766933604519793,0.91974224059978,1.20438667602357
"high-small","halfcauchy",1,"binary",62,16,7454748,1705476,1,1,1,1,0.67117091212221,1.00508763464378,0.699007141092929,0.67117091212221,0.755919784910885,0.00650161966177455,0.625009412241331,0.893622375364068,0.755801725565183,0.00552657506880823,0.631624011866386,0.880920630156806,0.711360772961562,0.00556577780162611,0.590345236668185,0.83551674419425,0.711988781554773,0.00486159928322487,0.598597976231099,0.830648630356278,1.05770662043524,0.0102808474142093,0.8870005691788,1.2281753979738,1.05762387226061,0.0102811023491425,0.88696513104615,1.22813634878401,1.03020131077314,0.0072072029287262,0.890858222464818,1.17410474605775,1.03244522715515,0.00717499532483299,0.89365999696867,1.1747505602173
"high-small","halfcauchy",1,"binary",62,17,7454748,13205824,1,1,1,1,0.67117091212221,1.00508763464378,0.699007141092929,0.67117091212221,0.75746312233849,0.00834750918205917,0.606400210949503,0.909408444720739,0.756762099091744,0.00522335183013003,0.637668518098924,0.873449024974415,0.695189191217738,0.00665992756186179,0.564266045952213,0.832462539967553,0.696980331416798,0.00473000958870367,0.584226447247582,0.810912045991753,1.06800911004333,0.0111235057676273,0.894465548988709,1.24040370001147,1.06797160707642,0.0111248717964624,0.894482082618159,1.24039433990287,1.07065271256552,0.00776791266183078,0.925411821439296,1.22273301833454,1.07166969598798,0.00766564732388531,0.927692929797804,1.22079822842103
"high-small","halfcauchy",1,"binary",62,18,7454748,8789630,1,1,1,1,0.67117091212221,1.00508763464378,0.699007141092929,0.67117091212221,0.630616963488523,0.00800656503829391,0.484611840197197,0.779045844523228,0.631975737393054,0.0047576394638695,0.520368408599323,0.744681403762273,0.660994987143019,0.00674109909277829,0.532669979024785,0.801964894235694,0.662148087307995,0.0045120027739397,0.553706833795819,0.774665039040139,0.929306542217351,0.00952922718080043,0.769025991180703,1.08764010041179,0.929026775794039,0.00952621720562203,0.768798922912683,1.08756890231682,0.983652139939896,0.00645279298452613,0.853889465862162,1.12173857757978,0.991238681434259,0.00648456580511584,0.859824336717331,1.12807517945414
"high-small","halfcauchy",1,"binary",62,19,7454748,526761,1,1,1,1,0.67117091212221,1.00508763464378,0.699007141092929,0.67117091212221,0.63436053294681,0.00579229186935723,0.512025227477198,0.762391069961574,0.634073329499786,0.00463789790253528,0.526081366542947,0.747615940244927,0.61140525171701,0.00507043508703896,0.497445612571832,0.730672954242418,0.61190564937101,0.00424199886071872,0.504386492380145,0.71969536306991,1.12526115929126,0.0103212069562092,0.959029264188292,1.29237110984557,1.12516718353551,0.0103207372050789,0.958793754692154,1.29233942913952,0.976604347239044,0.00653752010266772,0.845097911609817,1.11385412779184,0.979152726569192,0.00651546399179105,0.849201973505815,1.11766980054015
"high-small","halfcauchy",1,"binary",62,20,7454748,8322361,1,1,1,1,0.67117091212221,1.00508763464378,0.699007141092929,0.67117091212221,0.689665299707069,0.0100370473713412,0.530584373843209,0.861991395219219,0.689691666754298,0.00573550817709991,0.572748921512681,0.816353377038432,0.838108335621596,0.0100061180659555,0.681871122382733,1.01573378521663,0.841219842434084,0.00662333710855423,0.704596728153539,0.976084574989679,0.924698768749923,0.0104870981317499,0.758644513341401,1.09072629667269,0.924757406789631,0.0104909496666924,0.758644586868314,1.09106874587854,0.951524735445391,0.00660169368230456,0.822701015788152,1.09036123858159,0.94993462353657,0.00644885173711573,0.82186349741796,1.08659751454908
"high-small","halfcauchy",1,"binary",62,21,7454748,15976773,1,1,1,1,0.67117091212221,1.00508763464378,0.699007141092929,0.67117091212221,0.780060805759179,0.0148798028144639,0.586249948753142,0.988954144555704,0.779828306509658,0.00626511982495588,0.654177262939507,0.913693132481017,0.76496413927923,0.0119370972385121,0.596183691505419,0.944239881716274,0.771320640645752,0.00592278436326641,0.645014130667957,0.899637379597439,1.14808894222232,0.0123310171601694,0.971398073602562,1.33121125246313,1.14797443678513,0.0123352315683511,0.971220051885019,1.330950126189,1.14761037807767,0.00882792087555554,0.998676024757547,1.30807789362475,1.15071546924744,0.00863407924087974,1.0019391621526,1.3083707322863
"high-small","halfcauchy",1,"binary",62,22,7454748,10407276,1,1,1,1,0.67117091212221,1.00508763464378,0.699007141092929,0.67117091212221,0.673800766047559,0.0112553626037489,0.499914194559097,0.849616244384821,0.673766257905878,0.00550684643313279,0.55514240747607,0.793636155701183,0.757263205148493,0.00911414574571618,0.609492462980069,0.920054824158345,0.76105797900171,0.00548832046603586,0.641603531719264,0.88725133923944,1.02648508522741,0.0114423925333704,0.846596017113547,1.19963656222741,1.02622560317561,0.0114415061018235,0.846338684478745,1.19930452529924,1.16845559488931,0.00864359576984809,1.01675668279751,1.32559409660384,1.17549207671467,0.00856341100638127,1.0258789119895,1.33090665043537
"high-small","halfcauchy",1,"binary",62,23,7454748,14585271,1,1,1,1,0.67117091212221,1.00508763464378,0.699007141092929,0.67117091212221,0.642952942367624,0.0103395071478188,0.481822585479149,0.816989927802343,0.643112783126006,0.00537980959223432,0.524601017580201,0.765385349688949,0.770351266540808,0.00960074442538692,0.612856664308553,0.940576827228339,0.77299361679389,0.00588958523705118,0.644707570361379,0.899254403391789,1.02443209658657,0.0101950546123485,0.856653164239267,1.18670285437548,1.02389933809166,0.0101932262633921,0.856267951577482,1.18607859129217,1.05033102130024,0.00734494215231935,0.911712230212962,1.19984535478133,1.0647780531501,0.0073407867555165,0.926030077172202,1.21452374856462
"high-small","halfcauchy",1,"binary",62,24,7454748,509145,1,1,1,1,0.67117091212221,1.00508763464378,0.699007141092929,0.67117091212221,0.671109325614797,0.00894365715293733,0.51866682212161,0.830532390595498,0.671089814368919,0.0051003432922937,0.553858405001356,0.787751514956125,0.680978195311789,0.00739222266784248,0.546079274552706,0.829732144817052,0.683242448333919,0.00487972473914079,0.568904376603262,0.796465863170304,1.00386276428193,0.0102789126424657,0.838811616655608,1.1692595275046,1.00373970978689,0.0102787603933026,0.83880819776527,1.16943515920122,1.09585757371008,0.00783107042417576,0.956304323696857,1.24387432589874,1.09919449320744,0.00778364449016801,0.959981695423476,1.24501192906736
"high-small","halfcauchy",1,"binary",62,25,7454748,13958802,1,1,1,1,0.67117091212221,1.00508763464378,0.699007141092929,0.67117091212221,0.708878972304577,0.00720494284094297,0.573017424017603,0.851785327945144,0.708890585462878,0.0051218661927344,0.59341573029594,0.827457956604793,0.738828563568974,0.0065664021804218,0.609304092844457,0.879116574341688,0.739818773009254,0.00525050431223153,0.620172055390697,0.86337431525711,0.846116214195738,0.00889886001014507,0.689859650298157,1.0000036116531,0.845877267937746,0.00889817071316825,0.689873819810385,0.999982176693064,0.936587543440638,0.00625447756279201,0.81375771950127,1.06803176383264,0.943067147675205,0.00623038974239019,0.819465537081156,1.0749841471067
"high-small","halfcauchy",1,"binary",62,26,7454748,5804001,1,1,1,1,0.67117091212221,1.00508763464378,0.699007141092929,0.67117091212221,0.755063360632858,0.0112762932419567,0.584638682621965,0.930897549102709,0.755482372758968,0.0054289721289753,0.63773461812224,0.878245534470645,0.688688323216126,0.00893258568521776,0.540603972340621,0.849715877954268,0.692896589364216,0.00457961525135944,0.581620922452765,0.808930393118517,1.00304872209648,0.0102018711381426,0.840138476821597,1.17234881524177,1.00347497920009,0.0102126589916303,0.840439282762535,1.17296017992143,1.01086344051513,0.00755955091577962,0.868456020740399,1.1552077803807,0.999304450821079,0.00720306382650335,0.860038396528455,1.14137370760069
"high-small","halfcauchy",1,"binary",62,27,7454748,13447061,1,1,1,1,0.67117091212221,1.00508763464378,0.699007141092929,0.67117091212221,0.771587860285058,0.00859233576156993,0.620413350860556,0.926458859353812,0.771444951268617,0.00633763492400274,0.642218070894131,0.905321120867307,0.772856205173734,0.00743497868807857,0.634574589692729,0.921691558385907,0.773664768536293,0.00576843931697565,0.650176406304002,0.904990184060059,1.03933426772621,0.0113076338594314,0.866572671798325,1.21241051883013,1.03933771684897,0.0113113540255462,0.86649263458474,1.21234263920713,1.18675668503938,0.00895076079484574,1.03302746143115,1.34453585117686,1.18666315375477,0.00885246277390389,1.0341895273655,1.34231507400411
"high-small","halfcauchy",1,"binary",62,28,7454748,5504771,1,1,1,1,0.67117091212221,1.00508763464378,0.699007141092929,0.67117091212221,0.599105134939242,0.00808995869194681,0.457210896734222,0.748231033319603,0.598936484128187,0.00491432815728418,0.483136039177537,0.7130991659706,0.700228238051073,0.00677579762122965,0.572854143448859,0.837627987281976,0.702718750447477,0.00456377618904182,0.595167475802083,0.812179043958194,1.04230046922304,0.0103386897588664,0.876163390534747,1.20583496553638,1.04215071453211,0.0103374199981575,0.875946837469689,1.20578018583878,1.04737601861843,0.00723708247833098,0.910868027299106,1.19162806057257,1.0514369783409,0.00720963069503421,0.917491584976061,1.19627720622181
"high-small","halfcauchy",1,"binary",62,29,7454748,11964798,1,1,1,1,0.67117091212221,1.00508763464378,0.699007141092929,0.67117091212221,0.70816754480709,0.00997193778545207,0.543132969922934,0.876936165966236,0.708021362878861,0.00559311781348754,0.588401002103342,0.8353809077124,0.705723276120008,0.00794684134898931,0.56531392394433,0.859742442851139,0.708243602752652,0.00496462059268018,0.592264077895632,0.825773636938895,1.28588493533717,0.0131427882591054,1.09852866891944,1.47018575221993,1.28571399977204,0.0131423020087282,1.09839649975824,1.46999377862239,1.06426910255398,0.00784272367934735,0.922917959629689,1.21182447235291,1.06890443277839,0.00780511113469891,0.927884715126987,1.21756711920729
"high-small","halfcauchy",1,"binary",62,30,7454748,10740449,1,1,1,1,0.67117091212221,1.00508763464378,0.699007141092929,0.67117091212221,0.778683751067927,0.00895480683440761,0.628538208173658,0.940458826062432,0.778463882315921,0.00623111810027823,0.651165202576326,0.909938435022838,0.766445886704339,0.00801429428762551,0.624726815456536,0.924164076503501,0.767767347873956,0.00602347580358245,0.643029775091085,0.897230901530616,1.30773666886355,0.0131639225782987,1.12135166031812,1.49602050771595,1.30754475491384,0.013161435134027,1.12130460411084,1.49606894846871,1.09680766777927,0.00844804391597489,0.94958936065549,1.24702240751735,1.10201187751091,0.00845824243557793,0.954798601575492,1.25197107265408
"high-small","halfcauchy",1,"binary",62,31,7454748,4096829,1,1,1,1,0.67117091212221,1.00508763464378,0.699007141092929,0.67117091212221,0.720749410244787,0.00770271455153523,0.583700507370027,0.867517975438061,0.72014620824955,0.00548791281143997,0.607487916189134,0.847718567826831,0.786341999313241,0.00697973266935158,0.653611577999188,0.926437462814059,0.787914436235471,0.00570117546741608,0.664298540620839,0.913744679905191,0.941464735592181,0.0100562386993449,0.775336857543807,1.10651698935931,0.941349006498121,0.0100576550590321,0.775322215685721,1.10630303025458,1.09609734021774,0.00750321591756587,0.960598145906331,1.24650258594545,1.09923561379537,0.00749469924276077,0.962703686366406,1.24990050215477
"high-small","halfcauchy",1,"binary",62,32,7454748,1537276,1,1,1,1,0.67117091212221,1.00508763464378,0.699007141092929,0.67117091212221,0.742489116250075,0.00788949891566699,0.595014322622196,0.895107046852769,0.742044438362249,0.00551721535435221,0.624349566957894,0.864375451820789,0.722716148817744,0.00654602300454961,0.592992537287635,0.854702130005315,0.724294778643035,0.00496121627955873,0.610017013033819,0.839428278470811,0.937229802244005,0.00989057230184828,0.771114704981454,1.09832854894127,0.937238777116255,0.0098924822414364,0.771125876943715,1.09804965328081,1.12463647664755,0.00746897222446961,0.984041957090571,1.27269128614349,1.12439310133495,0.00737796968128062,0.984131916497252,1.26997170178085
"high-small","halfcauchy",1,"binary",62,33,7454748,3671256,1,1,1,1,0.67117091212221,1.00508763464378,0.699007141092929,0.67117091212221,0.692730715249308,0.00814420783418535,0.547829484526241,0.844551561542172,0.69132871117652,0.00566888187429879,0.574239465606956,0.812356993635331,0.708032496018034,0.00680538708460755,0.579085578585119,0.849484263531271,0.709968066743494,0.00521990593493444,0.588351722166154,0.826918086149584,1.16487990461046,0.0114192748939625,0.98682514024636,1.3370836827376,1.16484409761453,0.0114195183452673,0.986762598462279,1.33721188219253,1.02568953094995,0.00714360582841079,0.891961718041015,1.16456159381162,1.02666052402764,0.00707947258620001,0.894080834620175,1.16624672625201
"high-small","halfcauchy",1,"binary",62,34,7454748,1140378,1,1,1,1,0.67117091212221,1.00508763464378,0.699007141092929,0.67117091212221,0.550764538494541,0.0100510062569012,0.386169922815276,0.711886501773471,0.551041695957564,0.00488755884845698,0.441672681127024,0.664394149357468,0.712999107068777,0.00809625915310841,0.57365801916849,0.859691082809154,0.716154472247129,0.0046267481738199,0.602487488403318,0.828073458999632,1.10310515565346,0.0104607276175331,0.938789949232471,1.27476459355235,1.10288264328318,0.0104598760946842,0.938634429852855,1.27430306361689,1.00560435844547,0.00687370730408654,0.872471159905616,1.14539584146867,1.01163831816872,0.00680831467531323,0.879581174117587,1.15212773418453
"high-small","halfcauchy",1,"binary",62,35,7454748,13689434,1,1,1,1,0.67117091212221,1.00508763464378,0.699007141092929,0.67117091212221,0.760991670572373,0.00882976196351533,0.611818713019043,0.9224904025238,0.761473105685479,0.00552310495371682,0.642887861729328,0.884609378802174,0.726288559306125,0.00751672371905073,0.585958183497714,0.873546097504421,0.72823208145941,0.00519032534290426,0.610696209779597,0.851592403715914,0.928683249358488,0.00986256245356493,0.767129296975358,1.0915113896493,0.928717753440264,0.00986582045543117,0.767022661849512,1.0913773635331,1.02496393139968,0.00710138360477236,0.89011174571245,1.16863627441317,1.02402826998247,0.00698105889569581,0.890496313419763,1.16462562459025
"high-small","halfcauchy",1,"binary",62,36,7454748,12441470,1,1,1,1,0.67117091212221,1.00508763464378,0.699007141092929,0.67117091212221,0.654416762439162,0.00864965715134827,0.501491477264327,0.81043696840497,0.655391191290381,0.00510169134596801,0.537168097021781,0.772747869975822,0.730596941334189,0.00768615852384805,0.593783369189921,0.881648728507376,0.732904664123312,0.0054225023773636,0.615849038955051,0.85695066906714,0.901422351538182,0.00985894096146737,0.743354694803094,1.06629916256259,0.901122629260099,0.00985487756851855,0.743281921391403,1.0659982864824,1.07915333810368,0.00741195850440686,0.93805202830588,1.21972338789032,1.08728103074294,0.007458234218333,0.944384115746944,1.23136726140604
"high-small","halfcauchy",1,"binary",62,37,7454748,13935180,1,1,1,1,0.67117091212221,1.00508763464378,0.699007141092929,0.67117091212221,0.738088625918656,0.0166289095380644,0.527313464105505,0.954449382804602,0.738705889258588,0.00589296222844061,0.616471036644585,0.866832625652289,0.778695199599546,0.0131725460582124,0.597884754990707,0.977248320153319,0.78620149833512,0.00602936777931004,0.65887924753648,0.916330475311052,0.987071954323647,0.0104291211217319,0.818822406486413,1.15299290840151,0.986479239794042,0.0104271594079526,0.81844631077097,1.15268927775986,1.12663915795035,0.00850174742806177,0.980206956218095,1.28078536942667,1.14271204232272,0.00848285009084899,0.996534815155866,1.29939487092691
"high-small","halfcauchy",1,"binary",62,38,7454748,2821830,1,1,1,1,0.67117091212221,1.00508763464378,0.699007141092929,0.67117091212221,0.693989964498937,0.0108638559666033,0.525149335255499,0.867691062478942,0.694113882973379,0.0054764624238772,0.57807719264291,0.81395946052626,0.792925301147342,0.00965618453574181,0.640199332535227,0.958663414216036,0.795883635104909,0.00606755246038316,0.668186475704279,0.927802975570045,0.947901975746748,0.00970002948358843,0.787027088088058,1.10989627349464,0.947505517327802,0.00969837193111473,0.786693865633542,1.10972998626511,1.08230118848454,0.00745344145240389,0.945960641152496,1.22793628613129,1.09305211495571,0.00747450803749383,0.956001760202408,1.24087518926423
"high-small","halfcauchy",1,"binary",62,39,7454748,8671445,1,1,1,1,0.67117091212221,1.00508763464378,0.699007141092929,0.67117091212221,0.789804871261115,0.0105598482809764,0.624052458372733,0.960652957649818,0.79007535725178,0.00583826549951241,0.66621469596414,0.91625502130072,0.747600131716504,0.00871827494128354,0.595918040763368,0.907232406987402,0.749888503298447,0.00552940674349959,0.626651420011805,0.869971885948445,1.02562676172009,0.011090295355043,0.851484490609755,1.19286561009506,1.02536381268653,0.0110888826139918,0.851216107589766,1.19246210657839,0.964346884614493,0.00724702681303557,0.829519250588914,1.10914051283227,0.971477382014366,0.0072078936225304,0.836767294983051,1.11552350218499
"high-small","halfcauchy",1,"binary",62,40,7454748,8576960,1,1,1,1,0.67117091212221,1.00508763464378,0.699007141092929,0.67117091212221,0.603938687364544,0.00889523150371154,0.448864590219352,0.757157004871667,0.60379714226175,0.00468235656530848,0.493373584205766,0.717133409214484,0.703240249902789,0.00769878603810125,0.565631423621228,0.853061642981147,0.705424811332899,0.00488935696092419,0.588761393289141,0.820508568518859,0.930456638050968,0.00941758929371994,0.774710020528251,1.09171175207023,0.930511558462393,0.00942005047906305,0.774661145664596,1.09197604899725,1.00281219975735,0.00697664241682176,0.868079799806122,1.14287230968309,1.00132290030807,0.00680238145970263,0.869410561827357,1.14138007172982
"high-small","halfcauchy",1,"binary",62,41,7454748,10071012,1,1,1,1,0.67117091212221,1.00508763464378,0.699007141092929,0.67117091212221,0.71974835146428,0.00719607862682117,0.583216157330576,0.860602637799716,0.719859001485728,0.00521700261539665,0.603449562555176,0.841631726527975,0.712025276546537,0.00623144178980184,0.587011085125566,0.84530419258448,0.713284634761975,0.00488306154791124,0.599843400496097,0.828369943321146,0.914195695384528,0.00967200983486139,0.747348148221416,1.06967744563373,0.913996959274471,0.00966987260711489,0.74718091036853,1.06877301938922,1.0275229717446,0.00681298321740511,0.893461911049903,1.16773889522813,1.03291218081241,0.00680611650434289,0.898581516628379,1.17205222073333
"high-small","halfcauchy",1,"binary",62,42,7454748,1256489,1,1,1,1,0.67117091212221,1.00508763464378,0.699007141092929,0.67117091212221,0.716520264777672,0.00660850133243384,0.587307560606484,0.853708419862311,0.716114460894385,0.0049294911357389,0.603962810197829,0.833708964166327,0.627848664246112,0.00514654628938997,0.509581310243783,0.746629944029233,0.628339376487416,0.00428836516308951,0.519140475104457,0.736677233464593,1.01304640987544,0.00965940756481865,0.851357806340491,1.17578907826478,1.01290332273939,0.00965827498913024,0.85107769094424,1.17577818565193,1.03766780815714,0.00702051757849098,0.90335871283073,1.17694067108752,1.04154796104359,0.00702697607125693,0.904856662037107,1.18091945248737
"high-small","halfcauchy",1,"binary",62,43,7454748,6584912,1,1,1,1,0.67117091212221,1.00508763464378,0.699007141092929,0.67117091212221,0.728680691338869,0.00905593841346161,0.580513947933661,0.892706275412937,0.728703199194577,0.00540736883892965,0.609990349654526,0.848023906163808,0.671480336053203,0.00708977018054749,0.539731206425613,0.819205321227096,0.673087797424161,0.00463996714698645,0.561149334716182,0.790643986114413,0.977343473106163,0.0102280605549905,0.815085696274028,1.14071407549573,0.977234843629774,0.0102287877028235,0.814391890864539,1.14055970232187,0.997193634608811,0.00705563038923772,0.865126857541277,1.14022676052462,1.00013938492574,0.00697450859493225,0.868660821702176,1.14190180545156
"high-small","halfcauchy",1,"binary",62,44,7454748,7480957,1,1,1,1,0.67117091212221,1.00508763464378,0.699007141092929,0.67117091212221,0.671076485677236,0.00849423736603966,0.524746889425834,0.829473484247623,0.670726756035194,0.00527897597033938,0.557667596017347,0.795386726484336,0.843229358637755,0.00828297873312702,0.702510812451811,0.997218237015718,0.845366983224135,0.00603568714878062,0.715365843236034,0.973608575278169,1.13059730481916,0.0116170379542468,0.958234024099531,1.30941371071034,1.13064387880082,0.0116207911468594,0.958341725851317,1.30910043488056,0.980217919772663,0.0076209203513742,0.839968275448259,1.13157440698293,0.978954953902024,0.00743644615208201,0.838220569422932,1.1278825601712
"high-small","halfcauchy",1,"binary",62,45,7454748,5609369,1,1,1,1,0.67117091212221,1.00508763464378,0.699007141092929,0.67117091212221,0.686933909974316,0.0078299934726883,0.545094698629141,0.833693116513818,0.685866295984523,0.00564847993762573,0.563703099389001,0.80640245808582,0.793113623706071,0.00726850271009094,0.656550913732519,0.937850891944706,0.793184842826613,0.00588800018505441,0.664862100698632,0.924105836719223,1.1223268882463,0.0117488761157559,0.941389946745126,1.30580538196343,1.12223997553601,0.0117486064522478,0.941347765915863,1.30612837972635,1.24036276212016,0.00898856718499701,1.08713015828118,1.40195725121958,1.24271960993331,0.00894949577660504,1.08904048742367,1.40166946042152
"high-small","halfcauchy",1,"binary",62,46,7454748,5902152,1,1,1,1,0.67117091212221,1.00508763464378,0.699007141092929,0.67117091212221,0.698891733160353,0.00876084417190001,0.548682366136426,0.861129039088747,0.698981590988386,0.00522383780084384,0.582717830633648,0.819086983151062,0.651663637155275,0.00722339241649093,0.517162858532344,0.795365812006385,0.65338893837297,0.00453593026922235,0.542602887482044,0.764666160481341,1.01757597529182,0.00999788652372708,0.853539490916491,1.18464743338661,1.01714034924053,0.00999183273860671,0.85309534945285,1.18334563427358,1.02707744556158,0.00694199001630793,0.891814805015053,1.16837192313797,1.03889049687435,0.0069989992850914,0.900717267588415,1.17851410704454
"high-small","halfcauchy",1,"binary",62,47,7454748,5744233,1,1,1,1,0.67117091212221,1.00508763464378,0.699007141092929,0.67117091212221,0.738326392601433,0.00890384538953322,0.584202852662437,0.900848094257174,0.738601911149924,0.005619955910488,0.617485493007631,0.861938310291613,0.797356328683488,0.00805889621985116,0.659024639965839,0.953215945336529,0.799074960620372,0.00584517197199409,0.672637001587695,0.930606624354976,0.949845741243228,0.0103210923621328,0.788042678932896,1.12190360334173,0.949796407911616,0.0103236086741364,0.787613335931269,1.12168735887074,1.01617316340603,0.00751759475240424,0.880596713143612,1.16472339578449,1.01751095570754,0.00741579862226961,0.882302890613311,1.16795289518983
"high-small","halfcauchy",1,"binary",62,48,7454748,8866205,1,1,1,1,0.67117091212221,1.00508763464378,0.699007141092929,0.67117091212221,0.846363542135414,0.0136391621728875,0.658480313594311,1.04163179744634,0.846348472101325,0.00671769610339057,0.714477443468559,0.982859288880103,0.752504022130195,0.0102979401481795,0.587772084218284,0.923790355228658,0.757628991042148,0.00588516876898242,0.634931949693871,0.886763555510574,1.21030707389065,0.0131166151484176,1.01881545260121,1.40144118772285,1.20963570903796,0.013109621643711,1.01819451579878,1.40014745608782,1.10702337086063,0.00851742158197954,0.955110113457428,1.26243684796397,1.12522904848469,0.00856628287560938,0.973061062460544,1.28323204598275
"high-small","halfcauchy",1,"binary",62,49,7454748,15574312,1,1,1,1,0.67117091212221,1.00508763464378,0.699007141092929,0.67117091212221,0.638940146643634,0.00750513000902255,0.503347647329214,0.788213215936886,0.63829386025878,0.00476371547770848,0.530042445524896,0.75707143142646,0.651456410844145,0.00653085346772433,0.522975469265296,0.789638305937954,0.65255912283613,0.00451066551323863,0.542646311587311,0.767794775835623,0.97908432024701,0.00921560246350885,0.824219874566468,1.14277642318694,0.979176393603074,0.00921869560545261,0.824198236019422,1.14275426412025,0.873494285612681,0.00574351957561631,0.751928953680588,1.0037477463779,0.870997494439391,0.00560823648316474,0.751975236797528,1.00019124754281
"high-small","halfcauchy",1,"binary",62,50,7454748,11956583,1,1,1,1,0.67117091212221,1.00508763464378,0.699007141092929,0.67117091212221,0.685218855909684,0.0086542614257959,0.530581187743924,0.84639523284942,0.684971701552258,0.00528638826284741,0.569119661190625,0.806710230888645,0.820124858641007,0.00831390762195088,0.674171775409491,0.974569645852287,0.822594668040287,0.00603645431059959,0.699382413365403,0.953770792741178,1.02473084137865,0.0107669266225162,0.859108219260362,1.19447111993698,1.02487525428916,0.0107740198403221,0.859202732574681,1.19416329662472,1.03248156774002,0.00763361811219193,0.892130359626896,1.17933165648593,1.02856546328067,0.00739747756503763,0.887702541491806,1.17521511521066
"high-small","halfcauchy",1,"binary",62,51,7454748,11255779,1,1,1,1,0.67117091212221,1.00508763464378,0.699007141092929,0.67117091212221,0.675635337454287,0.00877927685730191,0.528403088028677,0.835580472807283,0.675505696424524,0.00517223333931599,0.561605727026976,0.79152393263225,0.74926527655657,0.00737993542018003,0.60704738459698,0.894328979884393,0.751479353352476,0.00502812210529725,0.634908003591047,0.873026835032073,0.993703898483467,0.0101579629508009,0.831575017502637,1.16114435851555,0.993384272998531,0.010155754156664,0.831577921001588,1.1605794995381,1.04626183227615,0.0073664565138973,0.903193218051898,1.19073964846646,1.05492924838497,0.00737512695904865,0.911183983960409,1.20200545626422
"high-small","halfcauchy",1,"binary",62,52,7454748,15355642,1,1,1,1,0.67117091212221,1.00508763464378,0.699007141092929,0.67117091212221,0.700934627523561,0.0102395038856619,0.534947433427018,0.860776943119348,0.700578608927777,0.00531422259139509,0.581374741529218,0.820635254963553,0.760458063373221,0.00886792625916122,0.614118661621049,0.920145568578049,0.763541272718057,0.00556149474254868,0.643471097347918,0.888240110022241,1.06162902222518,0.0106608465163511,0.892312089884226,1.23123053896815,1.06146431336114,0.0106622882912463,0.892140231673086,1.23115966140998,0.991956617928693,0.00720920440171168,0.851474814586274,1.13691229281875,0.996423096131149,0.00712579740684413,0.857403807229272,1.14220217141715
"high-small","halfcauchy",1,"binary",62,53,7454748,5750577,1,1,1,1,0.67117091212221,1.00508763464378,0.699007141092929,0.67117091212221,0.672295015514128,0.0102903421083476,0.508062376297643,0.84516883977119,0.672145864725877,0.00560758756902568,0.552079060072144,0.797861643083619,0.795543245846605,0.00933416346929849,0.64832250666809,0.956777707097685,0.798236339719949,0.00599804211646612,0.676476553164602,0.93294464615221,0.920513883736068,0.0100501777257697,0.757458400311487,1.08636235903441,0.920149847932444,0.0100465503462605,0.757224895747599,1.08584622080043,1.09168129597084,0.00757984822872208,0.95214206906059,1.23689526374767,1.10155300500917,0.00759287212012659,0.961889839488502,1.24779995159402
"high-small","halfcauchy",1,"binary",62,54,7454748,3837307,1,1,1,1,0.67117091212221,1.00508763464378,0.699007141092929,0.67117091212221,0.660870535431074,0.00794840113748933,0.522131740575396,0.810444185352832,0.661368672930491,0.0049388682177567,0.549414216059694,0.777199832292925,0.677515588170288,0.00672350406313944,0.546790346801474,0.814828111828584,0.678640311452894,0.00462386507691324,0.56736816578263,0.794155347152945,0.833719184810135,0.00865309380477414,0.676361191088961,0.988475278611825,0.833594747373619,0.0086529106801966,0.676313281521499,0.988006151165464,0.935366680036841,0.00627329939483305,0.81024603385569,1.06847022665453,0.938741101328731,0.00622988361803365,0.814937184880902,1.07164568241655
"high-small","halfcauchy",1,"binary",62,55,7454748,982067,1,1,1,1,0.67117091212221,1.00508763464378,0.699007141092929,0.67117091212221,0.54829130649399,0.00767471674342563,0.405121645795494,0.698405259915632,0.547431164072665,0.00481950439604154,0.437201354114562,0.664606533793102,0.757327841720847,0.00713633663782616,0.622509179791482,0.89468032972977,0.758749757941213,0.00519409539241519,0.641054371476613,0.880181259268728,0.920286436040891,0.0098676701353252,0.759774168349013,1.08743007586363,0.920449861952721,0.00987290959258396,0.760035927726906,1.08760258670509,1.06489347206026,0.00728816946186507,0.930415928320497,1.20948424567804,1.06046178420195,0.00709777820576869,0.925248134918602,1.20421875329762
"high-small","halfcauchy",1,"binary",62,56,7454748,7423900,1,1,1,1,0.67117091212221,1.00508763464378,0.699007141092929,0.67117091212221,0.670798571222804,0.0120507690288073,0.492047620801268,0.856476772214608,0.670759230948441,0.00532308825195421,0.553978682493632,0.792717756464537,0.772789698044872,0.0100772676922178,0.614167794991712,0.938210992944077,0.777632022263679,0.00543323524962746,0.654602532148982,0.902430552873141,1.08169654510834,0.0106428442370273,0.911857175279476,1.25623138954077,1.08168127322607,0.0106439882594637,0.911671860631849,1.25611836733321,0.951959248017151,0.00635719038129239,0.824410161870464,1.08953361746904,0.952373381947821,0.00619829136898018,0.826931474771866,1.08792764435557
"high-small","halfcauchy",1,"binary",62,57,7454748,13687569,1,1,1,1,0.67117091212221,1.00508763464378,0.699007141092929,0.67117091212221,0.732463538167612,0.00626777500868944,0.606100695695894,0.86049261794778,0.731920844853329,0.00537983316777693,0.612634030228923,0.848591599161098,0.686368110480922,0.00539313612992646,0.566866656474814,0.806761566180428,0.686666534519051,0.00474020464776064,0.576232074746688,0.801318587552902,0.983458537876286,0.0100367342868571,0.820254293909816,1.14725564729627,0.983425545320524,0.0100373213249541,0.820110778376946,1.14725435933306,1.13592488587928,0.00777958210661911,0.989615489277094,1.28551916805177,1.13681955862211,0.00775653760782814,0.991623583024548,1.28771292365714
"high-small","halfcauchy",1,"binary",62,58,7454748,10850972,1,1,1,1,0.67117091212221,1.00508763464378,0.699007141092929,0.67117091212221,0.631788116413868,0.0113882262679329,0.464590390892248,0.806232777961838,0.632264426026518,0.00510671483614804,0.516809267753014,0.752221606818841,0.791489825640348,0.00960189192551971,0.63511947093245,0.957441867092163,0.795210295650288,0.00526377456191989,0.676864172744418,0.91732298035403,0.935163935301801,0.0101254034447885,0.767302819589917,1.09507328471114,0.934835369285415,0.0101233157010992,0.766852468607163,1.09456782850772,0.997508826555397,0.00722709245409955,0.858980869944264,1.14100947357574,1.0064186867432,0.00717605495069622,0.87094600232901,1.14887845708145
"high-small","halfcauchy",1,"binary",62,59,7454748,5045786,1,1,1,1,0.67117091212221,1.00508763464378,0.699007141092929,0.67117091212221,0.677896066235703,0.00833807698768359,0.530075540503217,0.83225633273933,0.67776464423905,0.00482734011513821,0.564933594852211,0.792262413340783,0.685475003328282,0.00743941952117552,0.54801541212288,0.831367673002575,0.687026757557409,0.00487228769111177,0.571180462119866,0.806333950875909,0.842710414740872,0.00863854634034865,0.689043813888578,0.997723145603484,0.842646398041221,0.00864054525095474,0.689304059535004,0.997808209254875,0.911888590186335,0.00641508799422152,0.783610208458437,1.04898077911535,0.913624557435297,0.0063156231522095,0.78541056707707,1.05169309630058
"high-small","halfcauchy",1,"binary",62,60,7454748,6121884,1,1,1,1,0.67117091212221,1.00508763464378,0.699007141092929,0.67117091212221,0.611707484454263,0.00657853121555741,0.4821528148283,0.744034317992949,0.612026206478274,0.00493085438478937,0.495170013449722,0.726623096528455,0.760565901827466,0.0062143940338815,0.635013554928894,0.893239769768623,0.761284807742992,0.00491596588705816,0.646106106394771,0.879299902602958,1.00755425486579,0.00972677589312468,0.844076342479896,1.16819251351749,1.00743023493697,0.00972653536727761,0.843852991931044,1.16798862649677,0.991344570923937,0.00649556011396831,0.862658169550764,1.12603873254891,0.994707670487443,0.00646615576415502,0.867190755852572,1.12893964652247
"high-small","halfcauchy",1,"binary",62,61,7454748,12860054,1,1,1,1,0.67117091212221,1.00508763464378,0.699007141092929,0.67117091212221,0.805557242792858,0.00920011554775002,0.6503162301781,0.965377230090335,0.805013691563678,0.00584322424107234,0.686254564934356,0.929119412356822,0.6780977518947,0.00715173433738139,0.541748039759705,0.823535173802508,0.679983346163977,0.00495217827075322,0.567951655115786,0.798524861623785,1.12685195246415,0.011142774498636,0.95134252163618,1.29904545608831,1.12684103448602,0.0111472589874554,0.951700909526377,1.2988786716696,1.12615606099174,0.00843475467235882,0.979068734381682,1.28211731692703,1.126452128308,0.00829358165606817,0.983097264165175,1.28143227955885
"high-small","halfcauchy",1,"binary",62,62,7454748,7104714,1,1,1,1,0.67117091212221,1.00508763464378,0.699007141092929,0.67117091212221,0.745035306492105,0.0140188044799013,0.552607769795189,0.941701187014269,0.744956502426567,0.00621419187541864,0.615726939229417,0.871578464437146,0.926815036309357,0.0131062344650072,0.743349546201033,1.12067157448091,0.933122437984987,0.00779672360829503,0.788653090803957,1.08157229687882,1.04721875440674,0.01139834868092,0.87479739625686,1.22986683874648,1.04656862882108,0.0113952126076939,0.874401827305891,1.22956427429123,1.09844322886286,0.00814261014859231,0.952752214935166,1.25448160683081,1.11607295252206,0.00812810880791653,0.969665535657175,1.2713846248671
"high-small","halfcauchy",1,"binary",62,63,7454748,3048311,1,1,1,1,0.67117091212221,1.00508763464378,0.699007141092929,0.67117091212221,0.733482997075737,0.0147481069564694,0.539553328680096,0.936220309999294,0.734032955806879,0.00559128986056651,0.614084371863096,0.856934987243207,0.613186620222068,0.0108303192919189,0.444431508825182,0.785715969162582,0.617830877530888,0.00455866301143126,0.506240760134005,0.731799963506078,0.919876387337588,0.010284554094938,0.755357477380565,1.08317334473233,0.919415065375095,0.0102820844385398,0.754552362422648,1.08296935328995,1.14188088567552,0.00832390041530189,0.992082623744364,1.29340149328192,1.15439074361088,0.00827890998978089,1.00673661450262,1.30567861916039
"high-small","halfcauchy",1,"binary",62,64,7454748,14524656,1,1,1,1,0.67117091212221,1.00508763464378,0.699007141092929,0.67117091212221,0.541463352021337,0.00709398028986177,0.407281079289496,0.677797810015022,0.540889500284622,0.00442835728389726,0.433761530937697,0.651315337334118,0.685225204764551,0.00602935602543479,0.5610906083378,0.812366671091761,0.686313858041968,0.00440771261803279,0.573927154298231,0.796852776575446,0.924170347996778,0.00895735200321104,0.767071206821922,1.08024715246105,0.923944888514611,0.00895448763111156,0.766851355840451,1.08010661853972,0.961370429019666,0.00595244645816361,0.838994045291512,1.09130595900174,0.96748430679139,0.00596122566877606,0.846216833031281,1.099343835823
"high-small","halfcauchy",1,"binary",62,65,7454748,6376031,1,1,1,1,0.67117091212221,1.00508763464378,0.699007141092929,0.67117091212221,0.65329763214269,0.0115188780797672,0.481280361511942,0.833461111089874,0.653606278932464,0.00522400061490541,0.536778002736113,0.771800530697804,0.787511885308306,0.0102754956777183,0.628243847021275,0.957588128888917,0.791467997547854,0.00576797267435362,0.668577420673641,0.924171154823063,0.865859148582035,0.00898132246302355,0.707856259519897,1.02152824268395,0.865336723738694,0.00897765664641075,0.707289772790839,1.0208650061258,0.951637556041331,0.00663292203697142,0.818960382745247,1.0858211702962,0.965804365999373,0.00663924837524391,0.833124430807909,1.10222136484769
"high-small","halfcauchy",1,"binary",62,66,7454748,13887263,1,1,1,1,0.67117091212221,1.00508763464378,0.699007141092929,0.67117091212221,0.6637891288642,0.00839962013963021,0.51882378263899,0.82007746386744,0.663753353615049,0.00482418512288535,0.553214807949787,0.782778188689117,0.581175618019305,0.00628586320050596,0.45136343829773,0.715247714721498,0.583142578675637,0.00391462985920281,0.480871576288906,0.688657885583992,0.995789648060932,0.00943663909379531,0.838370657687247,1.15304660040562,0.995606876034027,0.00943560143580497,0.838259384211611,1.1525128783781,0.874267523452812,0.0057533074145311,0.748543270370068,0.995119853719442,0.879223827893193,0.00569055776009349,0.753864395478413,1.00052795594403
"high-small","halfcauchy",1,"binary",62,67,7454748,16312064,1,1,1,1,0.67117091212221,1.00508763464378,0.699007141092929,0.67117091212221,0.644559807576002,0.0106453426456264,0.480657476727574,0.814003300059681,0.644226869992913,0.00496444160207696,0.531861584592339,0.763066264773965,0.672303675438127,0.00857645996099805,0.525722703602316,0.834786730881977,0.67562677080539,0.00460017899180199,0.564177258316746,0.788069115099148,0.938032472770754,0.00919790373454733,0.783402040102755,1.09586069640983,0.9381322460183,0.00920202791867825,0.783544580718812,1.09612748652585,1.01326305041028,0.0070327380833956,0.874352742738889,1.15194466118288,1.01055745810377,0.00686264680928296,0.875856890039801,1.14892210068518
"high-small","halfcauchy",1,"binary",62,68,7454748,1912657,1,1,1,1,0.67117091212221,1.00508763464378,0.699007141092929,0.67117091212221,0.585098356699444,0.00808469760261598,0.437024401850162,0.736162932424036,0.584862909994514,0.0045421971427365,0.472895837644532,0.696212286559035,0.675825148872646,0.00699346068784758,0.544720765300714,0.81979739000962,0.676865160275131,0.00455701313798242,0.56791517507763,0.791572128902333,0.761634012042589,0.00792564973053947,0.611256367930149,0.906524139919767,0.761257639148913,0.0079216658032161,0.610968378161217,0.905942871982634,0.941487540405322,0.00602609897073841,0.820433955265073,1.07073642373435,0.951693799403182,0.00605367908738405,0.830324487837132,1.07976748829292
"high-small","halfcauchy",1,"binary",62,69,7454748,12889452,1,1,1,1,0.67117091212221,1.00508763464378,0.699007141092929,0.67117091212221,0.7772834374379,0.0131941686146113,0.589704906948774,0.971824480285392,0.777318863198209,0.00614849818660037,0.655023205080611,0.907969409150431,0.843261920142246,0.0115982230634116,0.675105315596842,1.03032997885211,0.849072498366422,0.00701413674250136,0.714756471650545,0.9958372065953,1.09995433882988,0.0121849941080202,0.92138829257377,1.2822017190544,1.10005954405789,0.0121924452962299,0.921570922353842,1.28224710312657,1.06671445523448,0.00874832641668581,0.918142613201422,1.22344776537255,1.06386156167319,0.00848967556199058,0.919489101936974,1.21949084590588
"high-small","halfcauchy",1,"binary",62,70,7454748,5857649,1,1,1,1,0.67117091212221,1.00508763464378,0.699007141092929,0.67117091212221,0.625464245680392,0.00934524429959637,0.475748927795042,0.785597943802383,0.62591334791315,0.00498814692189388,0.513919595662582,0.74397281621976,0.716526346618114,0.00783349387114114,0.571713731976559,0.867131803254519,0.71907848029816,0.00489131939355353,0.602068302127285,0.836835833991159,0.97129124804887,0.0101647053790075,0.810480351213841,1.13587579915238,0.97129608382286,0.0101686191062647,0.809876792014633,1.13608915526723,1.12099421017542,0.00790244205947159,0.981582279725354,1.2678394592605,1.12086307649756,0.00773826853206061,0.980557716196167,1.26289747537162
"high-small","halfcauchy",1,"binary",62,71,7454748,10452925,1,1,1,1,0.67117091212221,1.00508763464378,0.699007141092929,0.67117091212221,0.778270580436062,0.00891747971737949,0.622819276226599,0.942201079617624,0.778476063357436,0.00617687551935344,0.649614739676168,0.908215916699684,0.779658112945856,0.00763647378121975,0.640381187941516,0.925608235282044,0.780741884626182,0.00571637879486255,0.656253362353235,0.905502805495695,1.19396522108591,0.0134255170806245,1.00002154913991,1.3893813565529,1.19401439034039,0.0134303085372316,1.00035146515437,1.38969392006905,1.18219499436579,0.00897862701478411,1.03002450877374,1.34681256123652,1.1808616514115,0.00878962097400985,1.03105499390153,1.34258213070711
"high-small","halfcauchy",1,"binary",62,72,7454748,14259810,1,1,1,1,0.67117091212221,1.00508763464378,0.699007141092929,0.67117091212221,0.666805635484497,0.0164124890824938,0.456878675932931,0.881053516487771,0.667239916707382,0.00513384690824702,0.554746191206148,0.784760838044782,0.712404729865579,0.0134014788734418,0.528801870271203,0.911217681873998,0.719261892059307,0.00560242634070429,0.597850206858676,0.84529938592164,0.92460794815616,0.00982433365608013,0.763800425826062,1.08885664043414,0.923824539004556,0.00981988338026413,0.762901063695201,1.08782065120668,0.890557262477943,0.00609846606083609,0.760965868715373,1.02118902077632,0.911801291569621,0.00608366329699348,0.783081744219899,1.04191325924383
"high-small","halfcauchy",1,"binary",62,73,7454748,2050012,1,1,1,1,0.67117091212221,1.00508763464378,0.699007141092929,0.67117091212221,0.675125354498715,0.00642131892044479,0.547659186592954,0.811210771066125,0.674917680981786,0.00475195980991535,0.568161888266334,0.788552912118294,0.613503711393319,0.00531169346853607,0.499027066455366,0.738503540708652,0.614239653987152,0.00423876403497596,0.510282359509627,0.723156829141235,1.06551023802608,0.00986913489666924,0.907885515229545,1.23319664768677,1.06539908733407,0.00986938369414817,0.90756879911058,1.23306127446411,0.929787965669171,0.00597412859063796,0.809320294532827,1.06048200196164,0.932802084830254,0.00593416329603582,0.811891488960051,1.06041809134029
"high-small","halfcauchy",1,"binary",62,74,7454748,5631420,1,1,1,1,0.67117091212221,1.00508763464378,0.699007141092929,0.67117091212221,0.602763614402139,0.0125231217628015,0.41616875039495,0.788112422062221,0.603115184978332,0.00529198949026287,0.485395624925037,0.719703792203795,0.742864200697144,0.0104926768412777,0.582661316616596,0.921069366579834,0.746879263545542,0.00533184931978642,0.628235045763276,0.870290016964538,0.981711747880691,0.010269297852669,0.819624270094184,1.15429467624609,0.981716702463204,0.010270820503826,0.820069449310674,1.15419163847918,1.05268671847457,0.00755530615634388,0.913360485603804,1.19896137205423,1.05255236301698,0.0074235489866328,0.913786775467788,1.19765933874665
"high-small","halfcauchy",1,"binary",62,75,7454748,8997879,1,1,1,1,0.67117091212221,1.00508763464378,0.699007141092929,0.67117091212221,0.798928493322,0.00786111204601694,0.661618592974203,0.947355077811404,0.798061092740471,0.00567947577756863,0.676603111824726,0.919324275682171,0.677666178714529,0.00610351488727086,0.551273640489275,0.812525606449343,0.678626626550451,0.00475847828965001,0.566525752855932,0.797459446340812,1.03347846618034,0.0108180702892054,0.867324099005889,1.20219032693327,1.03332154012153,0.0108165929860009,0.867239342462979,1.20234188977746,1.10647478622042,0.00792988695910155,0.960471992334541,1.25717468973322,1.11073021488328,0.00791542282398314,0.964855019065782,1.26210968219424
"high-small","halfcauchy",1,"binary",62,76,7454748,6753258,1,1,1,1,0.67117091212221,1.00508763464378,0.699007141092929,0.67117091212221,0.639926893491738,0.011131491761152,0.470132130079747,0.820004649039877,0.639104887148014,0.00559474206696881,0.514770175154649,0.767861909054323,0.865150433648004,0.0107040315628418,0.706221041331416,1.04723448689092,0.869451529327139,0.00677762882670464,0.73691029951871,1.01230886413803,0.936416889397312,0.0106684528285079,0.768420370141935,1.10676301925069,0.936242135660769,0.0106708342047767,0.768602190092594,1.10635112036294,1.02940418815823,0.00778131441525089,0.89057030670046,1.18049121963233,1.03414305731159,0.00768923804438606,0.896834016890012,1.18404265225879
"high-small","halfcauchy",1,"binary",62,77,7454748,7895161,1,1,1,1,0.67117091212221,1.00508763464378,0.699007141092929,0.67117091212221,0.597006188393468,0.00492141034263659,0.482293370941586,0.712186807988779,0.596788761574157,0.00428011136044975,0.488159270338629,0.704657016116566,0.621978259852548,0.00432083159558391,0.517113485710462,0.730597118332527,0.622400570227605,0.00393691206522047,0.52382238101593,0.726949239472802,0.978575865405831,0.00904235400379877,0.822854459469405,1.12972039646076,0.978566059058999,0.00904343876971748,0.822727164288423,1.1297326873569,0.9098230584313,0.00585874107579289,0.787877160472804,1.04023848762385,0.910088981183081,0.00583388100710626,0.790072516747324,1.04000627121241
"high-small","halfcauchy",1,"binary",62,78,7454748,13848679,1,1,1,1,0.67117091212221,1.00508763464378,0.699007141092929,0.67117091212221,0.691310340979238,0.0081291865436719,0.544340888048232,0.839748968930138,0.69101736130797,0.00529006812946679,0.57393442674269,0.808951340866815,0.70640304007191,0.00688147279825889,0.573943647053191,0.846904650411922,0.707354362132649,0.00500023116406263,0.594728700021754,0.828125221789942,1.20752297910421,0.0115204022422563,1.02895556058653,1.38332684104564,1.20744865686589,0.0115213258677152,1.02882181013583,1.38323711344374,1.04621120708794,0.00752363850900084,0.907419608405311,1.1944395365853,1.04822663387954,0.00745081715977551,0.911955132883084,1.19300285302837
"high-small","halfcauchy",1,"binary",62,79,7454748,11046567,1,1,1,1,0.67117091212221,1.00508763464378,0.699007141092929,0.67117091212221,0.867143271994288,0.0108768382690189,0.700622506509034,1.0409810094945,0.865936575189297,0.00657125320062335,0.737438243536652,0.998335231231531,0.788303966737212,0.00852145807625233,0.641672476567759,0.940162943768744,0.790854625938007,0.00590442023451378,0.664886365952916,0.922740375125088,1.23949374019824,0.0128292671740807,1.05924059117754,1.42335872230074,1.23955266833109,0.0128362922779693,1.05926219405034,1.42329361778181,1.08095870151818,0.00890043966212626,0.925739824918716,1.23814035466941,1.0793607230338,0.00868749340504047,0.925864259879546,1.2358607217015
"high-small","halfcauchy",1,"binary",62,80,7454748,1846523,1,1,1,1,0.67117091212221,1.00508763464378,0.699007141092929,0.67117091212221,0.662322367484671,0.00681464714195043,0.529004918436589,0.798048339712086,0.66178376180614,0.0050484759462853,0.544726791114763,0.777431183834191,0.697072736357632,0.00591628876572244,0.576250710575104,0.826989783401331,0.697258298302259,0.00471404055099517,0.584518242251652,0.812000118725368,1.15446144178564,0.0106567227690809,0.984578114396084,1.32415772120872,1.15430021372067,0.0106541152694457,0.984318118468402,1.32400093492669,0.929249227946492,0.00619675649566232,0.801224586798143,1.06486714637158,0.933621315884856,0.00620128447395709,0.804771613874999,1.07044544754537
"high-small","halfcauchy",1,"binary",62,81,7454748,16389750,1,1,1,1,0.67117091212221,1.00508763464378,0.699007141092929,0.67117091212221,0.734371069329541,0.00664872462170262,0.602648896650617,0.868026802169089,0.734035466445233,0.00526517623709816,0.616265133635536,0.853610930957738,0.682822035615398,0.00563039613386797,0.564718746828079,0.806866872863403,0.684180580566245,0.00471354408701932,0.572832383858978,0.7989744110128,1.02711579530523,0.0100077868408971,0.858993837142048,1.18566576928703,1.02707779998251,0.0100084869344605,0.859037758082648,1.18566077700507,1.0672009943002,0.00723416773801237,0.931704345152282,1.20583195116747,1.06823132913832,0.00720146781468723,0.931677962862638,1.20710977934179
"high-small","halfcauchy",1,"binary",62,82,7454748,9452311,1,1,1,1,0.67117091212221,1.00508763464378,0.699007141092929,0.67117091212221,0.790812984019127,0.011594642627872,0.619484201698316,0.975584081419478,0.79051646622029,0.00556945953215966,0.670942645093378,0.912001666147513,0.735805508754876,0.00990686870433095,0.578813633316163,0.912142902495615,0.739211057356549,0.00551214614410663,0.619066589898072,0.86750162357764,1.014652815852,0.0105707346949737,0.844415028452795,1.18557742193733,1.0148229161271,0.0105763142957963,0.844624353678406,1.18565609795724,1.04505301720315,0.00747335732112885,0.903229126041817,1.19230413891867,1.04044033788321,0.00728872886061766,0.902079568777431,1.18642803226868
"high-small","halfcauchy",1,"binary",62,83,7454748,6848723,1,1,1,1,0.67117091212221,1.00508763464378,0.699007141092929,0.67117091212221,0.670178144155813,0.00631966739306223,0.543259044314722,0.802556895662492,0.670547124542406,0.00502391612458693,0.553446417812613,0.790914642193338,0.697080007669788,0.00562927465186017,0.579324476873268,0.822997962085761,0.697505833312546,0.00474567952074799,0.587042386900896,0.814659987173138,1.02851983138147,0.00959429533893867,0.872544851120852,1.18762554683841,1.02844786053585,0.00959488801806159,0.872530235651387,1.18761569393813,1.05018123390599,0.00693793464768845,0.915646893839165,1.1906449319162,1.05213289701211,0.00691421779198627,0.919942305119992,1.19411074165632
"high-small","halfcauchy",1,"binary",62,84,7454748,643062,1,1,1,1,0.67117091212221,1.00508763464378,0.699007141092929,0.67117091212221,0.581454198686929,0.00636405768741346,0.451321551695537,0.712817977016934,0.581013292927822,0.00441585144424756,0.472971230366422,0.690686263784033,0.528725256533388,0.00491873582519083,0.416148915957936,0.645018489835919,0.528992291946956,0.00371248766570353,0.42786587979221,0.629830002073387,0.955528160064045,0.00821903570888863,0.809590392592005,1.10197863187297,0.955495076296176,0.00822051206330424,0.80954991559922,1.1020536437426,0.891797425031374,0.00571055375737865,0.768447666637476,1.01925357989752,0.892694571210519,0.00564495822590308,0.770310352417775,1.01771494540378
"high-small","halfcauchy",1,"binary",62,85,7454748,14574684,1,1,1,1,0.67117091212221,1.00508763464378,0.699007141092929,0.67117091212221,0.661549088405772,0.00671554164255638,0.524480736959047,0.799935146849898,0.660953969792918,0.00510943213449475,0.543269521037262,0.778701270673866,0.660777331573967,0.00546934719612066,0.54195285683494,0.786341897673618,0.661470160409324,0.00442056157197723,0.551855696700312,0.774694085727859,1.01947778752122,0.010247705947998,0.854120051994513,1.18460482596071,1.01939875635557,0.0102471713254926,0.854122168941599,1.18469835224219,1.03126311913462,0.00700289322839227,0.898805162947004,1.17336985753239,1.03340623985115,0.00696968752495732,0.900407273363745,1.17807972390935
"high-small","halfcauchy",1,"binary",62,86,7454748,12055462,1,1,1,1,0.67117091212221,1.00508763464378,0.699007141092929,0.67117091212221,0.737210689354718,0.00667416530095097,0.604662899923947,0.878179467599247,0.736495343190835,0.00517024993174004,0.618462069707216,0.859683272437086,0.67725942273578,0.00543132575678849,0.556153399076091,0.799138781747678,0.677901722931937,0.00463680650004046,0.5644857690483,0.790962358430011,0.908177657260669,0.0094399014152459,0.745795079653716,1.07163719345416,0.908248408339706,0.0094435854480855,0.745946312329164,1.07149465038481,1.04231848079641,0.00693236272142624,0.912548780180893,1.18643793771319,1.04039989460393,0.00682614125793529,0.911761848271245,1.18305566457776
"high-small","halfcauchy",1,"binary",62,87,7454748,1684083,1,1,1,1,0.67117091212221,1.00508763464378,0.699007141092929,0.67117091212221,0.693858617991925,0.00991310746272905,0.534816413112928,0.859681363165479,0.692664102984406,0.00517918916248237,0.580212880882386,0.811977240398711,0.645613380386692,0.00801000477032212,0.505697634618316,0.804177351119941,0.648005586369225,0.00479734301182879,0.534695857221099,0.765223270996209,0.995274588884478,0.00934654079575576,0.838036470187355,1.15053500471124,0.995240145435953,0.00934745127674179,0.838090444137925,1.15034902377308,0.972213660766607,0.00661278606734063,0.840895704385692,1.11072924367904,0.973147677966929,0.00650560060147483,0.843536325838657,1.1109182844258
"high-small","halfcauchy",1,"binary",62,88,7454748,2853760,1,1,1,1,0.67117091212221,1.00508763464378,0.699007141092929,0.67117091212221,0.722034525575426,0.011243127335451,0.55444547237086,0.899603125251006,0.721150201531135,0.00589966857097247,0.596471871980411,0.844325190482221,0.808694664153133,0.0104507997211045,0.651352003829786,0.985956022733993,0.812217915207639,0.00657498123468135,0.680359607312688,0.950213421090796,1.07686927378791,0.0115778872309672,0.901615442769418,1.25674624085004,1.07689977108144,0.0115819723570713,0.901554038956576,1.2569980942189,1.1055214848628,0.00807187662064923,0.961403989675333,1.26380919103933,1.10469447717527,0.00788209645621046,0.963497608535829,1.25962779100481
"high-small","halfcauchy",1,"binary",62,89,7454748,5420581,1,1,1,1,0.67117091212221,1.00508763464378,0.699007141092929,0.67117091212221,0.691665943076411,0.0110510515122814,0.521226422967936,0.866826654840234,0.690743013333329,0.00529771679062839,0.57210021258766,0.81069993676879,0.717813560878764,0.00894570781213918,0.573423176034862,0.880940223207505,0.720524161791136,0.00510679749379152,0.60760617681736,0.841247822187679,1.09047571796558,0.0108642072206925,0.920504140544768,1.26525533715616,1.09036065786566,0.0108643503172242,0.920370213943061,1.26495329740276,1.03855020662443,0.0074380499407997,0.904654836528767,1.18569026257016,1.04167033881203,0.00731736194236305,0.909377201680928,1.18673084903388
"high-small","halfcauchy",1,"binary",62,90,7454748,8240653,1,1,1,1,0.67117091212221,1.00508763464378,0.699007141092929,0.67117091212221,0.795243767513098,0.00917931122400776,0.638140019114569,0.960601710393028,0.795310805601899,0.00541909518030402,0.674940320948837,0.92149472123069,0.659862692659823,0.00705308277522343,0.530231375539728,0.79751130809833,0.661801810280335,0.00470270766319472,0.549370955826048,0.778875452199979,0.88112237734859,0.00956719284022421,0.721249629694127,1.03996585858168,0.880865703110943,0.00956394967887838,0.721143559903921,1.03983703590747,0.894075264640248,0.00615526365841731,0.765736073316379,1.02167178221854,0.901035605811265,0.00618337396353354,0.770805476184946,1.03109825606828
"high-small","halfcauchy",1,"binary",62,91,7454748,5385272,1,1,1,1,0.67117091212221,1.00508763464378,0.699007141092929,0.67117091212221,0.703990613697648,0.00702622962384145,0.570374841804482,0.843736160892657,0.704219966178466,0.00511693735562832,0.591014149523125,0.82295417825197,0.639268174137475,0.00557771342404696,0.515632899490907,0.764152177744359,0.640419231793105,0.00425783799042938,0.533153798867993,0.748133517608049,0.970345349898595,0.00945436101412246,0.809109458206088,1.13251919590381,0.970180393735321,0.00945251710576559,0.809077590093368,1.13207257885867,1.00641036773095,0.00673129460858182,0.876252828269635,1.14332030365149,1.01088355204885,0.00673393451875525,0.880139773227857,1.14807840273596
"high-small","halfcauchy",1,"binary",62,92,7454748,5438640,1,1,1,1,0.67117091212221,1.00508763464378,0.699007141092929,0.67117091212221,0.715675720401629,0.00570983085194536,0.595183010589468,0.841565074761662,0.715685758675699,0.00492518395850213,0.606646615047291,0.832415336646628,0.703469019555041,0.00521521396535661,0.587260741134308,0.828907222375971,0.703874583149083,0.00474589538957014,0.59040034303828,0.819535666098043,1.010347685464,0.00974161482244989,0.848980760790081,1.16981287035782,1.01036756572502,0.00974256309976857,0.84900468657687,1.16976616929988,0.885214134808821,0.00610237271270695,0.755832750957617,1.01285560281739,0.884675033571052,0.0060539387943577,0.754986497183487,1.01302357282205
"high-small","halfcauchy",1,"binary",62,93,7454748,14384222,1,1,1,1,0.67117091212221,1.00508763464378,0.699007141092929,0.67117091212221,0.655734009607222,0.00787421817788671,0.511849775270686,0.805188900140977,0.655874410787847,0.00540716229626918,0.537073902739718,0.781466338602963,0.806914696467902,0.00792377658483311,0.665176124566274,0.96008254562801,0.808220923920507,0.00607316840779342,0.682158985626573,0.938124728311871,1.17896264433536,0.0119705184209585,0.999092025942214,1.36047284699678,1.17879596610659,0.0119678837144174,0.998982601010036,1.36015330775772,1.1127297279966,0.00789990190978251,0.974807062071397,1.26491686468247,1.11724961027485,0.00787842961653927,0.980306034027773,1.26982976646227
"high-small","halfcauchy",1,"binary",62,94,7454748,3276387,1,1,1,1,0.67117091212221,1.00508763464378,0.699007141092929,0.67117091212221,0.699127165803308,0.0129133093934702,0.520755087425277,0.887806925823317,0.698740400063128,0.00542868008181318,0.581077624745654,0.821664077282625,0.729332349684817,0.0104409303633901,0.568303879378919,0.907313164867398,0.734299981541998,0.00531505364294355,0.616258915006075,0.857975693160412,1.15800181766888,0.0116559376815138,0.985366144786814,1.34184117067208,1.15776715858959,0.0116568589861249,0.985357454976267,1.34155567491981,1.05212561407346,0.00788925482745123,0.909885552338436,1.20055264529708,1.058488961115,0.00778675013084141,0.918094301374917,1.20552091765919
"high-small","halfcauchy",1,"binary",62,95,7454748,4649314,1,1,1,1,0.67117091212221,1.00508763464378,0.699007141092929,0.67117091212221,0.649111046444602,0.0113451207473736,0.473121421599357,0.824071011506865,0.649689107473733,0.00518455285650112,0.531072800210133,0.764083590074264,0.782409819401304,0.00987167943672699,0.626446243082125,0.948292030587041,0.786415298504657,0.00571877939908215,0.664046028681486,0.916472458448817,0.856820542317068,0.00947731317632657,0.703657616211609,1.0189594724475,0.85635730497997,0.00947491327020624,0.703753876462586,1.01807618304224,0.972691924060842,0.00681651510683889,0.840282185887604,1.11184725449571,0.985253721999392,0.00673761740138095,0.853909050450804,1.12482266112587
"high-small","halfcauchy",1,"binary",62,96,7454748,16566732,1,1,1,1,0.67117091212221,1.00508763464378,0.699007141092929,0.67117091212221,0.674838896560974,0.00959443670791003,0.518415465688017,0.843685328499247,0.674824698983665,0.00467701365064872,0.563528948894191,0.786601479926559,0.651497062695225,0.00777859150122188,0.510661395644801,0.802732534903203,0.653509330859184,0.0043706152179955,0.548614119132139,0.763547778785891,0.90256170838962,0.00893683422135773,0.747636182738472,1.05840778482693,0.902242785606759,0.00893724191878105,0.747338673460854,1.05848604802807,0.873931561695713,0.00584349148854562,0.747487830080728,1.00232719153861,0.882579922342556,0.00577076056296433,0.757687154147088,1.01059462940334
"high-small","halfcauchy",1,"binary",62,97,7454748,5397562,1,1,1,1,0.67117091212221,1.00508763464378,0.699007141092929,0.67117091212221,0.691299268424663,0.00663630664910296,0.560613884867338,0.824348241615768,0.690803676585614,0.00507349882195695,0.575529773339957,0.808840321304126,0.587529036494126,0.00486500870981426,0.4776827569351,0.706477423942749,0.587962190227208,0.00385992178967461,0.485952125920873,0.691325412648939,1.20518550199018,0.0109973999166857,1.02878077889988,1.37404814267516,1.20512907905157,0.0109968158841847,1.02874038361608,1.37419921665675,0.957705586694751,0.00673884936496823,0.828432944900743,1.09756982792448,0.959235630793659,0.00671257084105485,0.830656289026075,1.09921119777226
"high-small","halfcauchy",1,"binary",62,98,7454748,11749817,1,1,1,1,0.67117091212221,1.00508763464378,0.699007141092929,0.67117091212221,0.758971769363349,0.0132419393381979,0.576017587302715,0.949005759168316,0.75777874260424,0.00616951315912476,0.631628423268656,0.888155204683571,0.788912423651629,0.0106589455198221,0.624254661459294,0.96077464668184,0.794113525817816,0.0056591927706937,0.669612180033033,0.917986775575528,1.12590033030335,0.0120617585091022,0.95004744564808,1.31255047917563,1.12551536064987,0.0120610131256025,0.949624659203708,1.31205502181401,1.16083817385443,0.00903572445354069,1.00734222477698,1.32721751504139,1.17127755473363,0.00899600679744446,1.01694575366566,1.33590802984098
"high-small","halfcauchy",1,"binary",62,99,7454748,6489891,1,1,1,1,0.67117091212221,1.00508763464378,0.699007141092929,0.67117091212221,0.647769441005903,0.00600472486577942,0.523358026023285,0.773847809564745,0.647374919565519,0.0048656657023504,0.535527272458262,0.761481647109073,0.587955076269684,0.00463993763110556,0.479867848606714,0.702689567896562,0.588150413923788,0.00395534425789293,0.486133171769771,0.694191949306745,1.04766926289034,0.0102652373517267,0.87990145461625,1.21538284857935,1.04761628557362,0.0102662199614669,0.879328702322053,1.21509722821531,0.980677019600912,0.00616462825938295,0.857237132788399,1.11424004304226,0.982113627349688,0.00614254023268996,0.858922815770217,1.11761574200158
"high-small","halfcauchy",1,"binary",62,100,7454748,12774050,1,1,1,1,0.67117091212221,1.00508763464378,0.699007141092929,0.67117091212221,0.689778487888832,0.00594864382030368,0.566734916353059,0.817983562522442,0.689655772896625,0.0048208231132077,0.576556081901363,0.803027910727427,0.601857020313065,0.00498023908714546,0.490412374661918,0.719705946618087,0.601987412824667,0.00421415888351819,0.496910750173567,0.71322657491904,0.901483531426233,0.00863602502122749,0.748275707622677,1.05513528896049,0.901406678723961,0.00863529664504098,0.748256318028941,1.05498315837605,0.977761511977338,0.00633997239878533,0.850508918784948,1.11667692742647,0.979845558403781,0.00632361561491573,0.854022777728168,1.11810671307563
"high-small","halfcauchy",1,"binary",62,101,7454748,14663557,1,1,1,1,0.67117091212221,1.00508763464378,0.699007141092929,0.67117091212221,0.715629871934658,0.0123736178719276,0.5359362549385,0.898164391666323,0.716047160017613,0.00517556866767014,0.598512581842461,0.83457093209577,0.725947429933628,0.00989476546794048,0.570859343803716,0.896277338502939,0.730815061817289,0.00510532153329404,0.616852465181546,0.853505436395827,1.01723183687161,0.00985469325147388,0.85243851877739,1.18293479980235,1.01704713615447,0.00985480647284175,0.852381601626523,1.1828326279614,0.875498159683524,0.00648840936207393,0.749997067784973,1.01025134991523,0.88050676521243,0.00636123149741388,0.754911504930529,1.01489672163271
"high-small","halfcauchy",1,"binary",62,102,7454748,7755321,1,1,1,1,0.67117091212221,1.00508763464378,0.699007141092929,0.67117091212221,0.724895025967323,0.0119205326567996,0.552942841494326,0.911407642207088,0.724244511264558,0.00595793213228836,0.599241141230423,0.848703690578019,0.897709616892159,0.0116150937262877,0.732902905848238,1.08290591547734,0.901925777891505,0.00738237946414731,0.764185455502251,1.04612602441695,1.05509135914856,0.0111287933937096,0.888772618546454,1.23258789593467,1.05519314676246,0.0111351426041154,0.888681405116219,1.23306924646382,1.13269995855247,0.00846147042049689,0.983427076926165,1.29035488123182,1.12993974184262,0.00821524969839908,0.983021924969057,1.28467976297054
"high-small","halfcauchy",1,"binary",62,103,7454748,12782659,1,1,1,1,0.67117091212221,1.00508763464378,0.699007141092929,0.67117091212221,0.665385747415238,0.0120691910190182,0.490867787741808,0.848618764908877,0.665901487779846,0.00535150969448148,0.55003305509901,0.787271846773589,0.644738434891628,0.00904987144150558,0.496186364739217,0.801849491113528,0.648314848608783,0.00441642523628939,0.537048869876169,0.758433905977116,1.1508555146894,0.0114162757346671,0.9764617678984,1.33087312791864,1.15125770223061,0.01142599842327,0.976542200362293,1.33139789377499,1.08695586083568,0.00804486106222043,0.944824308310654,1.24100506198831,1.07604957539291,0.00771315135517891,0.936258749634793,1.22833133440183
"high-small","halfcauchy",1,"binary",62,104,7454748,2327220,1,1,1,1,0.67117091212221,1.00508763464378,0.699007141092929,0.67117091212221,0.633422272075162,0.00772611263344101,0.492291436821589,0.780478040342554,0.632465737372085,0.00495366014871176,0.519561984899352,0.753751168296725,0.694493309831847,0.00710567263522147,0.562855547802798,0.839549779476335,0.69618588076129,0.00529219801099376,0.581754470380147,0.819648384413209,0.862980305432175,0.00885828238688537,0.709298889510512,1.01370538973901,0.862840811273004,0.00885865233836069,0.709212992757109,1.01354303389821,0.969076112673818,0.00644089621666903,0.840454036717488,1.10691734060228,0.972858833324302,0.00644602705978463,0.844046030432294,1.11047017426176
"high-small","halfcauchy",1,"binary",62,105,7454748,10862620,1,1,1,1,0.67117091212221,1.00508763464378,0.699007141092929,0.67117091212221,0.585281800711522,0.00980018073665991,0.425616308747293,0.745935588399225,0.58445277204141,0.00473275946839494,0.475746656031149,0.696265699275506,0.62705443848493,0.00738322818099105,0.489154415854553,0.770554915534218,0.629492913464379,0.00403257794766106,0.523980213767947,0.735303223376979,0.9156580951499,0.00925076966668372,0.759310518458007,1.07241591359948,0.915700458328124,0.0092539877823059,0.75932763475112,1.0720503331779,0.974489394242203,0.00666371973688565,0.843000737235324,1.11266465157636,0.97334061446504,0.00650698279558259,0.84350129058691,1.10642129597964
"high-small","halfcauchy",1,"binary",62,106,7454748,9648915,1,1,1,1,0.67117091212221,1.00508763464378,0.699007141092929,0.67117091212221,0.725253400105986,0.0100803623859336,0.564029243975815,0.889133902893424,0.724476934353467,0.00512936313306857,0.607396479351663,0.837954539019809,0.697705080410066,0.00824556998378928,0.556296937350979,0.854129888676727,0.700238444362871,0.00503947491588199,0.582719592993542,0.819287237137535,0.999179686171111,0.0103243049572999,0.832392394171359,1.17088320426178,0.999215688165078,0.0103276648423348,0.832438504321027,1.17080008805617,0.996889757627023,0.0071817723410835,0.859637781373694,1.14306784662996,0.995913476707106,0.00703003456060877,0.861474916296736,1.13959644814068
"high-small","halfcauchy",1,"binary",62,107,7454748,13775203,1,1,1,1,0.67117091212221,1.00508763464378,0.699007141092929,0.67117091212221,0.824087136635992,0.00675996909674481,0.689705978668491,0.961699213451323,0.823889201383425,0.00584242546510018,0.699978503350519,0.951607261547427,0.716492334580336,0.00544751790955426,0.59642149082441,0.841332721424882,0.71682362630831,0.00500202591638942,0.601453053103614,0.839473941916471,1.06379242021974,0.0102703970237984,0.900806992398395,1.22685412562584,1.06376072776207,0.010271124330509,0.900757532587348,1.22650458445933,1.06833482865029,0.00715570191396832,0.931224415942626,1.20637813475103,1.06919424609667,0.00713660623848133,0.930956328494639,1.20793796644566
"high-small","halfcauchy",1,"binary",62,108,7454748,1348072,1,1,1,1,0.67117091212221,1.00508763464378,0.699007141092929,0.67117091212221,0.54002495661707,0.00798114835358417,0.39353936039567,0.687999850632867,0.539578671644596,0.00440148187856273,0.434046703981305,0.651585213413557,0.670012034735981,0.00649932075205441,0.543021695924101,0.806087406230751,0.671806031783926,0.00406414890706302,0.56618492366485,0.781164046169817,0.880821913032059,0.00862023162652652,0.727770480929434,1.030917982815,0.880627685352015,0.00862091089808452,0.727392418122361,1.03093940577399,0.889289987551605,0.00584866660302056,0.764782311212163,1.01656407337407,0.89455693966319,0.00580523749659212,0.772393932293374,1.0206024131658
"high-small","halfcauchy",1,"binary",62,109,7454748,6986691,1,1,1,1,0.67117091212221,1.00508763464378,0.699007141092929,0.67117091212221,0.757720104430366,0.0126335917990328,0.584675923092643,0.949089487928801,0.758383398607605,0.00577085475681262,0.637131644189924,0.886246606492228,0.817308380568269,0.0110533869929159,0.650238023322531,1.00239428494437,0.821144071064572,0.00651385331220943,0.684786413121604,0.956579240799091,1.16372025076823,0.0117496516396984,0.987481758972758,1.34748000470697,1.16293159819332,0.011740451079409,0.986813335042672,1.34643190470847,0.978864507592853,0.00731449129586866,0.841010774445474,1.11932001945647,1.00025072475693,0.00739021341929773,0.862119431108908,1.14062688922093
"high-small","halfcauchy",1,"binary",62,110,7454748,6148185,1,1,1,1,0.67117091212221,1.00508763464378,0.699007141092929,0.67117091212221,0.721674063157611,0.00698783710773784,0.586058984558967,0.862936737286754,0.721058035228707,0.00487638851205035,0.60561627699302,0.836476968635711,0.621468320667019,0.00559161263829091,0.500667682690576,0.746124418230236,0.622978090631351,0.00427711676588411,0.517690343612367,0.733152652840248,1.0599945765496,0.00996786776711326,0.89816055476878,1.22367474323568,1.05997045580247,0.00996896300101802,0.897957323781339,1.22403994426779,1.01414206028689,0.00683643123556499,0.883109810228138,1.14996509258135,1.01479615253574,0.00677789173744325,0.883293966298274,1.14957279190168
"high-small","halfcauchy",1,"binary",62,111,7454748,6296160,1,1,1,1,0.67117091212221,1.00508763464378,0.699007141092929,0.67117091212221,0.697292345627545,0.0145859211079777,0.509028472715058,0.898682021156097,0.696897822699932,0.00582952489696973,0.574471472224763,0.822722214901344,0.791642623150031,0.0119069828577568,0.623030558686843,0.979024129433605,0.79853040633431,0.0061110245409322,0.669761230402746,0.930700441181021,1.1805285351372,0.012162958101066,1.00060952814958,1.36230726812395,1.18116308070916,0.0121777192771744,1.00118608817801,1.36270055509934,1.05701652684655,0.00825334354673975,0.908729652647213,1.20745171990507,1.03980929284477,0.0077602147880453,0.895004560007013,1.18392352787843
"high-small","halfcauchy",1,"binary",62,112,7454748,10951934,1,1,1,1,0.67117091212221,1.00508763464378,0.699007141092929,0.67117091212221,0.701272090587837,0.00766955194894835,0.561580557062526,0.847080332873941,0.700616210768133,0.0045266664583533,0.592211606613143,0.81454602841906,0.635396904872627,0.00672519474568526,0.506171410973782,0.775370127851588,0.636276817739411,0.00452572951500362,0.524062913737494,0.751853753201287,0.782483358963249,0.00836074588398046,0.634024417904593,0.931402715664119,0.782270999904661,0.00835949929006012,0.633670122797917,0.931875773763631,0.935432687294835,0.00598343846006209,0.809805630579332,1.06855298922239,0.941191315476924,0.00597742487101293,0.8148226212443,1.07159045785053
"high-small","halfcauchy",1,"binary",62,113,7454748,7797324,1,1,1,1,0.67117091212221,1.00508763464378,0.699007141092929,0.67117091212221,0.600213965487125,0.0062634782511928,0.477271676450503,0.731945512454629,0.599417039753746,0.00457622696474471,0.492720955311108,0.715934211228717,0.658810593762,0.00574218857774213,0.53918859991956,0.786101755613926,0.659348581197887,0.00453680252877308,0.550377516469031,0.773083354193182,0.945080495384069,0.00882562448914293,0.793906671072907,1.10259854199493,0.944986014947398,0.00882510820807807,0.793842676143552,1.10220798335794,0.927729622703475,0.00582123237021611,0.806383553103836,1.05625596084875,0.930291687674397,0.00579105086703443,0.808429680438746,1.05677557052985
"high-small","halfcauchy",1,"binary",62,114,7454748,15670382,1,1,1,1,0.67117091212221,1.00508763464378,0.699007141092929,0.67117091212221,0.654922743874368,0.00684196724733468,0.520112513815588,0.79276548085886,0.655352433226918,0.0045527940141464,0.54605089108114,0.768249033745909,0.670268720084371,0.00615867262938563,0.5427458741542,0.807765986279913,0.67130783644517,0.00458286110485982,0.558655459517145,0.784825023756653,0.953036981881279,0.00876663997968529,0.799599793452017,1.10470513579081,0.953033017598166,0.00876751385035919,0.79993191165679,1.10463798445834,0.891001151026458,0.0062763897185859,0.765414196587686,1.02231946155483,0.891108652126737,0.00619566806837708,0.765218934121647,1.02056251223366
"high-small","halfcauchy",1,"binary",62,115,7454748,5766986,1,1,1,1,0.67117091212221,1.00508763464378,0.699007141092929,0.67117091212221,0.638840625696707,0.00552775568811949,0.518724293222616,0.764529709981755,0.638398170177254,0.00484043450697353,0.523108922356916,0.752132005080882,0.673391939073103,0.0048323007143443,0.563391570816472,0.784429114960023,0.673467825472844,0.00438852510781526,0.570573231325639,0.782747672424498,0.94749913384719,0.00866392538482939,0.797319889355365,1.09681932519784,0.947493239153549,0.00866456969781229,0.797296057247345,1.09696528313391,0.941060611594859,0.00599856802437125,0.815849994418101,1.065857784352,0.941220460433667,0.00599420092906594,0.815345009306788,1.06605058973573
"high-small","halfcauchy",1,"binary",62,116,7454748,5291743,1,1,1,1,0.67117091212221,1.00508763464378,0.699007141092929,0.67117091212221,0.662740539777126,0.00988044482483752,0.500449997168181,0.826525444928183,0.662687704797228,0.00515036828953034,0.550473724698894,0.782010188233451,0.731973310986046,0.0091080945071333,0.579528749563777,0.889166734008207,0.734585202964585,0.00561162217327264,0.611948096909425,0.857697976010517,0.848842898786882,0.00931440797536274,0.690282941758687,1.00732388653526,0.848661767548547,0.00931478730453109,0.690213049513283,1.00765492554077,1.06287804996365,0.00708068014368696,0.926135506457618,1.20453094205759,1.06778986046358,0.00703851301756189,0.933072850479828,1.20855306841024
"high-small","halfcauchy",1,"binary",62,117,7454748,7732058,1,1,1,1,0.67117091212221,1.00508763464378,0.699007141092929,0.67117091212221,0.622916137348154,0.0106438868080454,0.456076391873824,0.796756009183521,0.622771272057369,0.00538430985916846,0.505520981801027,0.743593688544181,0.838332664893908,0.00999323727958709,0.683134328751338,1.00654033195015,0.842054151371571,0.00649378970405883,0.709613353084629,0.975579472725114,1.04374041335081,0.0106101269685167,0.875093516445002,1.21670968125711,1.04339087847755,0.0106068124112684,0.874510997582053,1.21550681555154,1.04155376130889,0.00757336631018351,0.901045454924088,1.18885747391907,1.05103224263736,0.00755255210149916,0.912356231024814,1.19762063070691
"high-small","halfcauchy",1,"binary",62,118,7454748,7237234,1,1,1,1,0.67117091212221,1.00508763464378,0.699007141092929,0.67117091212221,0.602648246998647,0.00669074157870989,0.47133150681172,0.740382504962968,0.601980340724221,0.00451458822040002,0.49351922428541,0.714158861769854,0.558946887453542,0.00529098700744437,0.441894468216814,0.677683908549653,0.560051476002836,0.00379579090151997,0.456851221438057,0.660674451994573,0.867070270178522,0.00855955424769921,0.714866877683957,1.01293720814346,0.866845109969636,0.00855699639501476,0.714687180767384,1.01275472883253,0.982149937287829,0.00604952684287554,0.85740355756993,1.1159171509302,0.988255699542529,0.00609218773582573,0.863950133630072,1.12257822097286
"high-small","halfcauchy",1,"binary",62,119,7454748,9929880,1,1,1,1,0.67117091212221,1.00508763464378,0.699007141092929,0.67117091212221,0.775505353366289,0.00889787717861729,0.623625172069776,0.937433601080789,0.775473158268328,0.00516426477285126,0.661974103534766,0.892778958741412,0.6532184375635,0.00765071920835356,0.515548837008227,0.80419183193319,0.655431248216267,0.00486932261828937,0.542576084377486,0.777014762395407,0.920049785025714,0.0096166105250353,0.763092501028619,1.07953673546597,0.920010824801204,0.009618930308542,0.763262749657854,1.0798031879765,0.962786063787113,0.0068716535307546,0.829788255512813,1.10292536169781,0.963842564264814,0.00675434009287894,0.831708049918777,1.10270378516441
"high-small","halfcauchy",1,"binary",62,120,7454748,8565441,1,1,1,1,0.67117091212221,1.00508763464378,0.699007141092929,0.67117091212221,0.689897942180483,0.00973708266169859,0.533906558278816,0.849070644810097,0.688937291308075,0.00528396375621568,0.570945095500433,0.807787488038421,0.703374234348532,0.00829767131254272,0.562292073608196,0.860547012713857,0.705252179077684,0.00522512536812419,0.588901477085188,0.829164557791161,1.0189035746831,0.0108365104724803,0.852196028457134,1.18819879516424,1.01879284639139,0.0108362693089839,0.852333047644767,1.1880320921312,1.11551572561383,0.00803331003793872,0.97333323327521,1.27094576764659,1.11851839037141,0.00796159685398365,0.979540697930431,1.27327998399341
"high-small","halfcauchy",1,"binary",62,121,7454748,9328202,1,1,1,1,0.67117091212221,1.00508763464378,0.699007141092929,0.67117091212221,0.694804502122998,0.0128722068677902,0.508262701473165,0.885404197102628,0.694518058607165,0.00559163809691927,0.572315187325782,0.81902697571158,0.734026783815583,0.0106935029125921,0.569232504142273,0.908662574518715,0.738194507444923,0.00554616947547479,0.613920015628085,0.865434186688874,1.22628549570579,0.0120967503380578,1.04825435668587,1.41110350667502,1.22619250092107,0.0121002368003938,1.04796752837656,1.41124757313535,1.01976321747052,0.00742433953343823,0.882953719636368,1.16222738681147,1.02228499540452,0.00725114012287636,0.889427738030682,1.16599073502807
"high-small","halfcauchy",1,"binary",62,122,7454748,9561726,1,1,1,1,0.67117091212221,1.00508763464378,0.699007141092929,0.67117091212221,0.615869321677824,0.00527445239004286,0.500131058645604,0.739012803482788,0.615432887110394,0.00437350530940775,0.507743696253547,0.725082930274245,0.620526570351188,0.00461848549491295,0.514372614777413,0.734451687252652,0.621045269553628,0.00404083915912699,0.518274844372704,0.730565503425767,0.743723101114296,0.00791224084873201,0.597256010124604,0.890086360379124,0.743745351667474,0.00791343472915583,0.597155220204149,0.890162118298049,0.985152141568472,0.00632197861982153,0.857382092265391,1.11895899843459,0.98454876414042,0.00627342751432267,0.85839079385416,1.11702660969745
"high-small","halfcauchy",1,"binary",62,123,7454748,15055380,1,1,1,1,0.67117091212221,1.00508763464378,0.699007141092929,0.67117091212221,0.779871420270054,0.00823296141166744,0.634615862631073,0.926101715956251,0.779271187058804,0.00558490999192396,0.657468476110076,0.900478678219827,0.824091748605108,0.00751064806451474,0.683514753576528,0.968183758607099,0.826389727370397,0.00563229882920346,0.70457165283747,0.949530017204463,0.963580923324123,0.00991073371059047,0.80340612791055,1.12994329511429,0.963433233771008,0.00990991889982397,0.803066724846494,1.12972766018195,0.953927125770762,0.0069462910102714,0.820582075606828,1.09139120305926,0.957932084299115,0.00693289758022072,0.824828725904718,1.09623212742468
"high-small","halfcauchy",1,"binary",62,124,7454748,12560860,1,1,1,1,0.67117091212221,1.00508763464378,0.699007141092929,0.67117091212221,0.600885609760832,0.0082713492836999,0.4510045606387,0.753025088523,0.601304437447111,0.00481900355083536,0.486516894321526,0.716541399852821,0.742580294448777,0.00749031766413978,0.601063184585345,0.891683696591648,0.744213741905605,0.00516951067541999,0.627380225813101,0.864036051107775,1.06370338071096,0.00977180089401365,0.906453016368219,1.22454341820575,1.06341427336526,0.00976994331028848,0.906128536149751,1.22424515968161,0.836787633546412,0.00591281729262259,0.714995495913166,0.962483551345959,0.844627476686064,0.00586292751144451,0.721968728982834,0.971180756228567
"high-small","halfcauchy",1,"binary",62,125,7454748,8072605,1,1,1,1,0.67117091212221,1.00508763464378,0.699007141092929,0.67117091212221,0.527455928847568,0.0055812388936158,0.405987373783526,0.655347935142225,0.527367569105079,0.00444656460186936,0.421141125137731,0.638650913680918,0.654195858436284,0.00508405622795725,0.54130050855328,0.771248020075999,0.65469268076103,0.00427190816496373,0.548677964890555,0.762520468308438,1.0254370328186,0.00954291532467059,0.866644089150896,1.1809580092334,1.02550034988974,0.00954532499656263,0.866559770413648,1.18090294212312,0.981652147449115,0.00636601197312711,0.854975433026079,1.11606204043748,0.979935152315253,0.00629994877608905,0.852536979235836,1.11512738839513
"high-small","halfcauchy",1,"binary",62,126,7454748,14761036,1,1,1,1,0.67117091212221,1.00508763464378,0.699007141092929,0.67117091212221,0.737942162258142,0.012079122401063,0.564555034834842,0.928299076996791,0.737257767297324,0.005695045932118,0.616697510133564,0.860510282320484,0.763694361114213,0.0108295043720866,0.601885262511129,0.945731640475164,0.767660057921084,0.00655356151930932,0.635635787366842,0.907896281216928,1.01027619632356,0.0104340975082439,0.838121356262076,1.17579924647878,1.01008962864588,0.0104345261512461,0.838264213225375,1.17538675267149,1.01983919816642,0.00753096848907341,0.879531135729437,1.16992141962488,1.02489843083419,0.00745074578114302,0.884877812716187,1.17240299259827
"high-small","halfcauchy",1,"binary",62,127,7454748,14520062,1,1,1,1,0.67117091212221,1.00508763464378,0.699007141092929,0.67117091212221,0.646855422685631,0.0103899804710027,0.483507189128843,0.816876239550095,0.647104579206854,0.00504180837627305,0.535327098809396,0.761375759263128,0.685057878133891,0.00803846965528635,0.541076205745398,0.839221981008462,0.687988977342015,0.00439208147048414,0.580967486712359,0.801638665778336,0.797572266742073,0.00868350223224595,0.64571138672603,0.945943836497655,0.797362111963072,0.00868551523864084,0.6449467730536,0.945983080387512,1.0019998660288,0.00670644227968407,0.867774288400143,1.14398551980742,1.00769871985214,0.00664542942513428,0.87453828230925,1.147181309184
"high-small","halfcauchy",1,"binary",62,128,7454748,2012671,1,1,1,1,0.67117091212221,1.00508763464378,0.699007141092929,0.67117091212221,0.738809562270716,0.00794398643111076,0.597742111344297,0.883848616811179,0.738751585311959,0.00542336767959094,0.622058411890348,0.860918186573295,0.727234754583429,0.00676528568430442,0.598730447081361,0.862217574225226,0.728439925532017,0.00506661621671895,0.614287324106114,0.848016021624946,1.02000170001927,0.0101333554044349,0.85618960740491,1.18851134756082,1.01991490152014,0.0101358106571045,0.856224487106923,1.1884745546401,1.09400670982693,0.00766156031378835,0.952510380201304,1.23836779997531,1.09636046052885,0.00759247290233242,0.957304852728003,1.24325972276044
"high-small","halfcauchy",1,"binary",62,129,7454748,1953445,1,1,1,1,0.67117091212221,1.00508763464378,0.699007141092929,0.67117091212221,0.75099067742431,0.00821443416994981,0.607363819342955,0.902828562637351,0.750110872485307,0.00537311238487695,0.632091263563348,0.870482791654808,0.625123461530515,0.00640139802079737,0.497159835145289,0.758080679082155,0.625948428015977,0.00454985983236016,0.516401040425502,0.738669405572493,1.08477573478954,0.010397203380386,0.918074200923568,1.24894083542961,1.08464313336396,0.0103961424066181,0.918151060648125,1.24890159042438,1.01460258387125,0.00705446938698673,0.881761655981844,1.16408350170188,1.01819839142193,0.00702486323205879,0.886231106175766,1.16686735951911
"high-small","halfcauchy",1,"binary",62,130,7454748,4609361,1,1,1,1,0.67117091212221,1.00508763464378,0.699007141092929,0.67117091212221,0.703845472273095,0.00737274487150361,0.567841745217017,0.850484415707123,0.703328759860095,0.00533301971373219,0.584504069872794,0.825205089466859,0.609357666330965,0.00557432918081481,0.489063870174964,0.733327516876832,0.61014551959533,0.00430761971261315,0.503033949376545,0.720271333800381,0.939122275052252,0.0094357142190108,0.779192679701258,1.09591954736302,0.93923898136575,0.00944059974964263,0.779857253215517,1.09597829573722,1.08705147935873,0.00750316661310763,0.954647625697283,1.23313153115863,1.08388670611852,0.00728838530366125,0.95416112651758,1.23048552896502
"high-small","halfcauchy",1,"binary",62,131,7454748,3076696,1,1,1,1,0.67117091212221,1.00508763464378,0.699007141092929,0.67117091212221,0.677941179838168,0.00783330391289666,0.53168656241508,0.825959930569696,0.678270198046494,0.00520700082201514,0.558606063576977,0.793714642139882,0.766227862439695,0.00755732561466463,0.628725648699887,0.915651671809833,0.766965666212237,0.0055665905308629,0.644596676848342,0.893060885584301,1.18930567964296,0.0115193536369745,1.01270971001844,1.37014763682952,1.18918358365964,0.0115190076609947,1.01264575664461,1.37013911528357,0.942733499615726,0.00678603092901927,0.811156814239214,1.08042840623017,0.946044426755483,0.00675272553669959,0.814539505280413,1.08624632421243
"high-small","halfcauchy",1,"binary",62,132,7454748,4533363,1,1,1,1,0.67117091212221,1.00508763464378,0.699007141092929,0.67117091212221,0.667593647379971,0.00868872905033704,0.515342887587525,0.824244267219651,0.667602174764066,0.00492871625446803,0.554658656454458,0.785577444632475,0.713488978759755,0.00744381370817409,0.57255941840206,0.857063746612621,0.715576979631659,0.00462469431209389,0.602348970486296,0.830175683857761,0.87217629871546,0.00920698196357328,0.715989606318046,1.03587539567963,0.872014621118405,0.00920613104334702,0.71582418084026,1.03560785896263,0.995888042393089,0.00681646456856912,0.86568744222296,1.13486842441151,1.00027232047852,0.00678550962891667,0.871208980248015,1.1390171734601
"high-small","halfcauchy",1,"binary",62,133,7454748,6604239,1,1,1,1,0.67117091212221,1.00508763464378,0.699007141092929,0.67117091212221,0.626446176403669,0.0069726318664375,0.49035825518713,0.768986747850545,0.626240662955221,0.00495886700560296,0.513523458222946,0.740885066161468,0.65968342246843,0.00583433334660565,0.53764638835085,0.787121793748897,0.660301937958205,0.00456817496447701,0.545684670349018,0.772502915333406,1.09910921978452,0.0103482571763819,0.936740330545542,1.26232028583553,1.09898192925156,0.0103480997686732,0.936646177964599,1.2624215792922,1.05103740617743,0.0071684680681897,0.916575571976157,1.19445952659241,1.05448919606244,0.00714371953026091,0.91972923746192,1.20032681075375
"high-small","halfcauchy",1,"binary",62,134,7454748,13154806,1,1,1,1,0.67117091212221,1.00508763464378,0.699007141092929,0.67117091212221,0.558699071127339,0.00696138805774295,0.422234858055673,0.699199178588286,0.558630665133436,0.00465575689689905,0.452704144299292,0.672467884239125,0.801407484753045,0.00713546798425469,0.663809461181121,0.943795400582104,0.802726548578163,0.0054248167630111,0.684960311664457,0.924753084205693,0.813563326017383,0.00890490357290992,0.656705145248455,0.972745967337711,0.813437236915458,0.00890470880924164,0.656469707154564,0.972739068021955,0.979874423035722,0.00650137454099608,0.852832508842347,1.11546752233673,0.983293633219776,0.00648443854748688,0.857527646461759,1.11906967254565
"high-small","halfcauchy",1,"binary",62,135,7454748,3432304,1,1,1,1,0.67117091212221,1.00508763464378,0.699007141092929,0.67117091212221,0.768583474966557,0.0148013582518153,0.568144846582373,0.970124656788474,0.76891894882071,0.00606528818140176,0.645941803033853,0.899357649097615,0.764829360395803,0.0117751408774554,0.590173933319173,0.94617984261187,0.77095075276475,0.00612273892908591,0.643446084256985,0.901766545105253,1.11519602908674,0.011627466528106,0.939015045728329,1.2947219605588,1.11445961181035,0.01162034155253,0.938676135208625,1.29318557847629,1.0430194308245,0.00805125073905218,0.900834641826841,1.19495701153166,1.06298916185356,0.00813737458274327,0.919780319072235,1.21759834946981
"high-small","halfcauchy",1,"binary",62,136,7454748,12984142,1,1,1,1,0.67117091212221,1.00508763464378,0.699007141092929,0.67117091212221,0.590064282377567,0.00989284144517127,0.433351610677029,0.761356253147,0.589543025738668,0.00489437706025183,0.479009232024197,0.706998633889084,0.748807941021863,0.00863894586273651,0.602128294951169,0.90734071349355,0.751347110414536,0.00517516865304388,0.631531993965353,0.873294864523777,0.978115571785938,0.00976758714417489,0.813043183461194,1.1396313866392,0.978133139972189,0.00977344619112931,0.812657460060185,1.13935906891593,1.00397631340031,0.00689485065863157,0.870422693363965,1.14669631058303,1.00349990964748,0.00669282766340425,0.876154786403448,1.14407145585575
"high-small","halfcauchy",1,"binary",62,137,7454748,4086142,1,1,1,1,0.67117091212221,1.00508763464378,0.699007141092929,0.67117091212221,0.709087680697536,0.00800301856031803,0.561343679171314,0.854551126200405,0.709254514812182,0.00497588040353322,0.590372209642189,0.819893919495934,0.701953912967405,0.0069149244813499,0.569230602854423,0.842897654427304,0.703665940991864,0.00488152581239448,0.58702187790787,0.821865786524232,1.11288472277559,0.0105399547575174,0.947082677976525,1.27911779991072,1.11288191507901,0.0105421151795169,0.947158704334047,1.27910166477864,1.00346060629666,0.00705553864411002,0.869330411371968,1.14547349925007,1.00353674376286,0.0069388165048488,0.870245328632439,1.1437841209399
"high-small","halfcauchy",1,"binary",62,138,7454748,12100919,1,1,1,1,0.67117091212221,1.00508763464378,0.699007141092929,0.67117091212221,0.669669230268326,0.00779988550955759,0.526231832945253,0.81679266917813,0.669604723290785,0.00486209129874094,0.560152640987187,0.785358315321436,0.64549926974138,0.00629584977576047,0.519322505346909,0.779804658985979,0.646931956960691,0.00456728428496829,0.536841583237478,0.755041565943865,0.864992774265948,0.00899432519188242,0.706641240851977,1.01749605496091,0.864896014954496,0.00899422256917176,0.706361113310182,1.01720707625985,0.955117132053735,0.00613424908002393,0.82907475908318,1.08906073005775,0.95774099421207,0.00606734982817152,0.831212080825704,1.09051957566732
"high-small","halfcauchy",1,"binary",62,139,7454748,4511535,1,1,1,1,0.67117091212221,1.00508763464378,0.699007141092929,0.67117091212221,0.786106128898441,0.0107567319832188,0.619029873035786,0.965467130886486,0.785352815851229,0.00648940988289695,0.653078672784789,0.922816841890549,0.696079110084214,0.00814745598317829,0.553359445121069,0.849842330350985,0.6991933211611,0.00519462681628403,0.58209939687575,0.817943718866537,1.12945918391592,0.0125672885321206,0.950352788840307,1.31755616377267,1.12962913058488,0.0125755786174087,0.950452607274284,1.31778322293157,1.27968498482976,0.0100194808464312,1.11636487197697,1.45100566711114,1.27507647091097,0.00972347537243486,1.11451514099392,1.44709415249545
"high-small","halfcauchy",1,"binary",62,140,7454748,14260723,1,1,1,1,0.67117091212221,1.00508763464378,0.699007141092929,0.67117091212221,0.523665599602735,0.00579103700810185,0.39805815867737,0.65001836479798,0.524680281784542,0.00409910040778992,0.422438010021446,0.628192305614663,0.635137337356448,0.00513820779139254,0.516017940263149,0.75531137196613,0.635663911076665,0.00401127709285207,0.531143113363636,0.742650119538099,0.983559917018671,0.00877444235471437,0.828843367719029,1.13677114283725,0.98342414372868,0.00877465836851933,0.828868601025777,1.13665350931147,0.846143006132204,0.00546626209630824,0.7288630484298,0.970528992749745,0.849824826438429,0.00545240845878493,0.734213942619152,0.974473349406309
"high-small","halfcauchy",1,"binary",62,141,7454748,6022021,1,1,1,1,0.67117091212221,1.00508763464378,0.699007141092929,0.67117091212221,0.673388080582373,0.0061017332377243,0.545934943209588,0.806762638831957,0.673163991398516,0.00499428919014481,0.557998032621503,0.790954753697454,0.715364594418278,0.00558029724447484,0.597433804730048,0.841916362512889,0.716147029313296,0.00489251379854718,0.60190725652209,0.832174337181903,1.0196086432997,0.00972508333649614,0.859373121636996,1.18547286004746,1.0196102054342,0.00972689009755668,0.859199822037483,1.18528142512587,1.03691353204439,0.00708553916655424,0.902473452918476,1.17491221970567,1.03687117099888,0.00701558015256201,0.901678401289513,1.17373280676843
"high-small","halfcauchy",1,"binary",62,142,7454748,9110788,1,1,1,1,0.67117091212221,1.00508763464378,0.699007141092929,0.67117091212221,0.639310885126927,0.00633576036993852,0.513484154667547,0.772548404027741,0.638874724466473,0.00483843104542037,0.525461902385257,0.748852868132919,0.695395008163535,0.00535630567931646,0.57728301480721,0.818588956238615,0.696454944392752,0.00444319188622932,0.586894739172884,0.809689224225413,1.03370806976982,0.009991916808756,0.873028332171991,1.19954297812671,1.03365305169042,0.00999286693557417,0.87297650998624,1.19958976331236,0.986842376262563,0.0067696610366084,0.855824805185605,1.12213089679978,0.988334324214674,0.00672932793021172,0.861089883172827,1.12490595354189
"high-small","halfcauchy",1,"binary",62,143,7454748,8956866,1,1,1,1,0.67117091212221,1.00508763464378,0.699007141092929,0.67117091212221,0.741941251029568,0.00768935516748419,0.600987875711183,0.886239972036829,0.741379899541845,0.00538061146903473,0.621605192523391,0.862760625194029,0.739272356838697,0.00626454820843953,0.614661963353432,0.872918266924255,0.740020750855828,0.00484605212627039,0.625998753392574,0.856623094269572,1.13556158111836,0.0108180455954795,0.966017275574688,1.30556439767153,1.13545440509875,0.0108176254876987,0.965995164806894,1.30521624245506,1.024768420097,0.00727039697492606,0.887271580103741,1.17114655455009,1.02767475642712,0.00721319088731577,0.891537480231279,1.17316199807041
"high-small","halfcauchy",1,"binary",62,144,7454748,7797617,1,1,1,1,0.67117091212221,1.00508763464378,0.699007141092929,0.67117091212221,0.633182755634844,0.00737424505114526,0.493608206116997,0.779121862379504,0.633085430020506,0.00508005420242349,0.51439898750064,0.75200123182668,0.844346656455654,0.00732799257884775,0.714180736419287,0.992871254456093,0.845371909490426,0.00592722738693565,0.721799318626118,0.975634991471174,0.915356684964967,0.00988167694306207,0.757918003119334,1.0791144922936,0.915196826904906,0.00987986100626973,0.757783040326394,1.07908252303285,1.00971423125842,0.00702095907093202,0.874155242589306,1.14710682421386,1.01404916820871,0.00703197637703688,0.880246799182793,1.15486652029577
"high-small","halfcauchy",1,"binary",62,145,7454748,7556423,1,1,1,1,0.67117091212221,1.00508763464378,0.699007141092929,0.67117091212221,0.687447713565721,0.00818313502967495,0.540871707732436,0.838346206374211,0.687938387769905,0.00492102953807773,0.575128286508743,0.802090431843265,0.655981969771052,0.00621714173838331,0.530550087382143,0.788457191451952,0.657670457902435,0.00413130096122059,0.551195386587917,0.763381468208477,0.971269523804295,0.00990973319048971,0.806063486637358,1.12945067152102,0.971105615784288,0.00990860317266705,0.805883708871672,1.12942441513183,0.949423106338722,0.00656260392233941,0.822651884455858,1.08550872564992,0.953867867723301,0.00657341555946938,0.829004058570418,1.09135920206069
"high-small","halfcauchy",1,"binary",62,146,7454748,3451686,1,1,1,1,0.67117091212221,1.00508763464378,0.699007141092929,0.67117091212221,0.590117798883565,0.00531486674747097,0.473421919947037,0.711044529772403,0.589511536703134,0.00425056553211719,0.484965762942747,0.696231088551212,0.591954911021936,0.00448537562920613,0.48692949639548,0.704743421342805,0.592515124160361,0.00381684277113386,0.495200806971395,0.697419345300535,0.966305466276632,0.00886100757716374,0.81362793756267,1.11980085212067,0.966218078897294,0.00885969339450719,0.813677955072022,1.11973821811492,0.85365004813298,0.00521348896758764,0.737128783328414,0.977511915694906,0.85601976774259,0.00520499633543856,0.738750847827775,0.979362563934622
"high-small","halfcauchy",1,"binary",62,147,7454748,616420,1,1,1,1,0.67117091212221,1.00508763464378,0.699007141092929,0.67117091212221,0.720498698716284,0.00975781562709044,0.563007361921994,0.892962824773565,0.719891110906826,0.00523838050144105,0.60208955361216,0.841482634911318,0.6445623820945,0.0073860790064255,0.508746276840992,0.789897990663023,0.646522550215841,0.00434505119754836,0.541724379765097,0.755782852150643,1.07146126448705,0.00963163104171257,0.911690732307458,1.23055975187427,1.07132196583663,0.00963169292983734,0.911595731733495,1.2303378578274,0.957005837535128,0.00667227275521156,0.829817007602336,1.09428539025946,0.960783256494345,0.006608574900095,0.833529192995866,1.09999678763967
"high-small","halfcauchy",1,"binary",62,148,7454748,15560697,1,1,1,1,0.67117091212221,1.00508763464378,0.699007141092929,0.67117091212221,0.713252658132749,0.0110329351152736,0.547857040712469,0.889026719219236,0.712392165318671,0.00543401316531559,0.596258274306004,0.834952777231254,0.6918211231626,0.00867613412539523,0.543261430879744,0.848993535128231,0.694635953724128,0.00485722124102584,0.580010122626008,0.811284987108291,1.04209155615822,0.0108816074383507,0.872400426683159,1.21735554030901,1.04202350238287,0.0108831214534316,0.871812585230325,1.21733910321343,1.08092298590213,0.00803957229437436,0.938633382415822,1.23550354423246,1.0827684281981,0.00790559822461533,0.941356888225049,1.2340228396839
"high-small","halfcauchy",1,"binary",62,149,7454748,11161105,1,1,1,1,0.67117091212221,1.00508763464378,0.699007141092929,0.67117091212221,0.656174006127493,0.00680073117545264,0.523418007759989,0.792677258223131,0.656182847709611,0.00514192402613499,0.540400602582951,0.775893713808973,0.715662714965034,0.00584408024991863,0.588993800103263,0.84309707387423,0.716655403607997,0.00472425068001823,0.603886855940275,0.82629272666917,0.890083090902309,0.00968173802458005,0.728557143813122,1.05640628838025,0.890197599960284,0.00968636068199384,0.728686307415357,1.05638856719082,1.0657506715853,0.00752331462242547,0.922257493861514,1.21336515588032,1.06264548222939,0.00737845963547597,0.922186500303008,1.20899394963859
"high-small","halfcauchy",1,"binary",62,150,7454748,6451027,1,1,1,1,0.67117091212221,1.00508763464378,0.699007141092929,0.67117091212221,0.576520706052071,0.0106185554811572,0.403847365983657,0.752967755650947,0.577090370047222,0.00491938955103085,0.4622611456717,0.693748141035402,0.630736934747175,0.00818564464792298,0.482693535001005,0.780054895543664,0.633600645962685,0.00446264421557909,0.525256222878484,0.74590737895123,1.02055539102783,0.0106166025393774,0.852201016201985,1.19331778182766,1.01994652601808,0.0106101009159023,0.85155408953383,1.19275385935847,1.08700924255357,0.00770471049784111,0.946658560075081,1.23485764863116,1.10352008615746,0.00781212218812373,0.962040697744278,1.25617067286893
"high-small","halfcauchy",1,"binary",62,151,7454748,483327,1,1,1,1,0.67117091212221,1.00508763464378,0.699007141092929,0.67117091212221,0.76420196818315,0.0125984673728734,0.58449148879737,0.948525489914359,0.764518505808684,0.00576972348865106,0.643987771128164,0.889629611222764,0.745202647226221,0.0102319845425722,0.586070602974659,0.919778663990174,0.750071433784102,0.00545675290266054,0.624514490363094,0.874003135064054,1.02758556029751,0.0110652747696796,0.855474613612455,1.20417097751069,1.02717173281253,0.0110643591719045,0.855437144717336,1.20384751824978,1.02312637230573,0.00746978108988603,0.885114796138122,1.17115751025496,1.03434830290483,0.00742803977756508,0.896923395676661,1.18316734443585
"high-small","halfcauchy",1,"binary",62,152,7454748,11844344,1,1,1,1,0.67117091212221,1.00508763464378,0.699007141092929,0.67117091212221,0.652622136533096,0.0117266714116307,0.475253563928169,0.839957395495754,0.652861635558609,0.00535817962027927,0.535456838733083,0.773481461313165,0.78531599128033,0.0103030775248947,0.626105699732691,0.959116888160816,0.78863604804264,0.00600531550677335,0.662851815696279,0.922826008555771,1.07646659988701,0.0107629726111686,0.904520502556561,1.24667901228576,1.07581806630403,0.0107575723424588,0.903637096478044,1.2461657290153,0.988684083578712,0.00743911139091036,0.849927396089195,1.13267284884174,1.00627063624467,0.00743452994369805,0.867419522069139,1.15367668891884
"high-small","halfcauchy",1,"binary",62,153,7454748,16545674,1,1,1,1,0.67117091212221,1.00508763464378,0.699007141092929,0.67117091212221,0.711089591464516,0.0111590617612996,0.543825476091118,0.88692217713746,0.710399066660038,0.00513219514031216,0.595847171441607,0.827902543947122,0.682505280041712,0.00842703083168562,0.536653669839694,0.837741781548065,0.685421150757132,0.00461040049829817,0.574131110958601,0.794248898527412,0.99276575601009,0.00975280455718813,0.829630066140334,1.1551258406279,0.992627691444558,0.00975476484319438,0.829509972204272,1.15503287194709,0.932311986694903,0.00653651993570228,0.804514529962487,1.06785723748105,0.936055940465035,0.00643707776105642,0.808337023250489,1.06912956223321
"high-small","halfcauchy",1,"binary",62,154,7454748,12036300,1,1,1,1,0.67117091212221,1.00508763464378,0.699007141092929,0.67117091212221,0.864036224402947,0.0101210447137877,0.703415136791251,1.03603845864519,0.863654433162554,0.00678064697558188,0.733345524097691,0.999794750369911,0.812257176297186,0.00857980898304216,0.666444441160597,0.973605329673667,0.814127747979812,0.00609164982647165,0.684012467359819,0.944400390720821,1.02071457728705,0.0103425815049449,0.8538684680224,1.1871548427951,1.02080781325763,0.0103489461923846,0.853555507336266,1.1869457300769,1.13190234156001,0.00874131197192948,0.979640577542091,1.28913432820896,1.12937402328923,0.0085211619748217,0.978204751727599,1.28203432595344
"high-small","halfcauchy",1,"binary",62,155,7454748,15713862,1,1,1,1,0.67117091212221,1.00508763464378,0.699007141092929,0.67117091212221,0.704548394700711,0.00859324490833166,0.563114485369492,0.855625468084854,0.70442930952784,0.00515453753143223,0.587384203624491,0.823577008522935,0.612731693267112,0.00640986938451231,0.483078290026257,0.747730957239986,0.61389335747259,0.0042774703566569,0.5087889392979,0.723808316446795,0.95255005153833,0.0094481132064316,0.790512087786453,1.11436886810588,0.95248885390307,0.00944867003374122,0.790540856249606,1.11427269677367,0.985706964171008,0.00672552104942576,0.854335958389741,1.12734930189754,0.987366485688149,0.00665760049140701,0.85456056905377,1.12730355654539
"high-small","halfcauchy",1,"binary",62,156,7454748,8626648,1,1,1,1,0.67117091212221,1.00508763464378,0.699007141092929,0.67117091212221,0.61620965328261,0.00850310585058075,0.466067275829621,0.768269681819935,0.615602219002709,0.00448454508345354,0.506748680678571,0.726032634974461,0.707147538400144,0.00736836151571948,0.57154161623955,0.853067425974866,0.709821486909297,0.00483346360156259,0.595446654194101,0.825277390702099,0.815850854552782,0.00860089337216002,0.669860602046386,0.968741514915941,0.815826567988372,0.00860241827126831,0.669817380437304,0.969135266125248,0.998825900475712,0.00673700227786362,0.871737490150604,1.13755972338098,0.999484489260149,0.00662014155991441,0.873088309837932,1.13523613987741
"high-small","halfcauchy",1,"binary",62,157,7454748,15206731,1,1,1,1,0.67117091212221,1.00508763464378,0.699007141092929,0.67117091212221,0.591627149160371,0.00726191373910196,0.456033184817419,0.728511255532681,0.591365270480309,0.00454368633809144,0.482523405334811,0.703818138113066,0.700101104764918,0.00674513060838847,0.56843429228801,0.836172130018564,0.701271423849941,0.00474424206891753,0.586307893698285,0.812158007289466,0.900900856754613,0.00887287522254621,0.747886291170581,1.05662673816341,0.900648359541981,0.00887168550884558,0.74772200045087,1.05656702694662,0.926979357580158,0.00582235609459445,0.802775132157516,1.05205650432723,0.933826428640987,0.00582715626549501,0.810654512191507,1.05683502252961
"high-small","halfcauchy",1,"binary",62,158,7454748,3706690,1,1,1,1,0.67117091212221,1.00508763464378,0.699007141092929,0.67117091212221,0.638924537745633,0.0116205331505432,0.46205806554686,0.823717347696182,0.638760816446186,0.00512295678931022,0.526310977869584,0.75484503928606,0.681493132541495,0.00949104469482914,0.524941884320831,0.849026615691732,0.685681783829747,0.00478914203915716,0.572276789125595,0.800977685179375,0.974299285313941,0.0101182438231119,0.812902983462542,1.14528740415583,0.974169355425793,0.0101205478028422,0.813140806551964,1.14523221094644,1.09956865957522,0.00849997788884286,0.945840516091956,1.25302155442431,1.10309202194345,0.0083791967792405,0.948714208439045,1.25848545361118
"high-small","halfcauchy",1,"binary",62,159,7454748,4157331,1,1,1,1,0.67117091212221,1.00508763464378,0.699007141092929,0.67117091212221,0.854003445105305,0.0141950809161314,0.662016602576732,1.04809927277564,0.853982976825795,0.00636145298438127,0.728908575288255,0.986986568875355,0.73570325699546,0.0106624498396527,0.565763663278965,0.905270628689597,0.740322910215435,0.00539723449015369,0.614363616571059,0.863608851298754,1.07656118676601,0.0109263454881373,0.904692803302741,1.2435303114945,1.07627982391408,0.0109249885274101,0.905073864850203,1.24317613158075,0.899796330405094,0.00684968324040723,0.76672226898339,1.0395478847269,0.907426162912622,0.00671781944847131,0.776231459227803,1.04348153347923
"high-small","halfcauchy",1,"binary",62,160,7454748,6264547,1,1,1,1,0.67117091212221,1.00508763464378,0.699007141092929,0.67117091212221,0.547072105535822,0.00578506467658368,0.424619679550255,0.672830300803614,0.546913893309707,0.00460527223576562,0.437730455810355,0.658636570299793,0.695670776204537,0.00531993975695069,0.577329141892054,0.821418902204617,0.695964705350312,0.00452074815848613,0.587897291118075,0.809037552798303,0.894988175873142,0.00873358842606659,0.739026772564176,1.04487001013857,0.894907515025873,0.00873335807591096,0.738946488466621,1.0447035107911,0.917050271019608,0.00599458118118076,0.796577413974627,1.04850481434769,0.919237584484641,0.00598362303227372,0.796854159706281,1.05181439695479
"high-small","halfcauchy",1,"binary",62,161,7454748,3004525,1,1,1,1,0.67117091212221,1.00508763464378,0.699007141092929,0.67117091212221,0.708082107563568,0.0149223001517346,0.512782656395276,0.914840520994199,0.708408895388866,0.00585015226892449,0.587371280622742,0.834542089603763,0.761011632393344,0.0120801358488776,0.582738952517843,0.944716314206901,0.766939428716556,0.00567283781388448,0.642336518143652,0.893559988892535,1.01083517774309,0.0111444235273279,0.838676231526978,1.18250721746391,1.01033417876275,0.0111423808847944,0.838542868397287,1.18249972790799,1.16175598539617,0.00857329843491118,1.00692655196947,1.31561501140729,1.17534178138966,0.00854011875109367,1.01836366566689,1.33023105309368
"high-small","halfcauchy",1,"binary",62,162,7454748,947428,1,1,1,1,0.67117091212221,1.00508763464378,0.699007141092929,0.67117091212221,0.73729505905431,0.00765556256723073,0.594783442487679,0.883121850823803,0.736776652520563,0.00518374587502348,0.618524805336273,0.857579882417118,0.72725603306088,0.00644859542655064,0.600683617204968,0.86418826299373,0.72901457622012,0.00489452244553776,0.614602108761207,0.84869240911048,1.00294827729508,0.00933027856866092,0.844338771428666,1.15983991650358,1.00276716391728,0.00932901016258474,0.844228355475438,1.15949852362299,0.930068224897023,0.00658417480627832,0.797557356652201,1.0679289203808,0.934979551065453,0.00657921957534053,0.803948426669084,1.07428332726023
"high-small","halfcauchy",1,"binary",62,163,7454748,1283296,1,1,1,1,0.67117091212221,1.00508763464378,0.699007141092929,0.67117091212221,0.699187263190561,0.00865443876126666,0.553013829725665,0.853492524331516,0.698503945996148,0.00542381286804214,0.581990143645785,0.820686044582245,0.798377253612497,0.00818722740066447,0.655226968476099,0.951793468755806,0.801068060380407,0.00599036144205521,0.680019133393198,0.933489890530774,0.9976656787259,0.0105619271233923,0.83096848882843,1.16189544603825,0.997489088021092,0.0105615549682157,0.830490640248723,1.16153552350375,1.08134750841947,0.00768761525252124,0.941718458944493,1.23082632089142,1.08613619139895,0.00763813753121041,0.946946412815866,1.23451670984396
"high-small","halfcauchy",1,"binary",62,164,7454748,3975536,1,1,1,1,0.67117091212221,1.00508763464378,0.699007141092929,0.67117091212221,0.743397038762265,0.0117337051287323,0.572214590506347,0.9259866627803,0.743853289251858,0.00587486938268675,0.620709379746898,0.871280837395202,0.85251828701056,0.0106813878359045,0.694595228063648,1.02918784764125,0.855932617047498,0.00658038040656961,0.724282913011855,0.994919596251706,1.15246765196896,0.0114214436554702,0.978303903960159,1.33289866997779,1.15216886470899,0.0114215772616497,0.978038501690494,1.33301449380531,1.00632797971433,0.00703507952046513,0.871895415770068,1.14081867519782,1.01443031708195,0.00691638860427554,0.877085170792683,1.1497722206441
"high-small","halfcauchy",1,"binary",62,165,7454748,6123320,1,1,1,1,0.67117091212221,1.00508763464378,0.699007141092929,0.67117091212221,0.649052158822176,0.00818444621307301,0.504733186028135,0.797631294678129,0.64919670649133,0.00479223264258747,0.538288127404935,0.764905910107458,0.714127733653723,0.00693255660056956,0.584900234510134,0.853548997879095,0.71613189868873,0.00470732291908167,0.604477491424182,0.830464466339187,0.971207060869574,0.00952784103681914,0.808223713290109,1.13125240779101,0.97113678504462,0.0095291006858202,0.807946444975261,1.1309101734933,0.875414966471843,0.00585814050273548,0.751931822633819,1.00311475396156,0.877320665003334,0.00575701151964522,0.754671299510981,1.00605960185139
"high-small","halfcauchy",1,"binary",62,166,7454748,8221724,1,1,1,1,0.67117091212221,1.00508763464378,0.699007141092929,0.67117091212221,0.568129997447136,0.00952885105004611,0.408343739396144,0.731291366925583,0.567997641453199,0.00482567034692407,0.455657659576437,0.684669434271168,0.728215322831197,0.00793455284145211,0.581664146769331,0.880095972379303,0.730751377009456,0.00505323535713923,0.612382798410226,0.84758336342245,0.935214977489489,0.00965686619755587,0.773663821540822,1.0966599281603,0.935168395459973,0.00965762582313696,0.773513974114493,1.09665140952727,1.02002865556248,0.00698781410572647,0.885046773389413,1.16317123530875,1.02129183967024,0.00692990388291964,0.887243895015118,1.16439583034459
"high-small","halfcauchy",1,"binary",62,167,7454748,8673135,1,1,1,1,0.67117091212221,1.00508763464378,0.699007141092929,0.67117091212221,0.728547363716504,0.0113977137972086,0.55829830687089,0.911107309573638,0.727807627064137,0.00553259129599976,0.608845285792606,0.849785818827624,0.671881506954867,0.00878949311462071,0.525319395138869,0.836845904015357,0.675013038406125,0.00484685618452598,0.562138181166728,0.78964735064264,1.03868131889002,0.0107336222191988,0.865836594889565,1.21003748561274,1.03855895031257,0.0107351400886314,0.86575059481442,1.20943557770168,1.0170722322333,0.00722248751018023,0.884058183953855,1.16462957335046,1.02039055142053,0.00712128313940963,0.887608925239112,1.16534478444223
"high-small","halfcauchy",1,"binary",62,168,7454748,16196657,1,1,1,1,0.67117091212221,1.00508763464378,0.699007141092929,0.67117091212221,0.719710149898135,0.0142938220783725,0.524855998050243,0.924756479024518,0.719640842320392,0.00570433281950783,0.599282132172875,0.846800341955417,0.714895590310881,0.0116116722271797,0.546004242462531,0.899834918067448,0.720243181517552,0.00572822425431409,0.597564376142705,0.84865812150077,1.04702691383537,0.0104437505974808,0.884799131500559,1.21722100562908,1.04680305280469,0.0104438725256372,0.884615352147917,1.21699674643068,1.02116453648914,0.00735137435584724,0.883039581353681,1.16686602831216,1.02723506839237,0.00724236243802408,0.890722058166525,1.17396329481532
"high-small","halfcauchy",1,"binary",62,169,7454748,709207,1,1,1,1,0.67117091212221,1.00508763464378,0.699007141092929,0.67117091212221,0.664327561508641,0.00626432350073859,0.53512950941708,0.794661215414651,0.663483558805934,0.00430560523965605,0.559401685385619,0.767931434955479,0.609397084911005,0.00513653852057226,0.489154116013438,0.728265031678384,0.610433695416187,0.00395383268063377,0.505757281316068,0.715039386091516,0.974545412489032,0.00895931079449222,0.819225168553666,1.12751783443294,0.974613292853919,0.00896187997591775,0.819113352314131,1.12744904367463,0.85455439897878,0.00567266412058195,0.732023078029588,0.97662051193002,0.852713659125986,0.00556989564818362,0.73260648341586,0.973936658010678
"high-small","halfcauchy",1,"binary",62,170,7454748,3762786,1,1,1,1,0.67117091212221,1.00508763464378,0.699007141092929,0.67117091212221,0.725170035254233,0.0129441890533625,0.542360810654169,0.912486501941471,0.725629114053706,0.00541061375360934,0.609425915573489,0.845957013723223,0.716412313248491,0.0101298550068984,0.555399186038141,0.888688793070057,0.720998787431362,0.00495597534093084,0.604297083933717,0.837605333896097,1.09603192001467,0.0112948614687991,0.923007074801375,1.26502346124718,1.09569694344987,0.0112945259032521,0.922676060106821,1.26474909214104,1.0299259093183,0.00774658030149125,0.886400708289988,1.17468637676453,1.03900960699138,0.00768702225267042,0.897314017786421,1.18053262852152
"high-small","halfcauchy",1,"binary",62,171,7454748,10943796,1,1,1,1,0.67117091212221,1.00508763464378,0.699007141092929,0.67117091212221,0.604566754031971,0.00813069189204877,0.456327509173286,0.752724087141919,0.604480170598716,0.00472771397386217,0.495178523246697,0.719967198943116,0.65330408258606,0.00674206245832678,0.521208492356241,0.788679622665769,0.654646949096041,0.00431289105958789,0.545766111747352,0.766724299490089,0.987839706144033,0.00962434335560776,0.824123647817967,1.15201210144588,0.987334267183656,0.00961628334301533,0.823801295225339,1.15099800763516,1.00125053399297,0.00686347462729057,0.871380309495741,1.14597346050456,1.01495673075661,0.00693686001673631,0.884051946844453,1.15877126299142
"high-small","halfcauchy",1,"binary",62,172,7454748,13915671,1,1,1,1,0.67117091212221,1.00508763464378,0.699007141092929,0.67117091212221,0.757861278817282,0.00639500756124878,0.63095605902058,0.892142077192417,0.757454911263137,0.00540735585981739,0.639469999146661,0.881857120098371,0.712329231480166,0.0054683248286477,0.591990119730856,0.834356187409523,0.712997370225787,0.00489029745712063,0.603355873709293,0.831870288196217,1.04742031393552,0.0101249370497692,0.885055739566629,1.21100599404749,1.04741236911772,0.0101262885604064,0.885058036844601,1.21092085291525,1.01495707011431,0.00720273398423092,0.876263431461421,1.15602409828869,1.01517251301549,0.00717151285939019,0.876215636921125,1.1578095292384
"high-small","halfcauchy",1,"binary",62,173,7454748,16026439,1,1,1,1,0.67117091212221,1.00508763464378,0.699007141092929,0.67117091212221,0.697169989746325,0.00685905199266083,0.564539756851534,0.835463154542714,0.696725639926163,0.00528355802673122,0.581238672106285,0.81514254508859,0.65486432248021,0.00557197066608056,0.535934815750267,0.779842235250561,0.655284826907344,0.00452114829658517,0.546508731363923,0.767999971319285,1.12423832192439,0.0106591842125771,0.952120869125094,1.29419197000947,1.12413202971826,0.0106581739535248,0.951834792146667,1.29393683426913,1.01122335737947,0.00674459161528618,0.879599293133203,1.14836450679006,1.0141057269749,0.0067164154858984,0.882343749030994,1.15269165472019
"high-small","halfcauchy",1,"binary",62,174,7454748,14986485,1,1,1,1,0.67117091212221,1.00508763464378,0.699007141092929,0.67117091212221,0.692435589934466,0.00811415686152531,0.551103604113738,0.843442757351966,0.692395659578907,0.00519989914322926,0.575294125060082,0.810465457123255,0.743958565242832,0.00727833424533634,0.607498467591651,0.886198499813175,0.745346027201903,0.00526051339416983,0.623405931728874,0.863916532900453,0.939918125274429,0.00939935317376915,0.779186204844321,1.09747601290396,0.939887598797981,0.00940116664225201,0.778931415239372,1.09727377669172,1.04758211880922,0.00728503863446937,0.912104697991444,1.18903992944676,1.04840991786211,0.00719714553976819,0.913286086046735,1.19167028828271
"high-small","halfcauchy",1,"binary",62,175,7454748,2045782,1,1,1,1,0.67117091212221,1.00508763464378,0.699007141092929,0.67117091212221,0.640234028505483,0.00776885538452396,0.495292989197411,0.789833997595505,0.640408160128957,0.00509888055764867,0.527229790068989,0.757925030332108,0.730670329751853,0.00694864183583649,0.602921165260546,0.872427047530306,0.731757948239316,0.00512081257534523,0.615078782237268,0.850633990429169,0.857051493250753,0.00854081284486884,0.705728537990532,1.00652382170134,0.857097640527728,0.00854254242432511,0.705807031148463,1.00647860008385,0.972783601307606,0.00682782879051772,0.840881908810311,1.11130583441418,0.971532206563809,0.00669475255035034,0.841856682787452,1.10967779361051
"high-small","halfcauchy",1,"binary",62,176,7454748,10986401,1,1,1,1,0.67117091212221,1.00508763464378,0.699007141092929,0.67117091212221,0.738317160977438,0.00763905271341105,0.595795490056647,0.883629954781491,0.737674823025813,0.0051824415119634,0.62299307511452,0.858646740084709,0.563678905905759,0.00530861235396835,0.445321640534472,0.687958392501745,0.564438130375143,0.00391729728260487,0.462624285492888,0.669945161155268,1.05613446107153,0.00984100572644179,0.892581375764594,1.21821294084029,1.05594434433188,0.00983748278459368,0.892330510956833,1.21796596759758,1.02913954910515,0.00711015038881316,0.894576609382272,1.17296139110856,1.03429502315047,0.00711544953547424,0.89795337694946,1.18051207104035
"high-small","halfcauchy",1,"binary",62,177,7454748,14842355,1,1,1,1,0.67117091212221,1.00508763464378,0.699007141092929,0.67117091212221,0.775284164705466,0.00791010257044586,0.63293790921278,0.925348150674316,0.774297710779265,0.00549028988463562,0.65500538563505,0.896330981567992,0.680038711128735,0.0061087187875526,0.553635765364969,0.811613839925414,0.681248887904049,0.00452592942777676,0.570816069410981,0.790898729045604,0.976415987594957,0.0101459555921353,0.809863174455638,1.1405211490704,0.976479870363384,0.0101504625507875,0.809757257439451,1.1405397307668,0.968080779794921,0.00696046003027809,0.831534779479732,1.1084219362354,0.966348444414181,0.00679531909495968,0.831283989991994,1.10577237259777
"high-small","halfcauchy",1,"binary",62,178,7454748,9349452,1,1,1,1,0.67117091212221,1.00508763464378,0.699007141092929,0.67117091212221,0.613530462915802,0.0085495802671707,0.463470981014327,0.772887436287176,0.613633795418164,0.00526301505112355,0.496614100844931,0.734698943858664,0.802224976131467,0.00787864035234447,0.658369360295162,0.949996062001559,0.803876289623054,0.00563360759304856,0.679119423898495,0.930184270241056,1.00428113580836,0.0103311281067805,0.836632614993015,1.17507364846955,1.00423316564983,0.0103326717023385,0.836672481235302,1.17518716031797,1.01547991370899,0.00723615493357752,0.87792209197595,1.15493287178495,1.01678074028368,0.00713988866379782,0.879266954513889,1.15689267968377
"high-small","halfcauchy",1,"binary",62,179,7454748,170618,1,1,1,1,0.67117091212221,1.00508763464378,0.699007141092929,0.67117091212221,0.772077644851906,0.00834702417796474,0.624687096727061,0.925633072808856,0.772521065738226,0.00561507233788173,0.650572993231088,0.895599335249425,0.635495588414746,0.00656089040751763,0.505144539277346,0.770413208393055,0.635971626241133,0.00460803494879191,0.523057943271621,0.748713055211243,1.15826070588504,0.0110974989470102,0.983161930534521,1.33039114388781,1.15801683205518,0.0110947226334942,0.983099787829456,1.33026710129149,1.04167453943519,0.00715061525509291,0.904759989329914,1.18382163234226,1.04828776666866,0.00714125947615847,0.913667165485025,1.1908758212465
"high-small","halfcauchy",1,"binary",62,180,7454748,12451443,1,1,1,1,0.67117091212221,1.00508763464378,0.699007141092929,0.67117091212221,0.582318058459096,0.00652277981285101,0.452184762826067,0.71486038965198,0.581901330172961,0.00498472308478275,0.46493322259026,0.698020282133328,0.683801025449885,0.00550169573232926,0.561091049255291,0.810892752282542,0.684759853435309,0.0045806794717132,0.57272248974582,0.799787176158786,1.15632761008847,0.0110458170854312,0.981431652852953,1.32761110278528,1.15632807844578,0.0110484895271009,0.981611084354953,1.32791779060041,1.09581482829202,0.00721968926449397,0.965083934476311,1.23799536455992,1.09580212765363,0.00714096797557708,0.965422326959874,1.23719389529877
"high-small","halfcauchy",1,"binary",62,181,7454748,9089013,1,1,1,1,0.67117091212221,1.00508763464378,0.699007141092929,0.67117091212221,0.780038402399205,0.00837774837531412,0.631763679211892,0.934387860075989,0.779260844820901,0.00600996072085621,0.650379334048552,0.903588635096869,0.765935440718079,0.00710449287332429,0.636421620152745,0.910421749890462,0.766654606939942,0.00552285967426172,0.652526753930114,0.892271313351635,1.10894871321483,0.0113752712955062,0.937942999017605,1.28645100196382,1.10910600113178,0.0113823319895069,0.938525699071184,1.28682791475939,0.998379755700686,0.00774018847403649,0.855781009352587,1.14409784961584,0.994114514381112,0.00751271743741742,0.853661501588915,1.13883150362209
"high-small","halfcauchy",1,"binary",62,182,7454748,807993,1,1,1,1,0.67117091212221,1.00508763464378,0.699007141092929,0.67117091212221,0.671836353564374,0.00865323877499215,0.516856105674571,0.827125812612036,0.671822519473769,0.00525205072575211,0.555683800585589,0.790487014644499,0.754351342985708,0.00747698347992526,0.613746694094533,0.900576259511921,0.756547342855401,0.00515956765388555,0.63828440044704,0.873288507717952,1.06062065227992,0.0103664545305103,0.893619425002678,1.2243638782517,1.06049905605378,0.0103667227226934,0.893792451952067,1.22429580616668,1.03147251674536,0.00717427440776328,0.894736042161785,1.17296279415009,1.03476989176375,0.00709283292411106,0.902503575238543,1.17459579224621
"high-small","halfcauchy",1,"binary",62,183,7454748,2731963,1,1,1,1,0.67117091212221,1.00508763464378,0.699007141092929,0.67117091212221,0.713072728835041,0.0107550804145638,0.55131680314527,0.889089705275096,0.71256309976749,0.00561728423807598,0.594244617464127,0.837758473273153,0.849670168880215,0.00972755729507289,0.692212768906559,1.01853325064385,0.853341186379283,0.00625698204821169,0.720190270223642,0.985600626637115,1.00730407251321,0.0111146972883304,0.83626628698523,1.17943142945271,1.00724002657015,0.0111175434859054,0.836233183483551,1.17957821657673,1.1001393556223,0.00857434648072489,0.949931034891024,1.25530000540997,1.10187611587696,0.00843509179956833,0.952202282076242,1.25752276215705
"high-small","halfcauchy",1,"binary",62,184,7454748,8076245,1,1,1,1,0.67117091212221,1.00508763464378,0.699007141092929,0.67117091212221,0.670678106310165,0.0102912958384468,0.511879537619568,0.842525829821408,0.669894835086065,0.00562522159272805,0.544955556021786,0.790545485446573,0.720143538837841,0.00846966923660774,0.576719260601123,0.871982151431194,0.722743553320676,0.00522564518671379,0.600413018716908,0.844814519643295,1.05823172524828,0.0107312258999019,0.887845158678091,1.23301496311448,1.05792285405903,0.0107280283855986,0.887388382972004,1.23304498319356,1.13425661688713,0.00815818368549954,0.985845346613414,1.28698313395592,1.14263240432424,0.00819645286211806,0.996228891250327,1.29709916402725
"high-small","halfcauchy",1,"binary",62,185,7454748,7399539,1,1,1,1,0.67117091212221,1.00508763464378,0.699007141092929,0.67117091212221,0.837809089544737,0.00986935631334927,0.68222645727272,1.00323359453939,0.838082588534011,0.00534467508706685,0.718008046004787,0.962022443986288,0.539923861198922,0.00727331138605868,0.402271590703831,0.687814561960632,0.54138897102689,0.00425269690140456,0.434272539774011,0.650719307670951,0.942389567442612,0.00940064149502403,0.778388113115872,1.10407634086303,0.941867364619878,0.00939428379967629,0.777590732228962,1.10380545274818,0.912147820867895,0.00639850011353512,0.785031560850528,1.04901038766246,0.926308610201541,0.00648854679686552,0.7963680173889,1.06373144207893
"high-small","halfcauchy",1,"binary",62,186,7454748,13223167,1,1,1,1,0.67117091212221,1.00508763464378,0.699007141092929,0.67117091212221,0.83546045458509,0.0106056591183246,0.676330663017664,1.01296516403976,0.834960259695334,0.00648613453639673,0.70600560555033,0.970264425827358,0.835735849972249,0.00945988545344181,0.683268371179327,1.00370859080357,0.838891252252028,0.00646581373655468,0.706954338768445,0.97473469998762,1.01560928545762,0.0114042073574952,0.840082428035267,1.19606158806566,1.01518570036,0.0114009611235758,0.839921657915912,1.19510107382515,1.15008353142781,0.00882915273651948,0.999575194532938,1.3083516849157,1.16157006323329,0.0088689212624098,1.01036471655228,1.32033074943074
"high-small","halfcauchy",1,"binary",62,187,7454748,10066897,1,1,1,1,0.67117091212221,1.00508763464378,0.699007141092929,0.67117091212221,0.82096820085158,0.0153069913979221,0.62178885050166,1.02918586757495,0.821086135570437,0.00636460106043746,0.694377995452695,0.955165227346614,0.741609475757528,0.011685557425195,0.566721172334147,0.924025609009377,0.746949747927361,0.005534801006305,0.625203767737738,0.877593381298773,1.13706002198426,0.0122045042261808,0.957664314100015,1.32197015779734,1.13671343839307,0.0122037914882104,0.957654906566954,1.32184712289068,1.12528894775621,0.00871635221872982,0.975596134984536,1.28360684671275,1.13468739795165,0.00861659823355307,0.984907659615776,1.29216542936376
"high-small","halfcauchy",1,"binary",62,188,7454748,15641728,1,1,1,1,0.67117091212221,1.00508763464378,0.699007141092929,0.67117091212221,0.656858030048252,0.0151848379051808,0.460595316988989,0.865373141478189,0.65629525212022,0.00512082661272464,0.543717617344433,0.772717590421956,0.684547218026719,0.0116858935767966,0.512796293974534,0.870137600438548,0.690269449416855,0.00465795233891603,0.579235218562016,0.806159995240703,1.03204120989735,0.0105719927456907,0.864845592691894,1.20701353086137,1.0319794273209,0.0105747196841202,0.865062289403208,1.20718286279638,1.03668113281561,0.00753100540276694,0.896589952714567,1.18597476199167,1.03835651642413,0.00733579433752771,0.902050313293687,1.18360885944909
"high-small","halfcauchy",1,"binary",62,189,7454748,6826979,1,1,1,1,0.67117091212221,1.00508763464378,0.699007141092929,0.67117091212221,0.718786021540054,0.0102555558224779,0.558308882815123,0.884194894471479,0.718156174717326,0.00540229635607518,0.600143346607037,0.83740281983962,0.554084172308499,0.00718284934819578,0.422993250170704,0.696417480455139,0.55626168239542,0.0039614280965163,0.451883613884622,0.66016192390207,1.0974420024592,0.0112246558811771,0.924208796430866,1.27306159218091,1.097374858508,0.0112268795777509,0.92463645130234,1.27277379733601,1.11559117345525,0.00781736762035527,0.978155010088872,1.26616987010185,1.11741194367432,0.00768637546569767,0.982063808797414,1.26746543803186
"high-small","halfcauchy",1,"binary",62,190,7454748,9528166,1,1,1,1,0.67117091212221,1.00508763464378,0.699007141092929,0.67117091212221,0.57549754147618,0.00503816791100652,0.459477861840316,0.695630975163616,0.574955235179387,0.00447272469759862,0.469334514356577,0.686709229447946,0.682091400499919,0.00470544343782335,0.571215350580775,0.798022066743376,0.682430207828352,0.0043694812863531,0.572939297674276,0.793849686080548,1.03783129595956,0.00912438942034517,0.881582283568969,1.19067871602441,1.03781793420738,0.00912498171173421,0.881633773945326,1.1906492482861,0.878530160951747,0.00569779441440208,0.759444516071991,1.00456155950838,0.878892497096914,0.00567210889849008,0.75954665029533,1.00502129757781
"high-small","halfcauchy",1,"binary",62,191,7454748,2465908,1,1,1,1,0.67117091212221,1.00508763464378,0.699007141092929,0.67117091212221,0.792142655808197,0.00795126792334966,0.65490051344829,0.94091088792667,0.791749421068523,0.00556333711178395,0.673434296121056,0.916296488299739,0.684840483682908,0.00646452656716054,0.556386836996122,0.824378725769312,0.685251194957723,0.0048354756427045,0.571935341883026,0.801599263898535,0.904479452422671,0.00977249041941565,0.740690453619746,1.07093561239552,0.904475666625308,0.00977379699903255,0.740729486557542,1.07107311019763,1.01123171640883,0.00722309608831478,0.873271635334323,1.15217308156613,1.01133437743745,0.00715685434754072,0.874887315828566,1.15152207423496
"high-small","halfcauchy",1,"binary",62,192,7454748,16516563,1,1,1,1,0.67117091212221,1.00508763464378,0.699007141092929,0.67117091212221,0.483020774559323,0.00706521984717429,0.349603181790979,0.627035327126829,0.482640769381328,0.00421704831317025,0.378517073749874,0.584694584951576,0.631270082740025,0.00626033965929911,0.507520780016409,0.763052541462951,0.632243992934464,0.004348126023001,0.527378073334104,0.743550298739017,0.823578554876551,0.0084028419639313,0.671638001934505,0.974953282655257,0.823182989105726,0.00839597476827621,0.671372645315182,0.974869669356316,0.984525808973526,0.00584650204645198,0.86379183277071,1.11242561696936,0.995252529137388,0.00596288750889404,0.872361026438526,1.12279391630008
"high-small","halfcauchy",1,"binary",62,193,7454748,13323016,1,1,1,1,0.67117091212221,1.00508763464378,0.699007141092929,0.67117091212221,0.75419026364602,0.00772297100688725,0.6122404441717,0.903496353475742,0.754076798165512,0.00537245482629569,0.635011045006237,0.87824449850998,0.720508130233545,0.0065753600499396,0.59195696462883,0.857606116147138,0.721578902318553,0.0049592011037945,0.607673615119205,0.836692489235789,0.938554355002145,0.00917046199084451,0.781465839229453,1.09549768456115,0.938516566168383,0.00917206561226514,0.781507229701414,1.09538824494927,0.963010387289552,0.00666121299510855,0.833505329608045,1.10078236215641,0.964035122681183,0.00656113907902555,0.835864479760278,1.09926194749241
"high-small","halfcauchy",1,"binary",62,194,7454748,8505845,1,1,1,1,0.67117091212221,1.00508763464378,0.699007141092929,0.67117091212221,0.665231207813789,0.00761373224912932,0.53107492578534,0.810025056224796,0.664979469485062,0.00492899800846783,0.553515349263729,0.782345828690602,0.680792291788029,0.00658202855247141,0.553363895890972,0.814935746325971,0.682392502102653,0.00450922230286035,0.573896793658311,0.794739148955234,0.963947791403432,0.00907405965108091,0.805129816407145,1.12004601681183,0.963851727369552,0.00907535718068833,0.804748801621198,1.11965918833959,0.924106040043289,0.00617078078637874,0.797960699008311,1.05330854113355,0.926711048072922,0.00611641548598843,0.799234936867097,1.05455397074032
"high-small","halfcauchy",1,"binary",62,195,7454748,8363510,1,1,1,1,0.67117091212221,1.00508763464378,0.699007141092929,0.67117091212221,0.611584147589761,0.00962927183431489,0.452114246595529,0.771387821900766,0.611634983546477,0.00461107171374115,0.502586019203518,0.725857645658802,0.637679199012778,0.00788994334741051,0.493546396892439,0.789861631192127,0.640363888649425,0.00445224251563341,0.530188026965748,0.755914581272345,1.01372667459769,0.00973611310095837,0.852570940593386,1.1741958292574,1.01362206038753,0.00973719035767461,0.852172378903062,1.17407843921365,0.957856175250349,0.00653671865076184,0.823710612575558,1.0937065472807,0.960693041936863,0.00644941994844567,0.829377212484498,1.09636922154014
"high-small","halfcauchy",1,"binary",62,196,7454748,11790045,1,1,1,1,0.67117091212221,1.00508763464378,0.699007141092929,0.67117091212221,0.615301623538731,0.006419185082199,0.484598853730983,0.747602475181144,0.61484244420826,0.0049408216545268,0.500689347934992,0.73177284680693,0.611625747477677,0.00529180570047921,0.49335547825669,0.731863641607928,0.612211234831784,0.00416969154098791,0.508336171022845,0.716361932044199,1.11909507839884,0.0104000714681079,0.951237432895501,1.2878946674417,1.11894581643665,0.0103978443128427,0.951089029629934,1.28788759931193,1.02405175821098,0.00686861757863164,0.889308703052638,1.16151315749458,1.0280993564048,0.00684787132554153,0.893791644645347,1.16611113902349
"high-small","halfcauchy",1,"binary",62,197,7454748,15533342,1,1,1,1,0.67117091212221,1.00508763464378,0.699007141092929,0.67117091212221,0.784258367432155,0.00658254191676925,0.653156217503785,0.922651157333566,0.783573978367451,0.00570477657636838,0.662327925741319,0.911543055051976,0.794753954046615,0.00589776044962016,0.673199185830188,0.92125603142534,0.795036603883544,0.00540849404257141,0.674531310993264,0.91537945378658,1.0460772463028,0.010358756167461,0.876388547043067,1.2159306306684,1.04609034625043,0.0103604072519969,0.87638631049252,1.21595283939622,1.02383967071615,0.00741150357702677,0.884140311261019,1.16865184902635,1.02348443403308,0.00735366675496118,0.884540799390014,1.16695556845414
"high-small","halfcauchy",1,"binary",62,198,7454748,2919160,1,1,1,1,0.67117091212221,1.00508763464378,0.699007141092929,0.67117091212221,0.633949468924914,0.0115153948585675,0.459978716189681,0.809621550167853,0.633393501951824,0.00482104907076929,0.523680314211768,0.747930996206341,0.656337440985584,0.00909595463373786,0.503159896043258,0.819508234828973,0.660560501974266,0.00445617274555462,0.550371626573896,0.774403062817218,0.851105302074734,0.00904982598082683,0.693641716985547,1.00182285348403,0.851213881598956,0.0090545594502257,0.693873719822195,1.00221713079703,0.960924791349472,0.00659418351510628,0.831984898791521,1.09998011886442,0.95798039560607,0.00638996005746363,0.829837539860256,1.09617667226641
"high-small","halfcauchy",1,"binary",62,199,7454748,5106289,1,1,1,1,0.67117091212221,1.00508763464378,0.699007141092929,0.67117091212221,0.858693460716544,0.00847375435789943,0.713717582044627,1.01179532791692,0.85846466841067,0.00644330786965232,0.732281185515651,0.992239496640757,0.836781379280224,0.00822777721343212,0.68526890586033,0.993127441601921,0.837974790647937,0.00660411180900248,0.705752959923524,0.975140954837817,1.11970119237906,0.0118463406868392,0.940464920341425,1.30087528280603,1.11942004950843,0.0118443011721349,0.940482366581503,1.30069257142553,1.17249700371094,0.00897169792847856,1.02366275322327,1.32970497337114,1.18012087089499,0.00902332258791296,1.03171886406137,1.33913411357711
"high-small","halfcauchy",1,"binary",62,200,7454748,3448799,1,1,1,1,0.67117091212221,1.00508763464378,0.699007141092929,0.67117091212221,0.634485717021929,0.0103501694532478,0.473923286492834,0.807445908884005,0.634406065109439,0.0050649298001375,0.518418436491056,0.751431673218951,0.653229289620837,0.00811346365287944,0.508518029316129,0.811111565385563,0.656333034466283,0.0044544299655118,0.544605242817842,0.76542220294995,1.04579914752235,0.0110591174783417,0.87564005049502,1.22347732469357,1.04581816665627,0.011061990588593,0.875215441875003,1.22371998117786,1.12125758936689,0.00797437395618121,0.975527000939519,1.27607242064216,1.12074183966788,0.007822397355066,0.975458196085605,1.27060509730524
