"excessvar","re.type","num.re","response","run","rep","design.seed","error.seed","beta_int_true","beta_row_true","beta_col_true","beta_dyad_true","delta_int_true","delta_row_true","delta_col_true","delta_dyad_true","beta_int_mean","beta_int_var","beta_int_5q","beta_int_95q","delta_int_mean","delta_int_var","delta_int_5q","delta_int_95q","beta_row_mean","beta_row_var","beta_row_5q","beta_row_95q","delta_row_mean","delta_row_var","delta_row_5q","delta_row_95q","beta_col_mean","beta_col_var","beta_col_5q","beta_col_95q","delta_col_mean","delta_col_var","delta_col_5q","delta_col_95q","beta_dyad_mean","beta_dyad_var","beta_dyad_5q","beta_dyad_95q","delta_dyad_mean","delta_dyad_var","delta_dyad_5q","delta_dyad_95q"
"high-small","none",2,"continuous",49,1,2064786,8871198,1,1,1,1,1.41279262875696,0.999971137611845,0.896043591675823,1.41279262875696,1.35160756269059,0.00168446505467708,1.2829167396243,1.41784583990552,1.35160756269059,0.00168446505467708,1.2829167396243,1.41784583990552,0.85447144891297,0.00173940534098589,0.78687923940768,0.92312060515965,0.85447144891297,0.00173940534098589,0.78687923940768,0.92312060515965,0.650735586240955,0.00142939592478645,0.589000872502148,0.713154174325184,0.650735586240955,0.00142939592478645,0.589000872502148,0.713154174325184,0.997704872880828,0.0015513727641253,0.932547172836003,1.0626655653842,0.997704872880828,0.0015513727641253,0.932547172836003,1.0626655653842
"high-small","none",2,"continuous",49,2,2064786,12239817,1,1,1,1,1.41279262875696,0.999971137611845,0.896043591675823,1.41279262875696,1.44597957469524,0.0017219751535649,1.37652805191341,1.51295149598844,1.44597957469524,0.0017219751535649,1.37652805191341,1.51295149598844,0.905422598976796,0.00177815678071052,0.837081768809982,0.974832794676715,0.905422598976796,0.00177815678071052,0.837081768809982,0.974832794676715,0.647560157590409,0.0014612399623515,0.585141725203795,0.710670290688264,0.647560157590409,0.0014612399623515,0.585141725203795,0.710670290688264,1.0167766225198,0.00158593434031785,0.950896866954447,1.08245649729856,1.0167766225198,0.00158593434031785,0.950896866954447,1.08245649729856
"high-small","none",2,"continuous",49,3,2064786,12862900,1,1,1,1,1.41279262875696,0.999971137611845,0.896043591675823,1.41279262875696,1.4074931186758,0.00171037183425982,1.33827608488574,1.47423874662959,1.4074931186758,0.00171037183425982,1.33827608488574,1.47423874662959,0.863868749980689,0.00176618184314246,0.795758014289765,0.933043711419399,0.863868749980689,0.00176618184314246,0.795758014289765,0.933043711419399,0.699259562317449,0.00145140142039213,0.637051347690309,0.762156805340324,0.699259562317449,0.00145140142039213,0.637051347690309,0.762156805340324,1.02902585831744,0.00157525618850608,0.963368317246952,1.09448440298934,1.02902585831744,0.00157525618850608,0.963368317246952,1.09448440298934
"high-small","none",2,"continuous",49,4,2064786,86432,1,1,1,1,1.41279262875696,0.999971137611845,0.896043591675823,1.41279262875696,1.41979103857762,0.00165838052281773,1.351633613747,1.48551540905854,1.41979103857762,0.00165838052281773,1.351633613747,1.48551540905854,0.973436902404391,0.00171249743946826,0.906370486053518,1.04155533977352,0.973436902404391,0.00171249743946826,0.906370486053518,1.04155533977352,0.655978797586319,0.00140727877711971,0.594723577606655,0.717912414756989,0.655978797586319,0.00140727877711971,0.594723577606655,0.717912414756989,0.919593368139619,0.00152737316024931,0.854939599372884,0.984046485829108,0.919593368139619,0.00152737316024931,0.854939599372884,0.984046485829108
"high-small","none",2,"continuous",49,5,2064786,4538506,1,1,1,1,1.41279262875696,0.999971137611845,0.896043591675823,1.41279262875696,1.43568135621693,0.00158206477651617,1.36911110238912,1.49987465542149,1.43568135621693,0.00158206477651617,1.36911110238912,1.49987465542149,0.951186677900675,0.00163375159686936,0.885679387133962,1.0177185280499,0.951186677900675,0.00163375159686936,0.885679387133962,1.0177185280499,0.711397805265951,0.00134257281984473,0.651567441049766,0.771891218125723,0.711397805265951,0.00134257281984473,0.651567441049766,0.771891218125723,1.02303947219615,0.00145714214917682,0.959890225920012,1.0859942802597,1.02303947219615,0.00145714214917682,0.959890225920012,1.0859942802597
"high-small","none",2,"continuous",49,6,2064786,5516151,1,1,1,1,1.41279262875696,0.999971137611845,0.896043591675823,1.41279262875696,1.44128761405467,0.0017436518446732,1.37140041222427,1.50867961260278,1.44128761405467,0.0017436518446732,1.37140041222427,1.50867961260278,0.952289139877207,0.00180055746754914,0.883519305062457,1.02213568559123,0.952289139877207,0.00180055746754914,0.883519305062457,1.02213568559123,0.623036015615932,0.00147964768222376,0.560225923628092,0.686542595678943,0.623036015615932,0.00147964768222376,0.560225923628092,0.686542595678943,1.04156963803306,0.00160591227290287,0.975276195984502,1.10766178164337,1.04156963803306,0.00160591227290287,0.975276195984502,1.10766178164337
"high-small","none",2,"continuous",49,7,2064786,15524112,1,1,1,1,1.41279262875696,0.999971137611845,0.896043591675823,1.41279262875696,1.42629746558679,0.00153696047132013,1.36068295545812,1.48956929289599,1.42629746558679,0.00153696047132013,1.36068295545812,1.48956929289599,0.865651383008618,0.00158712175230165,0.801085790339887,0.931226851196069,0.865651383008618,0.00158712175230165,0.801085790339887,0.931226851196069,0.652676649251505,0.00130425321458953,0.593706248904259,0.712300363717606,0.652676649251505,0.00130425321458953,0.593706248904259,0.712300363717606,0.969864319761479,0.00141555183851073,0.907623578611541,1.03191535460899,0.969864319761479,0.00141555183851073,0.907623578611541,1.03191535460899
"high-small","none",2,"continuous",49,8,2064786,55863,1,1,1,1,1.41279262875696,0.999971137611845,0.896043591675823,1.41279262875696,1.40618504276167,0.00167160701987465,1.33775687916472,1.47216996278435,1.40618504276167,0.00167160701987465,1.33775687916472,1.47216996278435,0.912071717918095,0.00172617853452679,0.844736910600094,0.980459412951565,0.912071717918095,0.00172617853452679,0.844736910600094,0.980459412951565,0.691145884655794,0.0014185268967535,0.629646373329225,0.753326840808535,0.691145884655794,0.0014185268967535,0.629646373329225,0.753326840808535,1.03099602491089,0.00153957672182967,0.966085869604139,1.09570829503299,1.03099602491089,0.00153957672182967,0.966085869604139,1.09570829503299
"high-small","none",2,"continuous",49,9,2064786,9816900,1,1,1,1,1.41279262875696,0.999971137611845,0.896043591675823,1.41279262875696,1.37868895823756,0.00191170749199894,1.30551128762324,1.44925406768423,1.37868895823756,0.00191170749199894,1.30551128762324,1.44925406768423,0.912986163989988,0.0019740299255237,0.840979798500489,0.986119780905179,0.912986163989988,0.0019740299255237,0.840979798500489,0.986119780905179,0.626049865802016,0.00162220205724954,0.5602834787793,0.692545070513947,0.626049865802016,0.00162220205724954,0.5602834787793,0.692545070513947,1.03432228175614,0.00176063160026833,0.964909381256196,1.10352593272448,1.03432228175614,0.00176063160026833,0.964909381256196,1.10352593272448
"high-small","none",2,"continuous",49,10,2064786,13647700,1,1,1,1,1.41279262875696,0.999971137611845,0.896043591675823,1.41279262875696,1.33724202038985,0.00156802661190247,1.27096829895992,1.40114902237303,1.33724202038985,0.00156802661190247,1.27096829895992,1.40114902237303,0.889815535115592,0.00161923466466276,0.824599537770477,0.956050413499167,0.889815535115592,0.00161923466466276,0.824599537770477,0.956050413499167,0.616716434644862,0.00133064537326715,0.557152867815709,0.676940911377306,0.616716434644862,0.00133064537326715,0.557152867815709,0.676940911377306,1.08088545526464,0.00144419229016239,1.01801914109662,1.14356242631316,1.08088545526464,0.00144419229016239,1.01801914109662,1.14356242631316
"high-small","none",2,"continuous",49,11,2064786,7067100,1,1,1,1,1.41279262875696,0.999971137611845,0.896043591675823,1.41279262875696,1.45586152299666,0.0016658377495587,1.38755127882937,1.52173305687369,1.45586152299666,0.0016658377495587,1.38755127882937,1.52173305687369,0.940442702814272,0.00172019917421002,0.873225204316066,1.00871321727334,0.940442702814272,0.00172019917421002,0.873225204316066,1.00871321727334,0.640800197565619,0.00141361017423734,0.579407487601331,0.702873199910498,0.640800197565619,0.00141361017423734,0.579407487601331,0.702873199910498,0.976841283809859,0.00153424182673879,0.912043334286588,1.04144073854683,0.976841283809859,0.00153424182673879,0.912043334286588,1.04144073854683
"high-small","none",2,"continuous",49,12,2064786,7211786,1,1,1,1,1.41279262875696,0.999971137611845,0.896043591675823,1.41279262875696,1.35974833602846,0.00173337346922636,1.29006721173467,1.42694183784065,1.35974833602846,0.00173337346922636,1.29006721173467,1.42694183784065,1.0098829453801,0.00178993875460913,0.941316884433532,1.079524864106,1.0098829453801,0.00178993875460913,0.941316884433532,1.079524864106,0.599628735036835,0.00147091786477255,0.537004259412525,0.662947549161505,0.599628735036835,0.00147091786477255,0.537004259412525,0.662947549161505,0.976036549231293,0.00159644045564137,0.909937863458739,1.0419318618684,0.976036549231293,0.00159644045564137,0.909937863458739,1.0419318618684
"high-small","none",2,"continuous",49,13,2064786,8356315,1,1,1,1,1.41279262875696,0.999971137611845,0.896043591675823,1.41279262875696,1.37275542436097,0.00187974633124294,1.30019207766243,1.44272806393629,1.37275542436097,0.00187974633124294,1.30019207766243,1.44272806393629,0.844221106906089,0.00194100732940594,0.77281920165595,0.916739320947222,0.844221106906089,0.00194100732940594,0.77281920165595,0.916739320947222,0.652418071249479,0.00159506695276896,0.587203761444406,0.718354644789312,0.652418071249479,0.00159506695276896,0.587203761444406,0.718354644789312,1.02226115763506,0.00173118076822593,0.953431588333076,1.09088414979244,1.02226115763506,0.00173118076822593,0.953431588333076,1.09088414979244
"high-small","none",2,"continuous",49,14,2064786,13000211,1,1,1,1,1.41279262875696,0.999971137611845,0.896043591675823,1.41279262875696,1.38146128610079,0.00170437660278442,1.31236544096454,1.44809031454828,1.38146128610079,0.00170437660278442,1.31236544096454,1.44809031454828,0.915544053431679,0.00175998254387692,0.847553597069137,0.984599043329955,0.915544053431679,0.00175998254387692,0.847553597069137,0.984599043329955,0.66618899848635,0.00144630363274097,0.604090229736558,0.7289755810919,0.66618899848635,0.00144630363274097,0.604090229736558,0.7289755810919,0.977915829856235,0.0015697254026703,0.912372968848167,1.04325825735817,0.977915829856235,0.0015697254026703,0.912372968848167,1.04325825735817
"high-small","none",2,"continuous",49,15,2064786,1232021,1,1,1,1,1.41279262875696,0.999971137611845,0.896043591675823,1.41279262875696,1.47007271468823,0.00167739879290867,1.4015261836465,1.53617177993517,1.47007271468823,0.00167739879290867,1.4015261836465,1.53617177993517,0.900883504265009,0.00173214771330088,0.833432339071176,0.969389356182677,0.900883504265009,0.00173214771330088,0.833432339071176,0.969389356182677,0.643872048843983,0.00142343246001984,0.582266520356739,0.706160579529807,0.643872048843983,0.00142343246001984,0.582266520356739,0.706160579529807,1.04853031190005,0.00154489915874834,0.9835086952329,1.1133552842218,1.04853031190005,0.00154489915874834,0.9835086952329,1.1133552842218
"high-small","none",2,"continuous",49,16,2064786,6420071,1,1,1,1,1.41279262875696,0.999971137611845,0.896043591675823,1.41279262875696,1.47761138677811,0.00182160471132901,1.40617865035699,1.54649413533832,1.47761138677811,0.00182160471132901,1.40617865035699,1.54649413533832,0.956413910892354,0.0018810151720578,0.886124859218468,1.02780471986735,0.956413910892354,0.0018810151720578,0.886124859218468,1.02780471986735,0.642319453786066,0.00154576285859372,0.578121137979351,0.707228972944439,0.642319453786066,0.00154576285859372,0.578121137979351,0.707228972944439,0.981233448277921,0.00167767250079298,0.91347440571228,1.04878518552894,0.981233448277921,0.00167767250079298,0.91347440571228,1.04878518552894
"high-small","none",2,"continuous",49,17,2064786,287869,1,1,1,1,1.41279262875696,0.999971137611845,0.896043591675823,1.41279262875696,1.36273105020497,0.00157569723536871,1.29629495752386,1.42679496150846,1.36273105020497,0.00157569723536871,1.29629495752386,1.42679496150846,0.877891039547572,0.00162714004246203,0.812516317055415,0.944287622023669,0.877891039547572,0.00162714004246203,0.812516317055415,0.944287622023669,0.694076729858719,0.00133714019381698,0.63436740450022,0.754447503152517,0.694076729858719,0.00133714019381698,0.63436740450022,0.754447503152517,1.00148319992552,0.0014512452308276,0.938462506864924,1.06431150343667,1.00148319992552,0.0014512452308276,0.938462506864924,1.06431150343667
"high-small","none",2,"continuous",49,18,2064786,9573991,1,1,1,1,1.41279262875696,0.999971137611845,0.896043591675823,1.41279262875696,1.37737808697505,0.00159220973356048,1.31059503250201,1.44177649538812,1.37737808697505,0.00159220973356048,1.31059503250201,1.44177649538812,0.921508012871841,0.00164419365421748,0.855791761743903,0.988252430186519,0.921508012871841,0.00164419365421748,0.855791761743903,0.988252430186519,0.595171183951783,0.00135115374121891,0.535150408020824,0.655857877008839,0.595171183951783,0.00135115374121891,0.535150408020824,0.655857877008839,1.0440832036665,0.001466451960262,0.980733904261597,1.1072407844656,1.0440832036665,0.001466451960262,0.980733904261597,1.1072407844656
"high-small","none",2,"continuous",49,19,2064786,15376906,1,1,1,1,1.41279262875696,0.999971137611845,0.896043591675823,1.41279262875696,1.46360863990319,0.00178137447635994,1.39296950779088,1.53172570671877,1.46360863990319,0.00178137447635994,1.39296950779088,1.53172570671877,0.920451310431914,0.00183949942865235,0.85094156828448,0.99104846290927,0.920451310431914,0.00183949942865235,0.85094156828448,0.99104846290927,0.647131114397951,0.00151165022697629,0.583645253964235,0.711320720618499,0.647131114397951,0.00151165022697629,0.583645253964235,0.711320720618499,1.05296814382573,0.00164064537816995,0.985961927269481,1.11977168773948,1.05296814382573,0.00164064537816995,0.985961927269481,1.11977168773948
"high-small","none",2,"continuous",49,20,2064786,13798377,1,1,1,1,1.41279262875696,0.999971137611845,0.896043591675823,1.41279262875696,1.4275253390182,0.00171792718775761,1.35815558260314,1.49441837712935,1.4275253390182,0.00171792718775761,1.35815558260314,1.49441837712935,0.941184872239014,0.00177398742401095,0.872924362166364,1.01051421657659,0.941184872239014,0.00177398742401095,0.872924362166364,1.01051421657659,0.612811562469407,0.00145781298014816,0.550466629560458,0.675847811115674,0.612811562469407,0.00145781298014816,0.550466629560458,0.675847811115674,1.0281101601904,0.0015822143525448,0.96230770843294,1.09371289491365,1.0281101601904,0.0015822143525448,0.96230770843294,1.09371289491365
"high-small","none",2,"continuous",49,21,2064786,14681803,1,1,1,1,1.41279262875696,0.999971137611845,0.896043591675823,1.41279262875696,1.40682178728488,0.00167944390963044,1.33823302976146,1.47296193086521,1.40682178728488,0.00167944390963044,1.33823302976146,1.47296193086521,0.882605767956277,0.00173422424730889,0.815114661787886,0.95115328059021,0.882605767956277,0.00173422424730889,0.815114661787886,0.95115328059021,0.69268289313681,0.00142513623566701,0.631039947501768,0.755008116371111,0.69268289313681,0.00142513623566701,0.631039947501768,0.755008116371111,0.943164296590422,0.00154675303112121,0.878102527672863,1.00802646340231,0.943164296590422,0.00154675303112121,0.878102527672863,1.00802646340231
"high-small","none",2,"continuous",49,22,2064786,5146671,1,1,1,1,1.41279262875696,0.999971137611845,0.896043591675823,1.41279262875696,1.45548070182407,0.00176801256090195,1.38510634706146,1.52334294726677,1.45548070182407,0.00176801256090195,1.38510634706146,1.52334294726677,0.937228919382727,0.0018256797275869,0.867981490556076,1.00756157961802,0.937228919382727,0.0018256797275869,0.867981490556076,1.00756157961802,0.70872631960482,0.00150028952666036,0.645478870724238,0.772673622116684,0.70872631960482,0.00150028952666036,0.645478870724238,0.772673622116684,0.92555173586859,0.00162832191722545,0.858795732780923,0.992101055719004,0.92555173586859,0.00162832191722545,0.858795732780923,0.992101055719004
"high-small","none",2,"continuous",49,23,2064786,790950,1,1,1,1,1.41279262875696,0.999971137611845,0.896043591675823,1.41279262875696,1.41619391083043,0.00181880071175878,1.34481680186831,1.48502237025925,1.41619391083043,0.00181880071175878,1.34481680186831,1.48502237025925,0.894850989584077,0.00187815373559634,0.824614298248881,0.966185006099237,0.894850989584077,0.00187815373559634,0.824614298248881,0.966185006099237,0.678108623746685,0.0015434175987422,0.613959068120331,0.742969256626606,0.678108623746685,0.0015434175987422,0.613959068120331,0.742969256626606,1.09563716508242,0.00167512235606894,1.02793096181204,1.16313961859289,1.09563716508242,0.00167512235606894,1.02793096181204,1.16313961859289
"high-small","none",2,"continuous",49,24,2064786,9160678,1,1,1,1,1.41279262875696,0.999971137611845,0.896043591675823,1.41279262875696,1.45744123569,0.00164228914421076,1.38961554065157,1.52284554717226,1.45744123569,0.00164228914421076,1.38961554065157,1.52284554717226,0.896536776782932,0.00169585747993412,0.829796517879523,0.964322339765406,0.896536776782932,0.00169585747993412,0.829796517879523,0.964322339765406,0.6173531601726,0.00139360706321422,0.556396346190555,0.678985376173033,0.6173531601726,0.00139360706321422,0.556396346190555,0.678985376173033,0.96043427229469,0.00151253114038765,0.896096869160191,1.02457571284579,0.96043427229469,0.00151253114038765,0.896096869160191,1.02457571284579
"high-small","none",2,"continuous",49,25,2064786,11944675,1,1,1,1,1.41279262875696,0.999971137611845,0.896043591675823,1.41279262875696,1.39353597508352,0.00178260414836409,1.32287207703069,1.4616772504313,1.39353597508352,0.00178260414836409,1.32287207703069,1.4616772504313,0.919266805226131,0.00184073862575786,0.84973418723448,0.98988859354642,0.919266805226131,0.00184073862575786,0.84973418723448,0.98988859354642,0.677494528272037,0.00151266556578112,0.613986940007345,0.74170521357275,0.677494528272037,0.00151266556578112,0.613986940007345,0.74170521357275,0.960094919705903,0.00164175171222725,0.893065025416848,1.02691935902416,0.960094919705903,0.00164175171222725,0.893065025416848,1.02691935902416
"high-small","none",2,"continuous",49,26,2064786,7092556,1,1,1,1,1.41279262875696,0.999971137611845,0.896043591675823,1.41279262875696,1.47054623009066,0.00178808106463726,1.39977358793943,1.53879262093927,1.47054623009066,0.00178808106463726,1.39977358793943,1.53879262093927,0.916559760862933,0.00184637531628595,0.846921021971307,0.987290036077382,0.916559760862933,0.00184637531628595,0.846921021971307,0.987290036077382,0.677979007523346,0.00151729618586335,0.614374159722787,0.742287709691561,0.677979007523346,0.00151729618586335,0.614374159722787,0.742287709691561,0.920239288447885,0.00164677926897811,0.853106439390015,0.987165366122939,0.920239288447885,0.00164677926897811,0.853106439390015,0.987165366122939
"high-small","none",2,"continuous",49,27,2064786,6635408,1,1,1,1,1.41279262875696,0.999971137611845,0.896043591675823,1.41279262875696,1.43585392513682,0.00173828213923633,1.36607401740537,1.50314278477497,1.43585392513682,0.00173828213923633,1.36607401740537,1.50314278477497,0.896828042825926,0.00179496621280587,0.828165314939092,0.966566088794484,0.896828042825926,0.00179496621280587,0.828165314939092,0.966566088794484,0.664436384970033,0.0014750514551296,0.601723369686301,0.727843724277112,0.664436384970033,0.0014750514551296,0.601723369686301,0.727843724277112,0.952535864836598,0.00160092728842748,0.886344807583336,1.01852453425547,0.952535864836598,0.00160092728842748,0.886344807583336,1.01852453425547
"high-small","none",2,"continuous",49,28,2064786,9407791,1,1,1,1,1.41279262875696,0.999971137611845,0.896043591675823,1.41279262875696,1.45658936044724,0.00161301637114565,1.38937073670156,1.52140815384366,1.45658936044724,0.00161301637114565,1.38937073670156,1.52140815384366,0.961853431973771,0.00166570005248077,0.895709079127032,1.02903320962245,0.961853431973771,0.00166570005248077,0.895709079127032,1.02903320962245,0.745661392224705,0.00136882534059048,0.68524861245138,0.806743064543407,0.745661392224705,0.00136882534059048,0.68524861245138,0.806743064543407,0.963412563033783,0.00148563790587249,0.899648003455199,1.02697872106603,0.963412563033783,0.00148563790587249,0.899648003455199,1.02697872106603
"high-small","none",2,"continuous",49,29,2064786,9878131,1,1,1,1,1.41279262875696,0.999971137611845,0.896043591675823,1.41279262875696,1.48579856645066,0.00160388247471881,1.41877059520545,1.55043358986193,1.48579856645066,0.00160388247471881,1.41877059520545,1.55043358986193,0.925608662381325,0.00165623279238291,0.859652651141375,0.992597537122519,0.925608662381325,0.00165623279238291,0.859652651141375,0.992597537122519,0.658094381586077,0.00136104495662397,0.597853824005692,0.719002327649106,0.658094381586077,0.00136104495662397,0.597853824005692,0.719002327649106,0.964911595573527,0.00147719129550267,0.90132961002513,1.02829833545346,0.964911595573527,0.00147719129550267,0.90132961002513,1.02829833545346
"high-small","none",2,"continuous",49,30,2064786,8567581,1,1,1,1,1.41279262875696,0.999971137611845,0.896043591675823,1.41279262875696,1.47131584627431,0.00173921238829469,1.40151711376325,1.53862295786074,1.47131584627431,0.00173921238829469,1.40151711376325,1.53862295786074,0.908654852654273,0.00179593324287534,0.839973718905866,0.978411820539461,0.908654852654273,0.00179593324287534,0.839973718905866,0.978411820539461,0.689915815435894,0.00147584561179175,0.627185781686297,0.753340110987146,0.689915815435894,0.00147584561179175,0.627185781686297,0.753340110987146,0.935653307859226,0.00160179065894621,0.869443896065271,1.00165901284916,0.935653307859226,0.00160179065894621,0.869443896065271,1.00165901284916
"high-small","none",2,"continuous",49,31,2064786,15383605,1,1,1,1,1.41279262875696,0.999971137611845,0.896043591675823,1.41279262875696,1.35162725513538,0.00165628006243906,1.28351328875269,1.41730950164685,1.35162725513538,0.00165628006243906,1.28351328875269,1.41730950164685,0.895590915976573,0.00171030195575903,0.828567064050332,0.963664526921538,0.895590915976573,0.00171030195575903,0.828567064050332,0.963664526921538,0.639211433426842,0.00140547691818658,0.577995429195835,0.701105450953598,0.639211433426842,0.00140547691818658,0.577995429195835,0.701105450953598,0.948660760724803,0.0015254148448304,0.884049667922875,1.01307442619618,0.948660760724803,0.0015254148448304,0.884049667922875,1.01307442619618
"high-small","none",2,"continuous",49,32,2064786,398814,1,1,1,1,1.41279262875696,0.999971137611845,0.896043591675823,1.41279262875696,1.39847089717403,0.00161245837704237,1.3312642367283,1.46327792515636,1.39847089717403,0.00161245837704237,1.3312642367283,1.46327792515636,0.798046353626987,0.00166505818920116,0.731914056191288,0.865211203914217,0.798046353626987,0.00166505818920116,0.731914056191288,0.865211203914217,0.704464412848298,0.00136830144326901,0.644063066669989,0.765534370799027,0.704464412848298,0.00136830144326901,0.644063066669989,0.765534370799027,0.982233070474815,0.00148506548413754,0.918482842196354,1.04579016366537,0.982233070474815,0.00148506548413754,0.918482842196354,1.04579016366537
"high-small","none",2,"continuous",49,33,2064786,6543834,1,1,1,1,1.41279262875696,0.999971137611845,0.896043591675823,1.41279262875696,1.418725717751,0.00172288158657073,1.34925600884337,1.4857150988787,1.418725717751,0.00172288158657073,1.34925600884337,1.4857150988787,0.857347440858197,0.00177907326270526,0.788988780195069,0.926774856404551,0.857347440858197,0.00177907326270526,0.788988780195069,0.926774856404551,0.648384938179475,0.00146199427320891,0.585950298300168,0.711511313331492,0.648384938179475,0.00146199427320891,0.585950298300168,0.711511313331492,1.01683769752025,0.00158675226182264,0.950941433274461,1.08253526475641,1.01683769752025,0.00158675226182264,0.950941433274461,1.08253526475641
"high-small","none",2,"continuous",49,34,2064786,5407065,1,1,1,1,1.41279262875696,0.999971137611845,0.896043591675823,1.41279262875696,1.39063060454058,0.00151149716378237,1.32556235414929,1.45337515487431,1.39063060454058,0.00151149716378237,1.32556235414929,1.45337515487431,0.848699355848171,0.00156087313228985,0.784669098449432,0.913728669821502,0.848699355848171,0.00156087313228985,0.784669098449432,0.913728669821502,0.69588621155376,0.00128268685234483,0.637405468438208,0.755015258654486,0.69588621155376,0.00128268685234483,0.637405468438208,0.755015258654486,1.06458682102917,0.00139214267134665,1.00286330693251,1.12612335130052,1.06458682102917,0.00139214267134665,1.00286330693251,1.12612335130052
"high-small","none",2,"continuous",49,35,2064786,5800759,1,1,1,1,1.41279262875696,0.999971137611845,0.896043591675823,1.41279262875696,1.41359313432868,0.0018028586496428,1.34252934187913,1.48211971944789,1.41359313432868,0.0018028586496428,1.34252934187913,1.48211971944789,0.932670394155087,0.00186167455109203,0.862743114800793,1.00369223868918,0.932670394155087,0.00186167455109203,0.862743114800793,1.00369223868918,0.624073178857225,0.00152987222251332,0.560205927183038,0.688648520207961,0.624073178857225,0.00152987222251332,0.560205927183038,0.688648520207961,1.04653142885751,0.0016604223402417,0.979122601018191,1.11373643129434,1.04653142885751,0.0016604223402417,0.979122601018191,1.11373643129434
"high-small","none",2,"continuous",49,36,2064786,15389260,1,1,1,1,1.41279262875696,0.999971137611845,0.896043591675823,1.41279262875696,1.36255524722751,0.00156211111641499,1.29640600187773,1.42634278541751,1.36255524722751,0.00156211111641499,1.29640600187773,1.42634278541751,0.864738057735542,0.00161307878100911,0.799646792288572,0.930847845394754,0.864738057735542,0.00161307878100911,0.799646792288572,0.930847845394754,0.657266083643682,0.00132558314572564,0.597815332624406,0.71737522997328,0.657266083643682,0.00132558314572564,0.597815332624406,0.71737522997328,0.947220271119187,0.00143870292657033,0.884472440773222,1.00977638749674,0.947220271119187,0.00143870292657033,0.884472440773222,1.00977638749674
"high-small","none",2,"continuous",49,37,2064786,4628459,1,1,1,1,1.41279262875696,0.999971137611845,0.896043591675823,1.41279262875696,1.38315112709247,0.00165409707313234,1.31508206206089,1.44878999848836,1.38315112709247,0.00165409707313234,1.31508206206089,1.44878999848836,0.870653950251186,0.0017080573606664,0.803673771693417,0.938682011843062,0.870653950251186,0.0017080573606664,0.803673771693417,0.938682011843062,0.686272082596983,0.00140363398381043,0.625096000750099,0.748125447071284,0.686272082596983,0.00140363398381043,0.625096000750099,0.748125447071284,0.960684230343677,0.00152341475639596,0.896115473469645,1.02505565894826,0.960684230343677,0.00152341475639596,0.896115473469645,1.02505565894826
"high-small","none",2,"continuous",49,38,2064786,9392882,1,1,1,1,1.41279262875696,0.999971137611845,0.896043591675823,1.41279262875696,1.4548092974117,0.00171979787109898,1.38540163645556,1.52173894670102,1.4548092974117,0.00171979787109898,1.38540163645556,1.52173894670102,0.967924710298872,0.00177593893381716,0.899626706137263,1.03729224296955,0.967924710298872,0.00177593893381716,0.899626706137263,1.03729224296955,0.658159855347218,0.00145941638039901,0.595780472860394,0.721230660050174,0.658159855347218,0.00145941638039901,0.595780472860394,0.721230660050174,1.021280732565,0.00158395619119513,0.95544139713444,1.08691857080991,1.021280732565,0.00158395619119513,0.95544139713444,1.08691857080991
"high-small","none",2,"continuous",49,39,2064786,4310812,1,1,1,1,1.41279262875696,0.999971137611845,0.896043591675823,1.41279262875696,1.43849936937785,0.00155503321882606,1.37250008060525,1.50214229424167,1.43849936937785,0.00155503321882606,1.37250008060525,1.50214229424167,0.863426486233992,0.00160578737412582,0.798482307791059,0.929386206650075,0.863426486233992,0.00160578737412582,0.798482307791059,0.929386206650075,0.701796752750358,0.00131959217994483,0.642480336658801,0.761769878417966,0.701796752750358,0.00131959217994483,0.642480336658801,0.761769878417966,0.955010447936942,0.00143220128642889,0.892404251104133,1.01742462736552,0.955010447936942,0.00143220128642889,0.892404251104133,1.01742462736552
"high-small","none",2,"continuous",49,40,2064786,13510455,1,1,1,1,1.41279262875696,0.999971137611845,0.896043591675823,1.41279262875696,1.44632440965614,0.00180102208777657,1.3752964095226,1.51481667399953,1.44632440965614,0.00180102208777657,1.3752964095226,1.51481667399953,0.870992789118949,0.00185976313832294,0.801101246105796,0.941977125970993,0.870992789118949,0.00185976313832294,0.801101246105796,0.941977125970993,0.746752342651905,0.00152830214041275,0.682916996728476,0.811293941167263,0.746752342651905,0.00152830214041275,0.682916996728476,0.811293941167263,0.979150867613967,0.00165872269240099,0.911775498376474,1.04632002846859,0.979150867613967,0.00165872269240099,0.911775498376474,1.04632002846859
"high-small","none",2,"continuous",49,41,2064786,3519211,1,1,1,1,1.41279262875696,0.999971137611845,0.896043591675823,1.41279262875696,1.37053780078256,0.00175269650399032,1.30046941760323,1.43810466592878,1.37053780078256,0.00175269650399032,1.30046941760323,1.43810466592878,0.825747687821009,0.00180981316605395,0.756801233280189,0.895772583358336,0.825747687821009,0.00180981316605395,0.756801233280189,0.895772583358336,0.643057037546695,0.00148725413868725,0.580085129235672,0.706726121803442,0.643057037546695,0.00148725413868725,0.580085129235672,0.706726121803442,0.964062040536371,0.00161416927856849,0.897598839540037,1.03032466811159,0.964062040536371,0.00161416927856849,0.897598839540037,1.03032466811159
"high-small","none",2,"continuous",49,42,2064786,8472489,1,1,1,1,1.41279262875696,0.999971137611845,0.896043591675823,1.41279262875696,1.38626858012317,0.00174392633515613,1.31637608782009,1.45366529387319,1.38626858012317,0.00174392633515613,1.31637608782009,1.45366529387319,0.891936575666261,0.00180087184658512,0.823159861631746,0.961786951984976,0.891936575666261,0.00180087184658512,0.823159861631746,0.961786951984976,0.747816520440364,0.00147991058476526,0.685000335598933,0.811328657722842,0.747816520440364,0.00147991058476526,0.685000335598933,0.811328657722842,1.09076028697373,0.00160619753626142,1.0244609081169,1.1568583701543,1.09076028697373,0.00160619753626142,1.0244609081169,1.1568583701543
"high-small","none",2,"continuous",49,43,2064786,19305,1,1,1,1,1.41279262875696,0.999971137611845,0.896043591675823,1.41279262875696,1.38549790550821,0.00163612523133123,1.31779964333548,1.45077926791067,1.38549790550821,0.00163612523133123,1.31779964333548,1.45077926791067,0.852708476102081,0.00168947831776217,0.786093682496697,0.920365780475214,0.852708476102081,0.00168947831776217,0.786093682496697,0.920365780475214,0.645084018372489,0.00138836572664787,0.584241682509173,0.706600067546386,0.645084018372489,0.00138836572664787,0.584241682509173,0.706600067546386,0.946199428083106,0.00150684295755349,0.88198318787783,1.01022031108254,0.946199428083106,0.00150684295755349,0.88198318787783,1.01022031108254
"high-small","none",2,"continuous",49,44,2064786,6036742,1,1,1,1,1.41279262875696,0.999971137611845,0.896043591675823,1.41279262875696,1.41822859820666,0.00170616926166563,1.34909660803535,1.48489229883038,1.41822859820666,0.00170616926166563,1.34909660803535,1.48489229883038,0.887132856642359,0.00176184146458564,0.819106079870545,0.956223364695193,0.887132856642359,0.00176184146458564,0.819106079870545,0.956223364695193,0.67338316185234,0.0014478334961792,0.611251594379313,0.736203088983126,0.67338316185234,0.0014478334961792,0.611251594379313,0.736203088983126,1.0215168099771,0.00157138386860935,0.955939946527767,1.08689470177122,1.0215168099771,0.00157138386860935,0.955939946527767,1.08689470177122
"high-small","none",2,"continuous",49,45,2064786,14575923,1,1,1,1,1.41279262875696,0.999971137611845,0.896043591675823,1.41279262875696,1.442100404172,0.00174342668074575,1.37221753033454,1.50948826013069,1.442100404172,0.00174342668074575,1.37221753033454,1.50948826013069,0.88793884597677,0.00180031517627513,0.819173313135803,0.957779466438795,0.88793884597677,0.00180031517627513,0.819173313135803,0.957779466438795,0.720234666631212,0.00147945012133875,0.65742812360205,0.783736621103538,0.720234666631212,0.00147945012133875,0.65742812360205,0.783736621103538,1.01116819950827,0.00160570001590358,0.944878724355799,1.07725547759286,1.01116819950827,0.00160570001590358,0.944878724355799,1.07725547759286
"high-small","none",2,"continuous",49,46,2064786,3547857,1,1,1,1,1.41279262875696,0.999971137611845,0.896043591675823,1.41279262875696,1.47556838948732,0.00169652526769766,1.40663181801207,1.54204383348614,1.47556838948732,0.00169652526769766,1.40663181801207,1.54204383348614,0.947172233687245,0.00175190382710262,0.87933793289072,1.01606852566474,0.947172233687245,0.00175190382710262,0.87933793289072,1.01606852566474,0.687875017759457,0.00143966511931582,0.625918960606875,0.750517426143011,0.687875017759457,0.00143966511931582,0.625918960606875,0.750517426143011,0.997375043516822,0.00156252054884912,0.931982449821032,1.06256685136208,0.997375043516822,0.00156252054884912,0.931982449821032,1.06256685136208
"high-small","none",2,"continuous",49,47,2064786,3497102,1,1,1,1,1.41279262875696,0.999971137611845,0.896043591675823,1.41279262875696,1.3927221409242,0.00163808844085665,1.32498349468075,1.45804230382962,1.3927221409242,0.00163808844085665,1.32498349468075,1.45804230382962,0.86120819487443,0.00169151265932664,0.794553191378617,0.92890619048412,0.86120819487443,0.00169151265932664,0.794553191378617,0.92890619048412,0.604020677399531,0.00139003819136686,0.543142029930082,0.665574036647096,0.604020677399531,0.00139003819136686,0.543142029930082,0.665574036647096,0.985283310534969,0.00150865591621225,0.921029064919012,1.04934358168031,0.985283310534969,0.00150865591621225,0.921029064919012,1.04934358168031
"high-small","none",2,"continuous",49,48,2064786,9628816,1,1,1,1,1.41279262875696,0.999971137611845,0.896043591675823,1.41279262875696,1.41133966515392,0.0016821123060819,1.34269694464347,1.47753144472104,1.41133966515392,0.0016821123060819,1.34269694464347,1.47753144472104,0.877736792978739,0.00173700240950142,0.810191118617532,0.946338354214247,0.877736792978739,0.00173700240950142,0.810191118617532,0.946338354214247,0.645883122031325,0.00142742219120772,0.584191240893942,0.708258825474414,0.645883122031325,0.00142742219120772,0.584191240893942,0.708258825474414,1.04112616489654,0.00154922928073753,0.976013654051037,1.10604218758039,1.04112616489654,0.00154922928073753,0.976013654051037,1.10604218758039
"high-small","none",2,"continuous",49,49,2064786,7402728,1,1,1,1,1.41279262875696,0.999971137611845,0.896043591675823,1.41279262875696,1.36263332560515,0.00170718962278236,1.29348042474912,1.42931747015485,1.36263332560515,0.00170718962278236,1.29348042474912,1.42931747015485,0.881025773445068,0.00176285385719029,0.812979984525924,0.950137130406679,0.881025773445068,0.00176285385719029,0.812979984525924,0.950137130406679,0.646995333453617,0.00144866263460223,0.584845867673389,0.70983296399164,0.646995333453617,0.00144866263460223,0.584845867673389,0.70983296399164,0.948126269356187,0.00157228599754664,0.882530194725327,1.01352231414341,0.948126269356187,0.00157228599754664,0.882530194725327,1.01352231414341
"high-small","none",2,"continuous",49,50,2064786,12661820,1,1,1,1,1.41279262875696,0.999971137611845,0.896043591675823,1.41279262875696,1.36679841191951,0.00168515378353591,1.29809355280678,1.43305023217998,1.36679841191951,0.00168515378353591,1.29809355280678,1.43305023217998,0.848943040819315,0.00174011221758289,0.781337086360968,0.917606115509384,0.848943040819315,0.00174011221758289,0.781337086360968,0.917606115509384,0.642983241547132,0.00142997688863784,0.58123601058439,0.705414527648361,0.642983241547132,0.00142997688863784,0.58123601058439,0.705414527648361,0.998635893248203,0.00155200301916139,0.933465089597571,1.06360997479289,0.998635893248203,0.00155200301916139,0.933465089597571,1.06360997479289
"high-small","none",2,"continuous",49,51,2064786,4279729,1,1,1,1,1.41279262875696,0.999971137611845,0.896043591675823,1.41279262875696,1.37775822132601,0.00172813764941164,1.30818239121845,1.44485006299333,1.37775822132601,0.00172813764941164,1.30818239121845,1.44485006299333,0.943306221622334,0.0017845390746036,0.874843046833808,1.0128412509205,0.943306221622334,0.0017845390746036,0.874843046833808,1.0128412509205,0.700421726753876,0.00146648365744592,0.637891166281187,0.763644812975213,0.700421726753876,0.00146648365744592,0.637891166281187,0.763644812975213,0.990668005919738,0.00159162821006434,0.924669061006116,1.0564641298664,0.990668005919738,0.00159162821006434,0.924669061006116,1.0564641298664
"high-small","none",2,"continuous",49,52,2064786,5849051,1,1,1,1,1.41279262875696,0.999971137611845,0.896043591675823,1.41279262875696,1.42830056708223,0.00171533057579786,1.35898312776928,1.49514317078742,1.42830056708223,0.00171533057579786,1.35898312776928,1.49514317078742,0.942859282844398,0.00177132177230268,0.874649978441779,1.01213614439928,0.942859282844398,0.00177132177230268,0.874649978441779,1.01213614439928,0.679167675821057,0.00145562283403978,0.616869272567432,0.742156382341247,0.679167675821057,0.00145562283403978,0.616869272567432,0.742156382341247,1.01868804292631,0.00157983903153823,0.95293438580148,1.08424063758129,1.01868804292631,0.00157983903153823,0.95293438580148,1.08424063758129
"high-small","none",2,"continuous",49,53,2064786,13255184,1,1,1,1,1.41279262875696,0.999971137611845,0.896043591675823,1.41279262875696,1.41940537508325,0.00158085842133676,1.35286064164134,1.48357406646625,1.41940537508325,0.00158085842133676,1.35286064164134,1.48357406646625,0.864929050899154,0.001632453780324,0.799447674020084,0.931434066960721,0.864929050899154,0.001632453780324,0.799447674020084,0.931434066960721,0.637772374877423,0.00134150692449047,0.577965882904558,0.698241791600528,0.637772374877423,0.00134150692449047,0.577965882904558,0.698241791600528,1.01553421018599,0.00145598280774249,0.952411449143579,1.07846602543446,1.01553421018599,0.00145598280774249,0.952411449143579,1.07846602543446
"high-small","none",2,"continuous",49,54,2064786,2133763,1,1,1,1,1.41279262875696,0.999971137611845,0.896043591675823,1.41279262875696,1.4493892545597,0.00186973225394809,1.37701901743673,1.5191759643527,1.4493892545597,0.00186973225394809,1.37701901743673,1.5191759643527,0.899238558626452,0.00193069734534142,0.828026898599279,0.97156469895815,0.899238558626452,0.00193069734534142,0.828026898599279,0.97156469895815,0.714248796265239,0.00158659233522145,0.649207667902679,0.780009725145728,0.714248796265239,0.00158659233522145,0.649207667902679,0.780009725145728,0.98236036145966,0.00172198698778317,0.913712305857937,1.05079864378182,0.98236036145966,0.00172198698778317,0.913712305857937,1.05079864378182
"high-small","none",2,"continuous",49,55,2064786,3691834,1,1,1,1,1.41279262875696,0.999971137611845,0.896043591675823,1.41279262875696,1.50361088378078,0.00165114568072293,1.4356027146471,1.56919074951763,1.50361088378078,0.00165114568072293,1.4356027146471,1.56919074951763,0.943658473416654,0.00170509331984825,0.876735956681355,1.01162674952941,0.943658473416654,0.00170509331984825,0.876735956681355,1.01162674952941,0.770124044469603,0.00140120070743943,0.709001085173087,0.831924085487175,0.770124044469603,0.00140120070743943,0.709001085173087,0.831924085487175,1.04790017229299,0.00152077344125324,0.983386767223655,1.11221480679225,1.04790017229299,0.00152077344125324,0.983386767223655,1.11221480679225
"high-small","none",2,"continuous",49,56,2064786,4087438,1,1,1,1,1.41279262875696,0.999971137611845,0.896043591675823,1.41279262875696,1.40135383034029,0.00165175787017238,1.33333335618907,1.46694548823263,1.40135383034029,0.00165175787017238,1.33333335618907,1.46694548823263,0.921707234532172,0.0017056873107205,0.854773232262359,0.98968793929393,0.921707234532172,0.0017056873107205,0.854773232262359,0.98968793929393,0.637291803084691,0.00140168813114924,0.576158741234672,0.699102858090702,0.637291803084691,0.00140168813114924,0.576158741234672,0.699102858090702,1.06118703319661,0.00152129902095946,0.996663858271817,1.1255147731202,1.06118703319661,0.00152129902095946,0.996663858271817,1.1255147731202
"high-small","none",2,"continuous",49,57,2064786,15448926,1,1,1,1,1.41279262875696,0.999971137611845,0.896043591675823,1.41279262875696,1.4748841963174,0.00168320928655553,1.40621867702491,1.54109831061452,1.4748841963174,0.00168320928655553,1.40621867702491,1.54109831061452,0.928130896906867,0.00173813864258753,0.860563666910899,0.996756044576504,0.928130896906867,0.00173813864258753,0.860563666910899,0.996756044576504,0.669815899113632,0.00142835302643215,0.608103735249789,0.732211684463958,0.669815899113632,0.00142835302643215,0.608103735249789,0.732211684463958,0.983144507300988,0.00155024297589243,0.918009514438807,1.04807995902693,0.983144507300988,0.00155024297589243,0.918009514438807,1.04807995902693
"high-small","none",2,"continuous",49,58,2064786,14161640,1,1,1,1,1.41279262875696,0.999971137611845,0.896043591675823,1.41279262875696,1.36018621565914,0.00168003852734747,1.29158574748328,1.42633727183262,1.36018621565914,0.00168003852734747,1.29158574748328,1.42633727183262,0.897618348556812,0.00173487160760459,0.830114222019808,0.966178024562294,0.897618348556812,0.00173487160760459,0.830114222019808,0.966178024562294,0.67649421502756,0.00142567055658623,0.614840059080552,0.738831529702023,0.67649421502756,0.00142567055658623,0.614840059080552,0.738831529702023,1.02632838102999,0.00154732964047382,0.961255233808093,1.09120374198423,1.02632838102999,0.00154732964047382,0.961255233808093,1.09120374198423
"high-small","none",2,"continuous",49,59,2064786,6519569,1,1,1,1,1.41279262875696,0.999971137611845,0.896043591675823,1.41279262875696,1.4233623058837,0.00175661770440702,1.35321559342344,1.49100460418457,1.4233623058837,0.00175661770440702,1.35321559342344,1.49100460418457,0.871384966368118,0.00181391543591491,0.802360232619989,0.941488964918705,0.871384966368118,0.00181391543591491,0.802360232619989,0.941488964918705,0.69264986849328,0.00149062620521154,0.629606606420015,0.756391221041991,0.69264986849328,0.00149062620521154,0.629606606420015,0.756391221041991,1.00590729275373,0.00161782920840132,0.939368294323264,1.07224426493565,1.00590729275373,0.00161782920840132,0.939368294323264,1.07224426493565
"high-small","none",2,"continuous",49,60,2064786,1824720,1,1,1,1,1.41279262875696,0.999971137611845,0.896043591675823,1.41279262875696,1.40909865292703,0.00160306706933306,1.3420882383534,1.47371621646592,1.40909865292703,0.00160306706933306,1.3420882383534,1.47371621646592,0.922895714631868,0.00165543316770035,0.856954904711304,0.989867008923783,0.922895714631868,0.00165543316770035,0.856954904711304,0.989867008923783,0.68428072780081,0.00136039163440872,0.624054794865184,0.745174428857392,0.68428072780081,0.00136039163440872,0.624054794865184,0.745174428857392,1.06715264192434,0.00147647921365276,1.00358661806513,1.1305250852428,1.06715264192434,0.00147647921365276,1.00358661806513,1.1305250852428
"high-small","none",2,"continuous",49,61,2064786,10373303,1,1,1,1,1.41279262875696,0.999971137611845,0.896043591675823,1.41279262875696,1.4099278523358,0.00168272431415962,1.34127266998728,1.47613156840587,1.4099278523358,0.00168272431415962,1.34127266998728,1.47613156840587,0.82541380482821,0.00173762572151602,0.757855673086241,0.894026656841868,0.82541380482821,0.00173762572151602,0.757855673086241,0.894026656841868,0.685435859387977,0.00142793613040088,0.623732596913962,0.747822668470186,0.685435859387977,0.00142793613040088,0.623732596913962,0.747822668470186,1.04040428197851,0.00154978713615371,0.975280212569404,1.10533231011252,1.04040428197851,0.00154978713615371,0.975280212569404,1.10533231011252
"high-small","none",2,"continuous",49,62,2064786,14040640,1,1,1,1,1.41279262875696,0.999971137611845,0.896043591675823,1.41279262875696,1.36551866299598,0.00172611134046395,1.29598407722052,1.43257041597827,1.36551866299598,0.00172611134046395,1.29598407722052,1.43257041597827,0.893029569224052,0.00178243647053385,0.824606247042693,0.962522654748004,0.893029569224052,0.00178243647053385,0.824606247042693,0.962522654748004,0.640593949159192,0.00146475855563886,0.578100531565429,0.703780196377706,0.640593949159192,0.00146475855563886,0.578100531565429,0.703780196377706,1.0571088963505,0.00158975136688475,0.991150421883627,1.12286854078205,1.0571088963505,0.00158975136688475,0.991150421883627,1.12286854078205
"high-small","none",2,"continuous",49,63,2064786,1744946,1,1,1,1,1.41279262875696,0.999971137611845,0.896043591675823,1.41279262875696,1.44248930020668,0.00161719347603691,1.37518372015711,1.50739198418584,1.44248930020668,0.00161719347603691,1.37518372015711,1.50739198418584,0.913330753691164,0.00166998257637969,0.847101398920056,0.980596636784562,0.913330753691164,0.00166998257637969,0.847101398920056,0.980596636784562,0.71412466779139,0.00137234474339342,0.653634265882943,0.775284763183374,0.71412466779139,0.00137234474339342,0.653634265882943,0.775284763183374,0.95541612419485,0.00148945667462382,0.89157031257786,1.01906491641551,0.95541612419485,0.00148945667462382,0.89157031257786,1.01906491641551
"high-small","none",2,"continuous",49,64,2064786,3724390,1,1,1,1,1.41279262875696,0.999971137611845,0.896043591675823,1.41279262875696,1.37758386584741,0.0017931009372133,1.3067127024809,1.44592461595383,1.37758386584741,0.0017931009372133,1.3067127024809,1.44592461595383,0.879082469269868,0.00185158293199039,0.809344703007854,0.949910709585471,0.879082469269868,0.00185158293199039,0.809344703007854,0.949910709585471,0.646944763059695,0.0015215806426051,0.583250597916159,0.711344764037738,0.646944763059695,0.0015215806426051,0.583250597916159,0.711344764037738,1.04126474638052,0.00165142296812011,0.974039146778483,1.10828789749539,1.04126474638052,0.00165142296812011,0.974039146778483,1.10828789749539
"high-small","none",2,"continuous",49,65,2064786,10619330,1,1,1,1,1.41279262875696,0.999971137611845,0.896043591675823,1.41279262875696,1.44545157840927,0.00168380846458456,1.37677379643778,1.51167756313205,1.44545157840927,0.00168380846458456,1.37677379643778,1.51167756313205,0.950348952209439,0.00173875960557374,0.882769842095519,1.0189868290167,0.950348952209439,0.00173875960557374,0.882769842095519,1.0189868290167,0.664702047886902,0.0014288623375818,0.602978913196883,0.727108933775348,0.664702047886902,0.0014288623375818,0.602978913196883,0.727108933775348,0.969639171983336,0.00155079650718464,0.904492244702483,1.03458572973135,0.969639171983336,0.00155079650718464,0.904492244702483,1.03458572973135
"high-small","none",2,"continuous",49,66,2064786,5472338,1,1,1,1,1.41279262875696,0.999971137611845,0.896043591675823,1.41279262875696,1.51002896576902,0.00165001295522016,1.44204402798227,1.57558674813742,1.51002896576902,0.00165001295522016,1.44204402798227,1.57558674813742,0.950009860052764,0.00170387061615255,0.883112047292434,1.01795550978599,0.950009860052764,0.00170387061615255,0.883112047292434,1.01795550978599,0.624769526032913,0.0014001923815037,0.563669038491217,0.686547391485709,0.624769526032913,0.0014001923815037,0.563669038491217,0.686547391485709,1.00016046138668,0.00151967795192699,0.935670999460326,1.06445287008403,1.00016046138668,0.00151967795192699,0.935670999460326,1.06445287008403
"high-small","none",2,"continuous",49,67,2064786,3502023,1,1,1,1,1.41279262875696,0.999971137611845,0.896043591675823,1.41279262875696,1.411279628737,0.00170599449989807,1.3421511610119,1.47793993154715,1.411279628737,0.00170599449989807,1.3421511610119,1.47793993154715,0.806609263690267,0.00176162374877896,0.738586425719163,0.875694514896701,0.806609263690267,0.00176162374877896,0.738586425719163,0.875694514896701,0.690307692537175,0.00144765592733539,0.628179618691485,0.753123549358034,0.690307692537175,0.00144765592733539,0.628179618691485,0.753123549358034,0.995302953203633,0.00157119127979953,0.929730511680422,1.06067752452812,0.995302953203633,0.00157119127979953,0.929730511680422,1.06067752452812
"high-small","none",2,"continuous",49,68,2064786,10080798,1,1,1,1,1.41279262875696,0.999971137611845,0.896043591675823,1.41279262875696,1.38596605527364,0.00176021817731925,1.31574775694624,1.45367706838738,1.38596605527364,0.00176021817731925,1.31574775694624,1.45367706838738,0.919260076472409,0.00181768999297795,0.850163242626973,0.989436551409704,0.919260076472409,0.00181768999297795,0.850163242626973,0.989436551409704,0.728825088491786,0.00149372979927493,0.665716377088555,0.792633042968585,0.728825088491786,0.00149372979927493,0.665716377088555,0.792633042968585,1.07575983219844,0.00162119656575558,1.00915144126203,1.14216552358254,1.07575983219844,0.00162119656575558,1.00915144126203,1.14216552358254
"high-small","none",2,"continuous",49,69,2064786,7164205,1,1,1,1,1.41279262875696,0.999971137611845,0.896043591675823,1.41279262875696,1.37837085073611,0.00173299564091046,1.308697214252,1.44555711784534,1.37837085073611,0.00173299564091046,1.308697214252,1.44555711784534,0.902920225948107,0.00178952204038482,0.83436159903442,0.972552212782633,0.902920225948107,0.00178952204038482,0.83436159903442,0.972552212782633,0.68602985418275,0.00147057814722765,0.62341195065411,0.74934098977409,0.68602985418275,0.00147057814722765,0.62341195065411,0.74934098977409,0.962099688685415,0.0015960723654335,0.896008916585217,1.02798800238167,0.962099688685415,0.0015960723654335,0.896008916585217,1.02798800238167
"high-small","none",2,"continuous",49,70,2064786,9353773,1,1,1,1,1.41279262875696,0.999971137611845,0.896043591675823,1.41279262875696,1.35499039064879,0.00166348320243449,1.28672861104709,1.4208150243172,1.35499039064879,0.00166348320243449,1.28672861104709,1.4208150243172,0.849378770032711,0.00171773411311602,0.782209044474688,0.917599082920603,0.849378770032711,0.00171773411311602,0.782209044474688,0.917599082920603,0.656207775816834,0.00141158655032417,0.594858756303862,0.718236193717688,0.656207775816834,0.00141158655032417,0.594858756303862,0.718236193717688,0.97296382062928,0.00153204455577082,0.908213036894831,1.03751821189754,0.97296382062928,0.00153204455577082,0.908213036894831,1.03751821189754
"high-small","none",2,"continuous",49,71,2064786,15658603,1,1,1,1,1.41279262875696,0.999971137611845,0.896043591675823,1.41279262875696,1.45750685695137,0.00169775036157617,1.38854547170513,1.52400626034265,1.45750685695137,0.00169775036157617,1.38854547170513,1.52400626034265,0.979943115093506,0.00175316371582605,0.91208472287642,1.04886508498432,0.979943115093506,0.00175316371582605,0.91208472287642,1.04886508498432,0.621047363081271,0.00144069901578127,0.559069424834471,0.683712430210912,0.621047363081271,0.00144069901578127,0.559069424834471,0.683712430210912,0.997690666968543,0.00156364185280186,0.932274801854251,1.06290606576072,0.997690666968543,0.00156364185280186,0.932274801854251,1.06290606576072
"high-small","none",2,"continuous",49,72,2064786,6472019,1,1,1,1,1.41279262875696,0.999971137611845,0.896043591675823,1.41279262875696,1.38587529897116,0.00163110695733415,1.31828143290109,1.45105550082626,1.38587529897116,0.00163110695733415,1.31828143290109,1.45105550082626,0.877970166067885,0.00168435460884083,0.811455810243574,0.945523754120986,0.877970166067885,0.00168435460884083,0.811455810243574,0.945523754120986,0.6499285045992,0.00138415868203523,0.589178782917841,0.711351800311186,0.6499285045992,0.00138415868203523,0.589178782917841,0.711351800311186,1.06043756958711,0.00150227326544602,0.996319419220795,1.12436226311091,1.06043756958711,0.00150227326544602,0.996319419220795,1.12436226311091
"high-small","none",2,"continuous",49,73,2064786,10758171,1,1,1,1,1.41279262875696,0.999971137611845,0.896043591675823,1.41279262875696,1.41979198275367,0.00169731275391302,1.35083944918032,1.48628275154449,1.41979198275367,0.00169731275391302,1.35083944918032,1.48628275154449,0.847507914933805,0.00175267838480224,0.779658245271212,0.91641812553731,0.847507914933805,0.00175267838480224,0.779658245271212,0.91641812553731,0.719077267290089,0.00144030353474974,0.657107066117158,0.781733308222769,0.719077267290089,0.00144030353474974,0.657107066117158,0.781733308222769,0.975102404730982,0.00156321347363831,0.909695802023778,1.04030950519248,0.975102404730982,0.00156321347363831,0.909695802023778,1.04030950519248
"high-small","none",2,"continuous",49,74,2064786,13214986,1,1,1,1,1.41279262875696,0.999971137611845,0.896043591675823,1.41279262875696,1.37882334499122,0.0016633203624268,1.3105647035825,1.4446450530876,1.37882334499122,0.0016633203624268,1.3105647035825,1.4446450530876,0.906961942911766,0.00171759856252395,0.839795073507044,0.975180098090551,0.906961942911766,0.00171759856252395,0.839795073507044,0.975180098090551,0.704896044087726,0.00141147401669555,0.643549339045614,0.766921898680492,0.704896044087726,0.00141147401669555,0.643549339045614,0.766921898680492,0.958805600272711,0.00153192484232498,0.894056233157149,1.02335578357323,0.958805600272711,0.00153192484232498,0.894056233157149,1.02335578357323
"high-small","none",2,"continuous",49,75,2064786,1962131,1,1,1,1,1.41279262875696,0.999971137611845,0.896043591675823,1.41279262875696,1.40073993823727,0.00161694542911165,1.33344018677282,1.46563644811276,1.40073993823727,0.00161694542911165,1.33344018677282,1.46563644811276,0.804588022130691,0.00166971287955756,0.738363013953995,0.871846219994893,0.804588022130691,0.00166971287955756,0.738363013953995,0.871846219994893,0.673607658682455,0.00137212840088108,0.613122268579106,0.734763338868503,0.673607658682455,0.00137212840088108,0.613122268579106,0.734763338868503,1.05454045865671,0.00148921593617648,0.990701992583116,1.11818745751989,1.05454045865671,0.00148921593617648,0.990701992583116,1.11818745751989
"high-small","none",2,"continuous",49,76,2064786,5550321,1,1,1,1,1.41279262875696,0.999971137611845,0.896043591675823,1.41279262875696,1.39226229906198,0.00177071180937625,1.3218346907881,1.46017551071908,1.39226229906198,0.00177071180937625,1.3218346907881,1.46017551071908,0.933331410860186,0.00182849066677642,0.864030213216533,1.00371735918621,0.933331410860186,0.00182849066677642,0.864030213216533,1.00371735918621,0.693101624497921,0.00150260215668681,0.629805736455311,0.757098561670022,0.693101624497921,0.00150260215668681,0.629805736455311,0.757098561670022,1.00512017555222,0.00163082817598383,0.938313799254265,1.07172216555285,1.00512017555222,0.00163082817598383,0.938313799254265,1.07172216555285
"high-small","none",2,"continuous",49,77,2064786,962605,1,1,1,1,1.41279262875696,0.999971137611845,0.896043591675823,1.41279262875696,1.48958075454934,0.00167327396007493,1.42111815475941,1.55559920261062,1.48958075454934,0.00167327396007493,1.42111815475941,1.55559920261062,0.923936576653058,0.00172788160395722,0.856568970858003,0.992358833131108,0.923936576653058,0.00172788160395722,0.856568970858003,0.992358833131108,0.680212436386936,0.00141992423652794,0.61868256571294,0.742423819613218,0.680212436386936,0.00141992423652794,0.61868256571294,0.742423819613218,0.979227756093753,0.00154109517591784,0.914285129076422,1.04397120374674,0.979227756093753,0.00154109517591784,0.914285129076422,1.04397120374674
"high-small","none",2,"continuous",49,78,2064786,4223936,1,1,1,1,1.41279262875696,0.999971137611845,0.896043591675823,1.41279262875696,1.41010123373257,0.00166413675401402,1.34182599719321,1.47593889754838,1.41010123373257,0.00166413675401402,1.34182599719321,1.47593889754838,0.881170211200093,0.00171842253130362,0.813987140318012,0.949404602296664,0.881170211200093,0.00171842253130362,0.813987140318012,0.949404602296664,0.646890708379466,0.00141215169707565,0.585529542458195,0.708931628613766,0.646890708379466,0.00141215169707565,0.585529542458195,0.708931628613766,0.981605780367492,0.0015326578976584,0.916841878218719,1.04617282174981,0.981605780367492,0.0015326578976584,0.916841878218719,1.04617282174981
"high-small","none",2,"continuous",49,79,2064786,8965855,1,1,1,1,1.41279262875696,0.999971137611845,0.896043591675823,1.41279262875696,1.44061233966383,0.00174740124469914,1.37064987709967,1.50807694321709,1.44061233966383,0.00174740124469914,1.37064987709967,1.50807694321709,0.824383429541533,0.00180438402289774,0.755540053590809,0.89430226261177,0.824383429541533,0.00180438402289774,0.755540053590809,0.89430226261177,0.711597379462495,0.00148279473903849,0.648719737550803,0.775170958071311,0.711597379462495,0.00148279473903849,0.648719737550803,0.775170958071311,0.99591859928764,0.00160932952130462,0.929554796091061,1.06208140050905,0.99591859928764,0.00160932952130462,0.929554796091061,1.06208140050905
"high-small","none",2,"continuous",49,80,2064786,14347486,1,1,1,1,1.41279262875696,0.999971137611845,0.896043591675823,1.41279262875696,1.41759987918093,0.00183878192523104,1.34583128151137,1.48680625062932,1.41759987918093,0.00183878192523104,1.34583128151137,1.48680625062932,0.91558292660283,0.00189876733323897,0.84496240863035,0.987308306051915,0.91558292660283,0.00189876733323897,0.84496240863035,0.987308306051915,0.722044666592981,0.00156035408270712,0.657543687882906,0.787259729783927,0.722044666592981,0.00156035408270712,0.657543687882906,0.787259729783927,1.01003003881139,0.00169350878229547,0.941952001915962,1.07790004141292,1.01003003881139,0.00169350878229547,0.941952001915962,1.07790004141292
"high-small","none",2,"continuous",49,81,2064786,13066086,1,1,1,1,1.41279262875696,0.999971137611845,0.896043591675823,1.41279262875696,1.45097939278654,0.00151575962100646,1.38581915377208,1.51381302600779,1.45097939278654,0.00151575962100646,1.38581915377208,1.51381302600779,0.901308145987242,0.00156525675994937,0.837188747954268,0.966430426149721,0.901308145987242,0.00156525675994937,0.837188747954268,0.966430426149721,0.634570311412874,0.00128628569106637,0.576007777371179,0.693782170293278,0.634570311412874,0.00128628569106637,0.576007777371179,0.693782170293278,1.00943977830311,0.00139604987564529,0.947629338102581,1.07106196190276,1.00943977830311,0.00139604987564529,0.947629338102581,1.07106196190276
"high-small","none",2,"continuous",49,82,2064786,474361,1,1,1,1,1.41279262875696,0.999971137611845,0.896043591675823,1.41279262875696,1.41572063344017,0.00171631308137263,1.34638311401201,1.48258280889328,1.41572063344017,0.00171631308137263,1.34638311401201,1.48258280889328,0.890985245669816,0.00177229464154286,0.822757362400367,0.960281083234083,0.890985245669816,0.00177229464154286,0.822757362400367,0.960281083234083,0.691674621484797,0.00145642143104312,0.629358788819138,0.75468025549186,0.691674621484797,0.00145642143104312,0.629358788819138,0.75468025549186,0.956859713639435,0.001580707667872,0.891087816965251,1.02243012454755,0.956859713639435,0.001580707667872,0.891087816965251,1.02243012454755
"high-small","none",2,"continuous",49,83,2064786,2945287,1,1,1,1,1.41279262875696,0.999971137611845,0.896043591675823,1.41279262875696,1.46174022474276,0.00171771838412337,1.39237450389204,1.52862944442939,1.46174022474276,0.00171771838412337,1.39237450389204,1.52862944442939,0.950399736890885,0.00177378675527104,0.882143061183007,1.01972497345947,0.950399736890885,0.00177378675527104,0.882143061183007,1.01972497345947,0.672240019780864,0.00145764810555553,0.609898327507746,0.735272534594978,0.672240019780864,0.00145764810555553,0.609898327507746,0.735272534594978,1.0153616959318,0.0015820372413061,0.949562265356096,1.08095980295817,1.0153616959318,0.0015820372413061,0.949562265356096,1.08095980295817
"high-small","none",2,"continuous",49,84,2064786,5773712,1,1,1,1,1.41279262875696,0.999971137611845,0.896043591675823,1.41279262875696,1.32216875074865,0.00170635374808633,1.2530327497487,1.38883667363185,1.32216875074865,0.00170635374808633,1.2530327497487,1.38883667363185,0.861881707168211,0.00176196287448497,0.793853283805047,0.930975862147066,0.861881707168211,0.00176196287448497,0.793853283805047,0.930975862147066,0.624047835552013,0.00144792958753932,0.561914079724051,0.686869464884428,0.624047835552013,0.00144792958753932,0.561914079724051,0.686869464884428,0.920004851531331,0.00157149081301909,0.854425463967536,0.985384496060432,0.920004851531331,0.00157149081301909,0.854425463967536,0.985384496060432
"high-small","none",2,"continuous",49,85,2064786,13772228,1,1,1,1,1.41279262875696,0.999971137611845,0.896043591675823,1.41279262875696,1.37562317810672,0.00170926020801553,1.30642853077234,1.44234742417114,1.37562317810672,0.00170926020801553,1.30642853077234,1.44234742417114,0.903860407110498,0.00176501618783468,0.835772734322503,0.973014001836772,0.903860407110498,0.00176501618783468,0.835772734322503,0.973014001836772,0.636123929910867,0.00145044050049079,0.573936565217944,0.699000348526676,0.636123929910867,0.00145044050049079,0.573936565217944,0.699000348526676,0.992174891580924,0.0015742139402009,0.926538891949057,1.05761141640654,0.992174891580924,0.0015742139402009,0.926538891949057,1.05761141640654
"high-small","none",2,"continuous",49,86,2064786,12597490,1,1,1,1,1.41279262875696,0.999971137611845,0.896043591675823,1.41279262875696,1.3493890637338,0.00173501322420306,1.27967494059212,1.4166145015369,1.3493890637338,0.00173501322420306,1.27967494059212,1.4166145015369,1.00190891874405,0.00179160636678787,0.933311193443428,1.07158386301317,1.00190891874405,0.00179160636678787,0.933311193443428,1.07158386301317,0.559263311271167,0.00147228688152463,0.496609808511613,0.622611548921045,0.559263311271167,0.00147228688152463,0.496609808511613,0.622611548921045,0.947503071089387,0.00159792655772754,0.881373709615698,1.01342913522277,0.947503071089387,0.00159792655772754,0.881373709615698,1.01342913522277
"high-small","none",2,"continuous",49,87,2064786,9174544,1,1,1,1,1.41279262875696,0.999971137611845,0.896043591675823,1.41279262875696,1.37943705322005,0.00178700125061492,1.30868601550849,1.44766245217148,1.37943705322005,0.00178700125061492,1.30868601550849,1.44766245217148,0.864078123937147,0.00184523031720406,0.794460767801224,0.934785860061157,0.864078123937147,0.00184523031720406,0.794460767801224,0.934785860061157,0.652238093201822,0.00151635647264748,0.588652969209213,0.716526902920237,0.652238093201822,0.00151635647264748,0.588652969209213,0.716526902920237,0.927988545584762,0.00164575763830371,0.860877363961218,0.994895147199276,0.927988545584762,0.00164575763830371,0.860877363961218,0.994895147199276
"high-small","none",2,"continuous",49,88,2064786,9872644,1,1,1,1,1.41279262875696,0.999971137611845,0.896043591675823,1.41279262875696,1.42631502486219,0.00170351397118761,1.35723674614204,1.49292704786881,1.42631502486219,0.00170351397118761,1.35723674614204,1.49292704786881,0.886583735336447,0.0017590870530261,0.818610333638324,0.955620570064458,0.886583735336447,0.0017590870530261,0.818610333638324,0.955620570064458,0.662221524295457,0.00144556904223846,0.600138543962815,0.724992225449206,0.662221524295457,0.00144556904223846,0.600138543962815,0.724992225449206,0.997703381019372,0.00156892682469348,0.932177695929937,1.06302996389642,0.997703381019372,0.00156892682469348,0.932177695929937,1.06302996389642
"high-small","none",2,"continuous",49,89,2064786,16638488,1,1,1,1,1.41279262875696,0.999971137611845,0.896043591675823,1.41279262875696,1.38791347684777,0.00185664903900413,1.31579732697356,1.45745482661091,1.38791347684777,0.00185664903900413,1.31579732697356,1.45745482661091,0.852647806337743,0.00191717989605091,0.781685396745428,0.924719337649226,0.852647806337743,0.00191717989605091,0.781685396745428,0.924719337649226,0.672128194214495,0.00157548682510662,0.607315358463266,0.737658864830598,0.672128194214495,0.00157548682510662,0.607315358463266,0.737658864830598,1.03481541825151,0.00170992977837487,0.966409433188054,1.10301566579596,1.03481541825151,0.00170992977837487,0.966409433188054,1.10301566579596
"high-small","none",2,"continuous",49,90,2064786,8787971,1,1,1,1,1.41279262875696,0.999971137611845,0.896043591675823,1.41279262875696,1.40737195823217,0.00164677970134606,1.33945370698225,1.47286529799899,1.40737195823217,0.00164677970134606,1.33945370698225,1.47286529799899,0.900843482379272,0.00170052925761506,0.834010968465821,0.968721426898714,0.900843482379272,0.00170052925761506,0.834010968465821,0.968721426898714,0.693386163281166,0.0013974481546182,0.632345162398045,0.755103248420604,0.693386163281166,0.0013974481546182,0.632345162398045,0.755103248420604,0.992440780172868,0.001516700420933,0.928014395899747,1.05667006562488,0.992440780172868,0.001516700420933,0.928014395899747,1.05667006562488
"high-small","none",2,"continuous",49,91,2064786,3975003,1,1,1,1,1.41279262875696,0.999971137611845,0.896043591675823,1.41279262875696,1.40978277025998,0.0018239899115764,1.33830316755916,1.47871082828604,1.40978277025998,0.0018239899115764,1.33830316755916,1.47871082828604,0.910145748455364,0.00188343572059392,0.839811620982393,0.981582444312932,0.910145748455364,0.00188343572059392,0.839811620982393,0.981582444312932,0.647004908497858,0.00154775121685787,0.582765046249593,0.711955869490465,0.647004908497858,0.00154775121685787,0.582765046249593,0.711955869490465,0.931403487579229,0.00167983212122556,0.863600764930979,0.998998600790959,0.931403487579229,0.00167983212122556,0.863600764930979,0.998998600790959
"high-small","none",2,"continuous",49,92,2064786,5115648,1,1,1,1,1.41279262875696,0.999971137611845,0.896043591675823,1.41279262875696,1.3159851540123,0.00159291637495727,1.24918744350473,1.38039766865244,1.3159851540123,0.00159291637495727,1.24918744350473,1.38039766865244,0.856197698246257,0.00164487351854885,0.790467864645201,0.92295579970622,0.856197698246257,0.00164487351854885,0.790467864645201,0.92295579970622,0.528582214618812,0.00135171252320095,0.468549177005093,0.589281472985351,0.528582214618812,0.00135171252320095,0.468549177005093,0.589281472985351,1.02210493302376,0.00146705673513875,0.958743581961052,1.08527704619423,1.02210493302376,0.00146705673513875,0.958743581961052,1.08527704619423
"high-small","none",2,"continuous",49,93,2064786,5806392,1,1,1,1,1.41279262875696,0.999971137611845,0.896043591675823,1.41279262875696,1.46240079957323,0.00163697563949495,1.39468530746949,1.52769832506103,1.46240079957323,0.00163697563949495,1.39468530746949,1.52769832506103,0.929886556134458,0.00169044946237256,0.863251991819962,0.997562404516546,0.929886556134458,0.00169044946237256,0.863251991819962,0.997562404516546,0.699674938550197,0.00138916709565639,0.63881533015027,0.761209255926574,0.699674938550197,0.00138916709565639,0.63881533015027,0.761209255926574,1.07370689613739,0.00150771046978646,1.0094720273178,1.13774597535981,1.07370689613739,0.00150771046978646,1.0094720273178,1.13774597535981
"high-small","none",2,"continuous",49,94,2064786,13579942,1,1,1,1,1.41279262875696,0.999971137611845,0.896043591675823,1.41279262875696,1.39407577358224,0.00162840257645201,1.32653728187262,1.45920317452407,1.39407577358224,0.00162840257645201,1.32653728187262,1.45920317452407,0.88188797801185,0.00168151985768601,0.815430439112813,0.949386097298987,0.88188797801185,0.00168151985768601,0.815430439112813,0.949386097298987,0.682750271902548,0.00138182473650436,0.622051254226868,0.74412110065814,0.682750271902548,0.00138182473650436,0.622051254226868,0.74412110065814,0.921288777759366,0.00149974596196887,0.857223070486008,0.985157412974187,0.921288777759366,0.00149974596196887,0.857223070486008,0.985157412974187
"high-small","none",2,"continuous",49,95,2064786,8095264,1,1,1,1,1.41279262875696,0.999971137611845,0.896043591675823,1.41279262875696,1.41488010149792,0.00181167326570335,1.34364278998792,1.48357400355488,1.41488010149792,0.00181167326570335,1.34364278998792,1.48357400355488,0.918182778835939,0.00187077222480324,0.848084759540116,0.989377664190251,0.918182778835939,0.00187077222480324,0.848084759540116,0.989377664190251,0.637277320828589,0.00153734888459707,0.573254103196752,0.702010213092574,0.637277320828589,0.00153734888459707,0.573254103196752,0.702010213092574,1.0470828480263,0.00166853705682798,0.97950956709207,1.11445199031649,1.0470828480263,0.00166853705682798,0.97950956709207,1.11445199031649
"high-small","none",2,"continuous",49,96,2064786,1864533,1,1,1,1,1.41279262875696,0.999971137611845,0.896043591675823,1.41279262875696,1.40571654813229,0.0018529083138978,1.33367262563285,1.47518864296107,1.40571654813229,0.0018529083138978,1.33367262563285,1.47518864296107,0.880558871955231,0.00191330109338772,0.809668896097511,0.952558652415614,0.880558871955231,0.00191330109338772,0.809668896097511,0.952558652415614,0.691295468672116,0.00157229585212917,0.626548027457274,0.756759366210339,0.691295468672116,0.00157229585212917,0.626548027457274,0.756759366210339,0.955788284057209,0.00170647082008703,0.88745029537582,1.02391765653236,0.955788284057209,0.00170647082008703,0.88745029537582,1.02391765653236
"high-small","none",2,"continuous",49,97,2064786,8547557,1,1,1,1,1.41279262875696,0.999971137611845,0.896043591675823,1.41279262875696,1.38150347202484,0.00191175893525074,1.3083247103094,1.45206958166282,1.38150347202484,0.00191175893525074,1.3083247103094,1.45206958166282,0.890406636175888,0.0019741022376818,0.818398619150175,0.963540571046093,0.890406636175888,0.0019741022376818,0.818398619150175,0.963540571046093,0.717264315555676,0.00162226317899454,0.651496205285927,0.783760548241703,0.717264315555676,0.00162226317899454,0.651496205285927,0.783760548241703,1.03264101832736,0.0017606997175736,0.963226212707286,1.10184525757815,1.03264101832736,0.0017606997175736,0.963226212707286,1.10184525757815
"high-small","none",2,"continuous",49,98,2064786,14636861,1,1,1,1,1.41279262875696,0.999971137611845,0.896043591675823,1.41279262875696,1.38142657538997,0.00167498002299209,1.31292916348846,1.44747856101484,1.38142657538997,0.00167498002299209,1.31292916348846,1.44747856101484,0.916400931808688,0.00172962773596596,0.848999419392827,0.984858008330088,0.916400931808688,0.00172962773596596,0.848999419392827,0.984858008330088,0.658033111073649,0.00142135854566893,0.596472211251743,0.720275878992009,0.658033111073649,0.00142135854566893,0.596472211251743,0.720275878992009,0.965263016333882,0.00154265185453679,0.900287724941,1.03003933057668,0.965263016333882,0.00154265185453679,0.900287724941,1.03003933057668
"high-small","none",2,"continuous",49,99,2064786,11731050,1,1,1,1,1.41279262875696,0.999971137611845,0.896043591675823,1.41279262875696,1.44202846671956,0.00164503172245968,1.37414643230875,1.5074867152763,1.44202846671956,0.00164503172245968,1.37414643230875,1.5074867152763,0.881072610651488,0.00169873499407018,0.814275002152561,0.94891395674034,0.881072610651488,0.00169873499407018,0.814275002152561,0.94891395674034,0.701878084678378,0.00139597557487902,0.640869296449079,0.763562784151208,0.701878084678378,0.00139597557487902,0.640869296449079,0.763562784151208,1.03265155641532,0.00151510062681423,0.968259605929433,1.09684765623937,1.03265155641532,0.00151510062681423,0.968259605929433,1.09684765623937
"high-small","none",2,"continuous",49,100,2064786,14104548,1,1,1,1,1.41279262875696,0.999971137611845,0.896043591675823,1.41279262875696,1.48655009561787,0.001742231333601,1.41669115269999,1.55391499899114,1.48655009561787,0.001742231333601,1.41669115269999,1.55391499899114,0.887676867234598,0.00179905893728373,0.81893554969266,0.95749369218409,0.887676867234598,0.00179905893728373,0.81893554969266,0.95749369218409,0.661003990486468,0.0014784166688199,0.598219619677858,0.724483832021459,0.661003990486468,0.0014784166688199,0.598219619677858,0.724483832021459,1.00190189039861,0.00160457745905852,0.935636017870792,1.06796666019723,1.00190189039861,0.00160457745905852,0.935636017870792,1.06796666019723
"high-small","none",2,"continuous",49,101,2064786,10275984,1,1,1,1,1.41279262875696,0.999971137611845,0.896043591675823,1.41279262875696,1.37282391543442,0.00186815557377108,1.30048454636525,1.44258055010408,1.37282391543442,0.00186815557377108,1.30048454636525,1.44258055010408,0.841166978681859,0.00192905828290668,0.769985043001953,0.913461179342085,0.841166978681859,0.00192905828290668,0.769985043001953,0.913461179342085,0.708822982173788,0.00158524827428968,0.643809420309429,0.774556173445202,0.708822982173788,0.00158524827428968,0.643809420309429,0.774556173445202,1.01802720511968,0.00172052562989445,0.949409247141688,1.08643793627246,1.01802720511968,0.00172052562989445,0.949409247141688,1.08643793627246
"high-small","none",2,"continuous",49,102,2064786,10122394,1,1,1,1,1.41279262875696,0.999971137611845,0.896043591675823,1.41279262875696,1.41120657866906,0.00157082616338632,1.34487338668128,1.47517111936366,1.41120657866906,0.00157082616338632,1.34487338668128,1.47517111936366,0.907416918249443,0.00162213928801247,0.842142544218684,0.973711186708465,0.907416918249443,0.00162213928801247,0.842142544218684,0.973711186708465,0.699034918977507,0.00133303170582439,0.639417568166181,0.759313092920454,0.699034918977507,0.00133303170582439,0.639417568166181,0.759313092920454,1.04856653478102,0.00144678513173415,0.985642788223391,1.11129825009893,1.04856653478102,0.00144678513173415,0.985642788223391,1.11129825009893
"high-small","none",2,"continuous",49,103,2064786,7475711,1,1,1,1,1.41279262875696,0.999971137611845,0.896043591675823,1.41279262875696,1.40132861297925,0.0015965748618222,1.33445352715607,1.46581613871125,1.40132861297925,0.0015965748618222,1.33445352715607,1.46581613871125,0.919121667447861,0.00164869191238596,0.853315913336865,0.985957612943082,0.919121667447861,0.00164869191238596,0.853315913336865,0.985957612943082,0.69439694950976,0.00135484836618139,0.634293484921977,0.75516597543429,0.69439694950976,0.00135484836618139,0.634293484921977,0.75516597543429,0.953217966867942,0.00147046692648792,0.889780511967072,1.01645977094288,0.953217966867942,0.00147046692648792,0.889780511967072,1.01645977094288
"high-small","none",2,"continuous",49,104,2064786,12564508,1,1,1,1,1.41279262875696,0.999971137611845,0.896043591675823,1.41279262875696,1.3930175352098,0.00175459743625465,1.32291118825966,1.46062095091477,1.3930175352098,0.00175459743625465,1.32291118825966,1.46062095091477,0.871517063080406,0.00181181396057491,0.802532493225848,0.941580850028582,0.871517063080406,0.00181181396057491,0.802532493225848,0.941580850028582,0.659424194179279,0.00148889841043626,0.596417593518365,0.72312860684248,0.659424194179279,0.00148889841043626,0.596417593518365,0.72312860684248,0.993628008432092,0.00161595372923094,0.92712776042856,1.05992674811054,0.993628008432092,0.00161595372923094,0.92712776042856,1.05992674811054
"high-small","none",2,"continuous",49,105,2064786,2363430,1,1,1,1,1.41279262875696,0.999971137611845,0.896043591675823,1.41279262875696,1.46804591248721,0.00164993257772185,1.40006224339983,1.53360278261992,1.46804591248721,0.00164993257772185,1.40006224339983,1.53360278261992,0.965632733985923,0.00170377180048787,0.898737383206462,1.03357734354415,0.965632733985923,0.00170377180048787,0.898737383206462,1.03357734354415,0.658295882445766,0.00140010835917281,0.597196880601044,0.720071488869181,0.658295882445766,0.00140010835917281,0.597196880601044,0.720071488869181,0.914719103895556,0.00151959094099155,0.850230253018319,0.97900781568026,0.914719103895556,0.00151959094099155,0.850230253018319,0.97900781568026
"high-small","none",2,"continuous",49,106,2064786,14476880,1,1,1,1,1.41279262875696,0.999971137611845,0.896043591675823,1.41279262875696,1.42468192688654,0.00175308869864787,1.35460558360912,1.4922564819304,1.42468192688654,0.00175308869864787,1.35460558360912,1.4922564819304,0.944233277763216,0.00181029624108739,0.875277836459373,1.01426843128111,0.944233277763216,0.00181029624108739,0.875277836459373,1.01426843128111,0.688798743035029,0.00148764993077453,0.625818587303602,0.752476464246307,0.688798743035029,0.00148764993077453,0.625818587303602,0.752476464246307,0.994393870244803,0.00161460044223374,0.927920507086615,1.06066335281553,0.994393870244803,0.00161460044223374,0.927920507086615,1.06066335281553
"high-small","none",2,"continuous",49,107,2064786,4746690,1,1,1,1,1.41279262875696,0.999971137611845,0.896043591675823,1.41279262875696,1.37489765233799,0.00167661858849739,1.30636689597088,1.44098162916232,1.37489765233799,0.00167661858849739,1.30636689597088,1.44098162916232,0.917349394659854,0.00173133677805718,0.849914335446665,0.985839786560897,0.917349394659854,0.00173133677805718,0.849914335446665,0.985839786560897,0.670330318555241,0.00142276434215193,0.608739029113118,0.732603986509105,0.670330318555241,0.00142276434215193,0.608739029113118,0.732603986509105,1.00028547348909,0.00154417654542557,0.935278293470637,1.06509412348313,1.00028547348909,0.00154417654542557,0.935278293470637,1.06509412348313
"high-small","none",2,"continuous",49,108,2064786,532997,1,1,1,1,1.41279262875696,0.999971137611845,0.896043591675823,1.41279262875696,1.36606834735152,0.0017604961825815,1.29584431852043,1.4337851566685,1.36606834735152,0.0017604961825815,1.29584431852043,1.4337851566685,0.843051940434471,0.00181790001491548,0.773951389429143,0.913232683794615,0.843051940434471,0.00181790001491548,0.773951389429143,0.913232683794615,0.679853977753888,0.00149390089553634,0.616741477152108,0.743665266593865,0.679853977753888,0.00149390089553634,0.616741477152108,0.743665266593865,0.998009245603903,0.00162138294486933,0.931397530959101,1.06441953534862,0.998009245603903,0.00162138294486933,0.931397530959101,1.06441953534862
"high-small","none",2,"continuous",49,109,2064786,13094826,1,1,1,1,1.41279262875696,0.999971137611845,0.896043591675823,1.41279262875696,1.40948551057368,0.00156617745217285,1.34325017282603,1.47335605778861,1.40948551057368,0.00156617745217285,1.34325017282603,1.47335605778861,0.879397722850176,0.0016172960205825,0.814221331559126,0.94559367168826,0.879397722850176,0.0016172960205825,0.814221331559126,0.94559367168826,0.691767397326256,0.00132904919424648,0.632238885786626,0.751955070155843,0.691767397326256,0.00132904919424648,0.632238885786626,0.751955070155843,0.957102886347049,0.00144246530261092,0.894272726703334,1.01974025492988,0.957102886347049,0.00144246530261092,0.894272726703334,1.01974025492988
"high-small","none",2,"continuous",49,110,2064786,13855759,1,1,1,1,1.41279262875696,0.999971137611845,0.896043591675823,1.41279262875696,1.38586215051587,0.00180028971181526,1.31484879126224,1.45434027571281,1.38586215051587,0.00180028971181526,1.31484879126224,1.45434027571281,0.969639660627206,0.00185902577293773,0.899762527949701,1.04061180592098,0.969639660627206,0.00185902577293773,0.899762527949701,1.04061180592098,0.639823723586465,0.00152769340044856,0.576001855166204,0.704352894488453,0.639823723586465,0.00152769340044856,0.576001855166204,0.704352894488453,1.00599343285765,0.00165806012528117,0.938631703385091,1.07314928420687,1.00599343285765,0.00165806012528117,0.938631703385091,1.07314928420687
"high-small","none",2,"continuous",49,111,2064786,2293918,1,1,1,1,1.41279262875696,0.999971137611845,0.896043591675823,1.41279262875696,1.40581101156831,0.00178841885492467,1.33503224059024,1.47406289644751,1.40581101156831,0.00178841885492467,1.33503224059024,1.47406289644751,0.850968236081234,0.00184670715698981,0.781322609409264,0.921703532059228,0.850968236081234,0.00184670715698981,0.781322609409264,0.921703532059228,0.62462392762228,0.00151757244467653,0.561013612355834,0.688938846946766,0.62462392762228,0.00151757244467653,0.561013612355834,0.688938846946766,0.990235709341959,0.00164707381440608,0.923098708136073,1.05717057517781,0.990235709341959,0.00164707381440608,0.923098708136073,1.05717057517781
"high-small","none",2,"continuous",49,112,2064786,12867939,1,1,1,1,1.41279262875696,0.999971137611845,0.896043591675823,1.41279262875696,1.42794065919265,0.00174424687968182,1.35804118088711,1.49534481141803,1.42794065919265,0.00174424687968182,1.35804118088711,1.49534481141803,0.921220260695015,0.0018011313782688,0.852439828868889,0.991078374623511,0.921220260695015,0.0018011313782688,0.852439828868889,0.991078374623511,0.642579560080532,0.0014801172564343,0.579759126285147,0.706095792350764,0.642579560080532,0.0014801172564343,0.579759126285147,0.706095792350764,0.961525801703679,0.00160642495027935,0.895221220993787,1.02762768653845,0.961525801703679,0.00160642495027935,0.895221220993787,1.02762768653845
"high-small","none",2,"continuous",49,113,2064786,15920987,1,1,1,1,1.41279262875696,0.999971137611845,0.896043591675823,1.41279262875696,1.41611223116776,0.0017014414301871,1.34707627485347,1.48268319012708,1.41611223116776,0.0017014414301871,1.34707627485347,1.48268319012708,0.882540500326996,0.00175696371728439,0.814607797476958,0.951535074145291,0.882540500326996,0.00175696371728439,0.814607797476958,0.951535074145291,0.647130966508403,0.0014438260068711,0.585085643581976,0.709864080005665,0.647130966508403,0.0014438260068711,0.585085643581976,0.709864080005665,1.05172935650516,0.0015670326729032,0.98624384274723,1.11701739877478,1.05172935650516,0.0015670326729032,0.98624384274723,1.11701739877478
"high-small","none",2,"continuous",49,114,2064786,492367,1,1,1,1,1.41279262875696,0.999971137611845,0.896043591675823,1.41279262875696,1.43434395122022,0.00172340441588781,1.36486353378057,1.50134377977783,1.43434395122022,0.00172340441588781,1.36486353378057,1.50134377977783,0.910241344405611,0.0017796343161345,0.841872187907128,0.979680448633467,0.910241344405611,0.0017796343161345,0.841872187907128,0.979680448633467,0.666359725370015,0.00146245379703494,0.603915259385066,0.729495972581538,0.666359725370015,0.00146245379703494,0.603915259385066,0.729495972581538,1.00356341939369,0.00158725273535468,0.937655971284023,1.06927012402075,1.00356341939369,0.00158725273535468,0.937655971284023,1.06927012402075
"high-small","none",2,"continuous",49,115,2064786,9954064,1,1,1,1,1.41279262875696,0.999971137611845,0.896043591675823,1.41279262875696,1.44570654470619,0.0017177058299126,1.3763411003195,1.5125955911215,1.44570654470619,0.0017177058299126,1.3763411003195,1.5125955911215,0.889512776299425,0.00177371925546735,0.821257495431032,0.958836741465876,0.889512776299425,0.00177371925546735,0.821257495431032,0.958836741465876,0.611296433248483,0.00145759218228155,0.548956012208112,0.674327676635378,0.611296433248483,0.00145759218228155,0.548956012208112,0.674327676635378,0.986072158530704,0.00158197543141666,0.920274858631474,1.05167025192123,0.986072158530704,0.00158197543141666,0.920274858631474,1.05167025192123
"high-small","none",2,"continuous",49,116,2064786,106413,1,1,1,1,1.41279262875696,0.999971137611845,0.896043591675823,1.41279262875696,1.4280495890375,0.00157909070421803,1.36154179366284,1.49218282759852,1.4280495890375,0.00157909070421803,1.36154179366284,1.49218282759852,0.92103760440356,0.00163065131407054,0.855592693981639,0.987506568430057,0.92103760440356,0.00163065131407054,0.855592693981639,0.987506568430057,0.692860424210147,0.00134002406174974,0.633086776253382,0.753296217470163,0.692860424210147,0.00134002406174974,0.633086776253382,0.753296217470163,0.980461979319892,0.00145437653679771,0.91737276502929,1.04335713665092,0.980461979319892,0.00145437653679771,0.91737276502929,1.04335713665092
"high-small","none",2,"continuous",49,117,2064786,13431448,1,1,1,1,1.41279262875696,0.999971137611845,0.896043591675823,1.41279262875696,1.37157503941046,0.00173621189820858,1.30183688510365,1.43882345833847,1.37157503941046,0.00173621189820858,1.30183688510365,1.43882345833847,0.898309277220921,0.00179284049228227,0.8296870494299,0.968005719082377,0.898309277220921,0.00179284049228227,0.8296870494299,0.968005719082377,0.6658737108232,0.00147330553734572,0.603197893238837,0.729243629438255,0.6658737108232,0.00147330553734572,0.603197893238837,0.729243629438255,0.978032777385449,0.00159903136063286,0.91188114676088,1.04398269463401,0.978032777385449,0.00159903136063286,0.91188114676088,1.04398269463401
"high-small","none",2,"continuous",49,118,2064786,8406255,1,1,1,1,1.41279262875696,0.999971137611845,0.896043591675823,1.41279262875696,1.43864410948126,0.00174268845550726,1.36877607292408,1.50601771421628,1.43864410948126,0.00174268845550726,1.36877607292408,1.50601771421628,0.955209758444079,0.00179956373005232,0.886458984905428,1.02503709412069,0.955209758444079,0.00179956373005232,0.886458984905428,1.02503709412069,0.654656973559301,0.0014788305486199,0.591864028540354,0.718145856907617,0.654656973559301,0.0014788305486199,0.591864028540354,0.718145856907617,1.01922595038616,0.00160502693274556,0.952950321709322,1.08529919736208,1.01922595038616,0.00160502693274556,0.952950321709322,1.08529919736208
"high-small","none",2,"continuous",49,119,2064786,979383,1,1,1,1,1.41279262875696,0.999971137611845,0.896043591675823,1.41279262875696,1.44844708256506,0.00160352506774044,1.38142680993497,1.51307451773969,1.44844708256506,0.00160352506774044,1.38142680993497,1.51307451773969,0.934132151872497,0.00165587062223576,0.868183247985812,1.00111365976158,0.934132151872497,0.00165587062223576,0.868183247985812,1.00111365976158,0.623382859086413,0.00136074796296244,0.563149138120422,0.684284384170687,0.623382859086413,0.00136074796296244,0.563149138120422,0.684284384170687,0.999781368686077,0.00147686715738436,0.936206845484727,1.06316185406326,0.999781368686077,0.00147686715738436,0.936206845484727,1.06316185406326
"high-small","none",2,"continuous",49,120,2064786,11491749,1,1,1,1,1.41279262875696,0.999971137611845,0.896043591675823,1.41279262875696,1.42845789791313,0.00160448965813857,1.36141756110727,1.49310449571432,1.42845789791313,0.00160448965813857,1.36141756110727,1.49310449571432,0.846988045818114,0.00165685863252387,0.781018841280365,0.913987729034947,0.846988045818114,0.00165685863252387,0.781018841280365,0.913987729034947,0.696145714684151,0.00136156300073043,0.635893510032501,0.757065309000168,0.696145714684151,0.00136156300073043,0.635893510032501,0.757065309000168,1.01243591217891,0.00147775144735124,0.948842720110336,1.07583603816895,1.01243591217891,0.00147775144735124,0.948842720110336,1.07583603816895
"high-small","none",2,"continuous",49,121,2064786,14511978,1,1,1,1,1.41279262875696,0.999971137611845,0.896043591675823,1.41279262875696,1.407202905469,0.00180187575035642,1.33615857634552,1.47571060475293,1.407202905469,0.00180187575035642,1.33615857634552,1.47571060475293,0.966192762115904,0.00186068974493042,0.896283889748012,1.0371957818018,0.966192762115904,0.00186068974493042,0.896283889748012,1.0371957818018,0.637276828272458,0.00152906344886317,0.573426542724399,0.701835228405085,0.637276828272458,0.00152906344886317,0.573426542724399,0.701835228405085,1.07622363628611,0.00165954429721228,1.00883242530794,1.14341054068827,1.07622363628611,0.00165954429721228,1.00883242530794,1.14341054068827
"high-small","none",2,"continuous",49,122,2064786,15807173,1,1,1,1,1.41279262875696,0.999971137611845,0.896043591675823,1.41279262875696,1.42066782593058,0.00166168896477295,1.35244279025441,1.48645702908804,1.42066782593058,0.00166168896477295,1.35244279025441,1.48645702908804,0.980913237014738,0.00171595336690248,0.913778594859056,1.04909924318994,0.980913237014738,0.00171595336690248,0.913778594859056,1.04909924318994,0.683246151153995,0.00141012185913604,0.621929210869249,0.745242603902975,0.683246151153995,0.00141012185913604,0.621929210869249,0.745242603902975,1.00429227253982,0.00153045625418569,0.939573819560635,1.06881124282983,1.00429227253982,0.00153045625418569,0.939573819560635,1.06881124282983
"high-small","none",2,"continuous",49,123,2064786,11728133,1,1,1,1,1.41279262875696,0.999971137611845,0.896043591675823,1.41279262875696,1.43383659270075,0.00171573675914497,1.36451047552355,1.50068804597092,1.43383659270075,0.00171573675914497,1.36451047552355,1.50068804597092,0.863447646282768,0.00177165390442528,0.795232451942462,0.932731514641042,0.863447646282768,0.00177165390442528,0.795232451942462,0.932731514641042,0.664515379008793,0.00145589299630419,0.602210730687195,0.727509327657041,0.664515379008793,0.00145589299630419,0.602210730687195,0.727509327657041,0.896869079337328,0.00158013576747639,0.831108950634595,0.962427425756319,0.896869079337328,0.00158013576747639,0.831108950634595,0.962427425756319
"high-small","none",2,"continuous",49,124,2064786,4555764,1,1,1,1,1.41279262875696,0.999971137611845,0.896043591675823,1.41279262875696,1.35906883393774,0.0016259803025014,1.29158071708315,1.42414761699536,1.35906883393774,0.0016259803025014,1.29158071708315,1.42414761699536,0.896203815055267,0.00167901538096564,0.829795902361039,0.963652088113127,0.896203815055267,0.00167901538096564,0.829795902361039,0.963652088113127,0.636739624314553,0.00137976610970204,0.576086107446273,0.698064876656448,0.636739624314553,0.00137976610970204,0.576086107446273,0.698064876656448,0.932754481503618,0.00149751046860209,0.868736892871765,0.996575981057707,0.932754481503618,0.00149751046860209,0.868736892871765,0.996575981057707
"high-small","none",2,"continuous",49,125,2064786,12323620,1,1,1,1,1.41279262875696,0.999971137611845,0.896043591675823,1.41279262875696,1.39218370281618,0.00177835570398144,1.32160403479184,1.4602438021643,1.39218370281618,0.00177835570398144,1.32160403479184,1.4602438021643,0.895986428799599,0.00183633217524875,0.826537113734425,0.966523597511631,0.895986428799599,0.00183633217524875,0.826537113734425,0.966523597511631,0.665336386545534,0.00150904432469901,0.601904823142041,0.7294701017989,0.665336386545534,0.00150904432469901,0.601904823142041,0.7294701017989,0.945277400186718,0.00163782145840799,0.878327964176266,1.0120220796971,0.945277400186718,0.00163782145840799,0.878327964176266,1.0120220796971
"high-small","none",2,"continuous",49,126,2064786,14743839,1,1,1,1,1.41279262875696,0.999971137611845,0.896043591675823,1.41279262875696,1.3764463955427,0.00164504286109955,1.30856426079752,1.44190470795449,1.3764463955427,0.00164504286109955,1.30856426079752,1.44190470795449,0.815645060771893,0.00169870128211977,0.748848042218537,0.883485387528641,0.815645060771893,0.00169870128211977,0.748848042218537,0.883485387528641,0.654252398491195,0.00139594829972516,0.593244230604129,0.715936455588655,0.654252398491195,0.00139594829972516,0.593244230604129,0.715936455588655,1.01495431037995,0.0015150696377542,0.950563914953134,1.07915111812591,1.01495431037995,0.0015150696377542,0.950563914953134,1.07915111812591
"high-small","none",2,"continuous",49,127,2064786,14265627,1,1,1,1,1.41279262875696,0.999971137611845,0.896043591675823,1.41279262875696,1.3784473643118,0.00171023661846713,1.30923294338316,1.44519067990636,1.3784473643118,0.00171023661846713,1.30923294338316,1.44519067990636,0.880056377867151,0.00176601478986964,0.811949354731472,0.949229205748463,0.880056377867151,0.00176601478986964,0.811949354731472,0.949229205748463,0.645410141266723,0.00145126158487182,0.58320506980003,0.708304286238044,0.645410141266723,0.00145126158487182,0.58320506980003,0.708304286238044,0.986820773599825,0.0015751051210506,0.921166316700272,1.0522760236288,0.986820773599825,0.0015751051210506,0.921166316700272,1.0522760236288
"high-small","none",2,"continuous",49,128,2064786,10657476,1,1,1,1,1.41279262875696,0.999971137611845,0.896043591675823,1.41279262875696,1.40455914548365,0.00170441035538595,1.33546260684667,1.47118880516775,1.40455914548365,0.00170441035538595,1.33546260684667,1.47118880516775,0.813174116277194,0.00175997953821471,0.745183256773596,0.882227525692834,0.813174116277194,0.00175997953821471,0.745183256773596,0.882227525692834,0.700255085223767,0.00144630351966912,0.638155899510622,0.763041423816741,0.700255085223767,0.00144630351966912,0.638155899510622,0.763041423816741,0.961015566172266,0.0015697251564866,0.895473251848876,1.02635891669568,0.961015566172266,0.0015697251564866,0.895473251848876,1.02635891669568
"high-small","none",2,"continuous",49,129,2064786,6617626,1,1,1,1,1.41279262875696,0.999971137611845,0.896043591675823,1.41279262875696,1.34703228376064,0.00170421415391536,1.27793981906985,1.41365790585482,1.34703228376064,0.00170421415391536,1.27793981906985,1.41365790585482,0.879641610940701,0.0017598181158313,0.811653978924573,0.948692413389567,0.879641610940701,0.0017598181158313,0.811653978924573,0.948692413389567,0.709256336119415,0.00144617032200144,0.647160201201275,0.772039960823504,0.709256336119415,0.00144617032200144,0.647160201201275,0.772039960823504,0.989575128081844,0.00156958061255227,0.924035383766229,1.05491474652139,0.989575128081844,0.00156958061255227,0.924035383766229,1.05491474652139
"high-small","none",2,"continuous",49,130,2064786,5708785,1,1,1,1,1.41279262875696,0.999971137611845,0.896043591675823,1.41279262875696,1.42058312633707,0.00176064729401415,1.35035548671083,1.48830405204374,1.42058312633707,0.00176064729401415,1.35035548671083,1.48830405204374,0.855012720616353,0.00181799186148237,0.78591143374196,0.925197242584858,0.855012720616353,0.00181799186148237,0.78591143374196,0.925197242584858,0.635475297969216,0.00149397091925771,0.572361178206877,0.699287615625582,0.635475297969216,0.00149397091925771,0.572361178206877,0.699287615625582,0.876865840971432,0.00162146357978573,0.810251453684188,0.943276193306001,0.876865840971432,0.00162146357978573,0.810251453684188,0.943276193306001
"high-small","none",2,"continuous",49,131,2064786,13131245,1,1,1,1,1.41279262875696,0.999971137611845,0.896043591675823,1.41279262875696,1.40287607689462,0.00191519262057306,1.32963158784559,1.47350566169658,1.40287607689462,0.00191519262057306,1.32963158784559,1.47350566169658,0.881003174851058,0.00197762557320402,0.808931062612806,0.954202627264894,0.881003174851058,0.00197762557320402,0.808931062612806,0.954202627264894,0.68538700921688,0.00162515783391181,0.619560332546833,0.751942529138062,0.68538700921688,0.00162515783391181,0.619560332546833,0.751942529138062,1.01905408200478,0.00176384109970946,0.949577632087849,1.08832039053939,1.01905408200478,0.00176384109970946,0.949577632087849,1.08832039053939
"high-small","none",2,"continuous",49,132,2064786,8627446,1,1,1,1,1.41279262875696,0.999971137611845,0.896043591675823,1.41279262875696,1.40776545395286,0.00170892453528942,1.33857776669116,1.47448281433375,1.40776545395286,0.00170892453528942,1.33857776669116,1.47448281433375,0.920375967612632,0.00176469760613587,0.852294174793697,0.989522909226384,0.920375967612632,0.00176469760613587,0.852294174793697,0.989522909226384,0.641104653942501,0.00145018013951236,0.578923017450929,0.703975646154698,0.641104653942501,0.00145018013951236,0.578923017450929,0.703975646154698,1.04079709021497,0.00157392992100382,0.975167216556049,1.10622801600069,1.04079709021497,0.00157392992100382,0.975167216556049,1.10622801600069
"high-small","none",2,"continuous",49,133,2064786,12554486,1,1,1,1,1.41279262875696,0.999971137611845,0.896043591675823,1.41279262875696,1.34104819485837,0.00174888284968693,1.27105657715845,1.40854051200001,1.34104819485837,0.00174888284968693,1.27105657715845,1.40854051200001,0.842540618590895,0.00180594108504292,0.773667239383918,0.912489312166757,0.842540618590895,0.00180594108504292,0.773667239383918,0.912489312166757,0.669462918585405,0.0014840760929802,0.606558577322636,0.733064411017224,0.669462918585405,0.0014840760929802,0.606558577322636,0.733064411017224,1.07438395017869,0.00161071658256643,1.00799240235654,1.14057648649323,1.07438395017869,0.00161071658256643,1.00799240235654,1.14057648649323
"high-small","none",2,"continuous",49,134,2064786,5504145,1,1,1,1,1.41279262875696,0.999971137611845,0.896043591675823,1.41279262875696,1.40323540166675,0.00170522750943405,1.33412241996221,1.46988082346541,1.40323540166675,0.00170522750943405,1.33412241996221,1.46988082346541,0.909824855989161,0.00176087624315397,0.841816863861548,0.978896794529206,0.909824855989161,0.00176087624315397,0.841816863861548,0.978896794529206,0.683085080779758,0.00144703950539629,0.620970521572516,0.74588773332496,0.683085080779758,0.00144703950539629,0.620970521572516,0.74588773332496,1.00974196122566,0.00157052311340318,0.944182655105038,1.07510132206217,1.00974196122566,0.00157052311340318,0.944182655105038,1.07510132206217
"high-small","none",2,"continuous",49,135,2064786,15219402,1,1,1,1,1.41279262875696,0.999971137611845,0.896043591675823,1.41279262875696,1.43900886906339,0.00174163698884425,1.36916206737862,1.50636186849877,1.43900886906339,0.00174163698884425,1.36916206737862,1.50636186849877,0.869490079842308,0.00179844795264582,0.800760176900745,0.939294507221585,0.869490079842308,0.00179844795264582,0.800760176900745,0.939294507221585,0.653361966251237,0.00147791601214691,0.590588311688474,0.716831189829638,0.653361966251237,0.00147791601214691,0.590588311688474,0.716831189829638,1.03107425733269,0.00160403249043067,0.964820134834895,1.09712856357858,1.03107425733269,0.00160403249043067,0.964820134834895,1.09712856357858
"high-small","none",2,"continuous",49,136,2064786,3622838,1,1,1,1,1.41279262875696,0.999971137611845,0.896043591675823,1.41279262875696,1.37431888284348,0.00169221489647926,1.30546988666741,1.44070986915564,1.37431888284348,0.00169221489647926,1.30546988666741,1.44070986915564,0.938468066007755,0.00174745038591749,0.87072008346546,1.00727665039978,0.938468066007755,0.00174745038591749,0.87072008346546,1.00727665039978,0.727659260687391,0.00143600512108451,0.665781736225194,0.790221787131778,0.727659260687391,0.00143600512108451,0.665781736225194,0.790221787131778,0.965668898759009,0.0015585500861945,0.900358894038578,1.03077703387114,0.965668898759009,0.0015585500861945,0.900358894038578,1.03077703387114
"high-small","none",2,"continuous",49,137,2064786,5062203,1,1,1,1,1.41279262875696,0.999971137611845,0.896043591675823,1.41279262875696,1.3280555797134,0.00161771680174763,1.26073956327684,1.39296799345649,1.3280555797134,0.00161771680174763,1.26073956327684,1.39296799345649,0.880293045018602,0.00167051633992392,0.814052755989263,0.947569031352792,0.880293045018602,0.00167051633992392,0.814052755989263,0.947569031352792,0.662742882166755,0.00137278530779436,0.602243078712846,0.723913091761037,0.662742882166755,0.00137278530779436,0.602243078712846,0.723913091761037,1.01219486859545,0.00148993124282325,0.948340130944092,1.07585566203059,1.01219486859545,0.00148993124282325,0.948340130944092,1.07585566203059
"high-small","none",2,"continuous",49,138,2064786,4168960,1,1,1,1,1.41279262875696,0.999971137611845,0.896043591675823,1.41279262875696,1.35926798434873,0.0017444025837607,1.28936546866027,1.42667499603404,1.35926798434873,0.0017444025837607,1.28936546866027,1.42667499603404,0.891322301351194,0.00180127676970286,0.822538998789559,0.961182894216263,0.891322301351194,0.00180127676970286,0.822538998789559,0.961182894216263,0.643782858057725,0.0014802372442457,0.580959791492102,0.707301604276796,0.643782858057725,0.0014802372442457,0.580959791492102,0.707301604276796,0.955996369081501,0.00160655495583706,0.889689347387233,1.02210131654425,0.955996369081501,0.00160655495583706,0.889689347387233,1.02210131654425
"high-small","none",2,"continuous",49,139,2064786,14873067,1,1,1,1,1.41279262875696,0.999971137611845,0.896043591675823,1.41279262875696,1.39556573780406,0.00158726923485172,1.32888609477468,1.45986457104183,1.39556573780406,0.00158726923485172,1.32888609477468,1.45986457104183,0.831819368233051,0.00163906173503545,0.766205519179354,0.898458393026456,0.831819368233051,0.00163906173503545,0.766205519179354,0.898458393026456,0.682996492997144,0.00134693746403035,0.623068726721344,0.743587934452192,0.682996492997144,0.00134693746403035,0.623068726721344,0.743587934452192,0.987378464143262,0.00146187818199115,0.924127760156992,1.05043719958285,0.987378464143262,0.00146187818199115,0.924127760156992,1.05043719958285
"high-small","none",2,"continuous",49,140,2064786,15882666,1,1,1,1,1.41279262875696,0.999971137611845,0.896043591675823,1.41279262875696,1.3947166990887,0.00153640520143666,1.32911440795463,1.45797629645429,1.3947166990887,0.00153640520143666,1.32911440795463,1.45797629645429,0.850990962765264,0.00158659034366217,0.78643544045019,0.916553859605731,0.850990962765264,0.00158659034366217,0.78643544045019,0.916553859605731,0.717079432318999,0.00130382024401373,0.658118769622695,0.776693475912375,0.717079432318999,0.00130382024401373,0.658118769622695,0.776693475912375,1.05234312704004,0.00141508030709064,0.990112970121957,1.1143842120638,1.05234312704004,0.00141508030709064,0.990112970121957,1.1143842120638
"high-small","none",2,"continuous",49,141,2064786,472178,1,1,1,1,1.41279262875696,0.999971137611845,0.896043591675823,1.41279262875696,1.40999387227598,0.00169610717364505,1.34106592571193,1.47646107846205,1.40999387227598,0.00169610717364505,1.34106592571193,1.47646107846205,0.847014143502575,0.00175138137843854,0.779190079819322,0.91590017759985,0.847014143502575,0.00175138137843854,0.779190079819322,0.91590017759985,0.581707424077363,0.00143923527102581,0.519760787396071,0.644340417421063,0.581707424077363,0.00143923527102581,0.519760787396071,0.644340417421063,0.955782698614689,0.00156205185966698,0.890401411745147,1.02096697156959,0.955782698614689,0.00156205185966698,0.890401411745147,1.02096697156959
"high-small","none",2,"continuous",49,142,2064786,10113200,1,1,1,1,1.41279262875696,0.999971137611845,0.896043591675823,1.41279262875696,1.42420776410679,0.00158935079764849,1.35748437808893,1.48854882694336,1.42420776410679,0.00158935079764849,1.35748437808893,1.48854882694336,0.858883853074813,0.00164121888646726,0.793226971889615,0.925567129757264,0.858883853074813,0.00164121888646726,0.793226971889615,0.925567129757264,0.671407733215122,0.0013487095047749,0.611440673918681,0.732039078959327,0.671407733215122,0.0013487095047749,0.611440673918681,0.732039078959327,0.991522996203166,0.00146380145835597,0.928230579520054,1.05462298907767,0.991522996203166,0.00146380145835597,0.928230579520054,1.05462298907767
"high-small","none",2,"continuous",49,143,2064786,14217577,1,1,1,1,1.41279262875696,0.999971137611845,0.896043591675823,1.41279262875696,1.36460450627626,0.00174363518225297,1.29471777460508,1.43199591377984,1.36460450627626,0.00174363518225297,1.29471777460508,1.43199591377984,0.839544985350545,0.00180049496264085,0.77077587134782,0.909388788018468,0.839544985350545,0.00180049496264085,0.77077587134782,0.909388788018468,0.645394125043598,0.00147959879154338,0.582584712713754,0.708899452298665,0.645394125043598,0.00147959879154338,0.582584712713754,0.708899452298665,1.02850727462808,0.00160585830191065,0.962215802892867,1.09459970304371,1.02850727462808,0.00160585830191065,0.962215802892867,1.09459970304371
"high-small","none",2,"continuous",49,144,2064786,3627503,1,1,1,1,1.41279262875696,0.999971137611845,0.896043591675823,1.41279262875696,1.46703807407318,0.00170667919727471,1.39789589867976,1.53371137764309,1.46703807407318,0.00170667919727471,1.39789589867976,1.53371137764309,0.912235130849268,0.00176241324374838,0.844196936644435,0.981336160936803,0.912235130849268,0.00176241324374838,0.844196936644435,0.981336160936803,0.718215613713285,0.00144830537748729,0.656073952783875,0.781045970123205,0.718215613713285,0.00144830537748729,0.656073952783875,0.781045970123205,1.08093891142553,0.00157189526933417,1.01535122711514,1.14632723115152,1.08093891142553,0.00157189526933417,1.01535122711514,1.14632723115152
"high-small","none",2,"continuous",49,145,2064786,6705464,1,1,1,1,1.41279262875696,0.999971137611845,0.896043591675823,1.41279262875696,1.43143027480615,0.00166398624923071,1.3631579896886,1.49726514894127,1.43143027480615,0.00166398624923071,1.3631579896886,1.49726514894127,0.952478287979513,0.00171830490519823,0.885297723650881,1.02071097932588,0.952478287979513,0.00171830490519823,0.885297723650881,1.02071097932588,0.682087222303509,0.00141205392212858,0.620728167545971,0.744125995153447,0.682087222303509,0.00141205392212858,0.620728167545971,0.744125995153447,0.979280503864811,0.00153255366930834,0.914517787501236,1.04384379063321,0.979280503864811,0.00153255366930834,0.914517787501236,1.04384379063321
"high-small","none",2,"continuous",49,146,2064786,5058998,1,1,1,1,1.41279262875696,0.999971137611845,0.896043591675823,1.41279262875696,1.33849001341447,0.00188038896592268,1.26591421952332,1.40847472484737,1.33849001341447,0.00188038896592268,1.26591421952332,1.40847472484737,0.876375580517555,0.00194167396389948,0.804961704451095,0.948907011964323,0.876375580517555,0.00194167396389948,0.804961704451095,0.948907011964323,0.636299173836813,0.00159561319442617,0.571073805801643,0.702247043679376,0.636299173836813,0.00159561319442617,0.571073805801643,0.702247043679376,1.01027630163758,0.00173177430646755,0.941434632687002,1.07891055897713,1.01027630163758,0.00173177430646755,0.941434632687002,1.07891055897713
"high-small","none",2,"continuous",49,147,2064786,14392465,1,1,1,1,1.41279262875696,0.999971137611845,0.896043591675823,1.41279262875696,1.42681175146373,0.00163516025788124,1.35913346587107,1.49207382025627,1.42681175146373,0.00163516025788124,1.35913346587107,1.49207382025627,0.887161082389178,0.0016885071710686,0.8205654239561,0.954799083041468,0.887161082389178,0.0016885071710686,0.8205654239561,0.954799083041468,0.652306627638132,0.00138756774137549,0.591481884040361,0.713805115174461,0.652306627638132,0.00138756774137549,0.591481884040361,0.713805115174461,0.968081415306483,0.0015059766951816,0.903883434679942,1.03208357000249,0.968081415306483,0.0015059766951816,0.903883434679942,1.03208357000249
"high-small","none",2,"continuous",49,148,2064786,3360231,1,1,1,1,1.41279262875696,0.999971137611845,0.896043591675823,1.41279262875696,1.46537344776236,0.00169314488994807,1.39650570330584,1.53178250859662,1.46537344776236,0.00169314488994807,1.39650570330584,1.53178250859662,0.921382510979606,0.00174838907917256,0.853616310552574,0.990209739417661,0.921382510979606,0.00174838907917256,0.853616310552574,0.990209739417661,0.631709806084008,0.00143677676990232,0.569816136859901,0.694289444624804,0.631709806084008,0.00143677676990232,0.569816136859901,0.694289444624804,1.00059734619964,0.00155938404565222,0.935271146088567,1.06572476204496,1.00059734619964,0.00155938404565222,0.935271146088567,1.06572476204496
"high-small","none",2,"continuous",49,149,2064786,12356465,1,1,1,1,1.41279262875696,0.999971137611845,0.896043591675823,1.41279262875696,1.35402484568323,0.0016382167490969,1.28628355465077,1.41934749783832,1.35402484568323,0.0016382167490969,1.28628355465077,1.41934749783832,0.91967406103505,0.00169168162660175,0.853015814272297,0.987375819526484,0.91967406103505,0.00169168162660175,0.853015814272297,0.987375819526484,0.630091934323842,0.00139017659356561,0.569210290994673,0.691648423169667,0.630091934323842,0.00139017659356561,0.569210290994673,0.691648423169667,1.00035028743156,0.00150880703555116,0.93609214766705,1.06441272441663,1.00035028743156,0.00150880703555116,0.93609214766705,1.06441272441663
"high-small","none",2,"continuous",49,150,2064786,9620384,1,1,1,1,1.41279262875696,0.999971137611845,0.896043591675823,1.41279262875696,1.40175981797907,0.00157778006501932,1.33527987207795,1.46586601183825,1.40175981797907,0.00157778006501932,1.33527987207795,1.46586601183825,0.922291949044201,0.00162930661825739,0.856873833156464,0.988733232118035,0.922291949044201,0.00162930661825739,0.856873833156464,0.988733232118035,0.666085856883976,0.00133892009950251,0.606337066747643,0.726496978597711,0.666085856883976,0.00133892009950251,0.606337066747643,0.726496978597711,1.02360125309914,0.00145317639708764,0.960538626129149,1.08647126679365,1.02360125309914,0.00145317639708764,0.960538626129149,1.08647126679365
"high-small","none",2,"continuous",49,151,2064786,6507449,1,1,1,1,1.41279262875696,0.999971137611845,0.896043591675823,1.41279262875696,1.43575749827191,0.00162177999918737,1.3683570169954,1.50075129895619,1.43575749827191,0.00162177999918737,1.3683570169954,1.50075129895619,0.874445038914097,0.00167472851083647,0.808120998684938,0.941805157409255,0.874445038914097,0.00167472851083647,0.808120998684938,0.941805157409255,0.686302572218197,0.0013762482425174,0.625726494160931,0.747549975472876,0.686302572218197,0.0013762482425174,0.625726494160931,0.747549975472876,1.0458232680482,0.00149368895876528,0.981888184508058,1.10956450636593,1.0458232680482,0.00149368895876528,0.981888184508058,1.10956450636593
"high-small","none",2,"continuous",49,152,2064786,15781555,1,1,1,1,1.41279262875696,0.999971137611845,0.896043591675823,1.41279262875696,1.44328588911115,0.00177777622598739,1.37271784472397,1.51133470206501,1.44328588911115,0.00177777622598739,1.37271784472397,1.51133470206501,0.913198715652985,0.00183574851942296,0.843760346292788,0.983724694027598,0.913198715652985,0.00183574851942296,0.843760346292788,0.983724694027598,0.638561528102487,0.00150856525329916,0.575140303836166,0.702685299077386,0.638561528102487,0.00150856525329916,0.575140303836166,0.702685299077386,0.98106130480862,0.00163729967050692,0.914122943362643,1.04779593521355,0.98106130480862,0.00163729967050692,0.914122943362643,1.04779593521355
"high-small","none",2,"continuous",49,153,2064786,81584,1,1,1,1,1.41279262875696,0.999971137611845,0.896043591675823,1.41279262875696,1.35425214479833,0.00163881063978295,1.28649875544253,1.41958638572435,1.35425214479833,0.00163881063978295,1.28649875544253,1.41958638572435,0.796023855758629,0.00169222888518343,0.729354431400926,0.86373529779967,0.796023855758629,0.00169222888518343,0.729354431400926,0.86373529779967,0.588667056811321,0.00139062841488928,0.527775446542758,0.650233484556367,0.588667056811321,0.00139062841488928,0.527775446542758,0.650233484556367,0.989236095169594,0.00150929497640054,0.924969071571812,1.05331122177466,0.989236095169594,0.00150929497640054,0.924969071571812,1.05331122177466
"high-small","none",2,"continuous",49,154,2064786,13874752,1,1,1,1,1.41279262875696,0.999971137611845,0.896043591675823,1.41279262875696,1.41646906130387,0.00167068723034432,1.34805982604489,1.48243561602067,1.41646906130387,0.00167068723034432,1.34805982604489,1.48243561602067,0.874969604471028,0.00172522602027241,0.807653069839378,0.943337642204751,0.874969604471028,0.00172522602027241,0.807653069839378,0.943337642204751,0.704690840047207,0.00141774574653307,0.64320818745305,0.766854692996734,0.704690840047207,0.00141774574653307,0.64320818745305,0.766854692996734,1.04873769698027,0.00153872801378912,0.983845811514545,1.11343273447374,1.04873769698027,0.00153872801378912,0.983845811514545,1.11343273447374
"high-small","none",2,"continuous",49,155,2064786,10153488,1,1,1,1,1.41279262875696,0.999971137611845,0.896043591675823,1.41279262875696,1.44197941596019,0.00192667200441155,1.36851579672963,1.51282035894072,1.44197941596019,0.00192667200441155,1.36851579672963,1.51282035894072,0.886067787393324,0.00198946261413978,0.813780442664091,0.959486429052556,0.886067787393324,0.00198946261413978,0.813780442664091,0.959486429052556,0.630491982062619,0.00163488450517236,0.564468903859738,0.69724651709298,0.630491982062619,0.00163488450517236,0.564468903859738,0.69724651709298,1.02488969385254,0.00177439639797214,0.955206162067604,1.0943636358685,1.02488969385254,0.00177439639797214,0.955206162067604,1.0943636358685
"high-small","none",2,"continuous",49,156,2064786,15196642,1,1,1,1,1.41279262875696,0.999971137611845,0.896043591675823,1.41279262875696,1.39764308373503,0.00148637991328543,1.33311730715086,1.45986507146901,1.39764308373503,0.00148637991328543,1.33311730715086,1.45986507146901,0.900309430845036,0.00153489678886069,0.836815303374644,0.964797905122241,0.900309430845036,0.00153489678886069,0.836815303374644,0.964797905122241,0.597179228072098,0.00126133477166245,0.539187494573633,0.655813875495787,0.597179228072098,0.00126133477166245,0.539187494573633,0.655813875495787,0.955407735477619,0.00136897076514754,0.894199507443606,1.01642902954994,0.955407735477619,0.00136897076514754,0.894199507443606,1.01642902954994
"high-small","none",2,"continuous",49,157,2064786,7191297,1,1,1,1,1.41279262875696,0.999971137611845,0.896043591675823,1.41279262875696,1.40152396857646,0.00175027045464511,1.33150401736758,1.46904421512745,1.40152396857646,0.00175027045464511,1.33150401736758,1.46904421512745,0.82421372797109,0.00180730014262252,0.755315248123158,0.89419016472396,0.82421372797109,0.00180730014262252,0.755315248123158,0.89419016472396,0.635770151918088,0.00148518851850908,0.572841985475523,0.699394966879107,0.635770151918088,0.00148518851850908,0.572841985475523,0.699394966879107,0.952223703373911,0.00161192770703259,0.885806626305038,1.0184402401682,0.952223703373911,0.00161192770703259,0.885806626305038,1.0184402401682
"high-small","none",2,"continuous",49,158,2064786,13965516,1,1,1,1,1.41279262875696,0.999971137611845,0.896043591675823,1.41279262875696,1.39903904430419,0.00171079114356681,1.32981334391936,1.46579330872948,1.39903904430419,0.00171079114356681,1.32981334391936,1.46579330872948,0.898325175880746,0.00176658867020078,0.830207244142146,0.967509662575835,0.898325175880746,0.00176658867020078,0.830207244142146,0.967509662575835,0.633436124299948,0.00145173236755257,0.571221038396598,0.696340483390961,0.633436124299948,0.00145173236755257,0.571221038396598,0.696340483390961,0.980324916773458,0.00157561637784077,0.914659659211412,1.04579054345615,0.980324916773458,0.00157561637784077,0.914659659211412,1.04579054345615
"high-small","none",2,"continuous",49,159,2064786,11251993,1,1,1,1,1.41279262875696,0.999971137611845,0.896043591675823,1.41279262875696,1.480699140656,0.00159827525740752,1.41378849792165,1.54522090930223,1.480699140656,0.00159827525740752,1.41378849792165,1.54522090930223,0.958724473161135,0.00165047249324604,0.892883145634219,1.0255966200394,0.958724473161135,0.00165047249324604,0.892883145634219,1.0255966200394,0.688836199408366,0.00135631188032309,0.628700480385173,0.749638230836826,0.688836199408366,0.00135631188032309,0.628700480385173,0.749638230836826,0.987123870009548,0.00147205458089574,0.923652150744605,1.05039973465686,0.987123870009548,0.00147205458089574,0.923652150744605,1.05039973465686
"high-small","none",2,"continuous",49,160,2064786,14817507,1,1,1,1,1.41279262875696,0.999971137611845,0.896043591675823,1.41279262875696,1.40059808271728,0.00171326620969985,1.33132254974421,1.46740021195946,1.40059808271728,0.00171326620969985,1.33132254974421,1.46740021195946,0.937784348990372,0.00176917507093713,0.869616449015959,1.00701951437536,0.937784348990372,0.00176917507093713,0.869616449015959,1.00701951437536,0.611013294252112,0.00145385854235266,0.548752989858479,0.673964010516352,0.611013294252112,0.00145385854235266,0.548752989858479,0.673964010516352,1.03160132412419,0.00157792222969432,0.965888254513227,1.09711512230201,1.03160132412419,0.00157792222969432,0.965888254513227,1.09711512230201
"high-small","none",2,"continuous",49,161,2064786,2912409,1,1,1,1,1.41279262875696,0.999971137611845,0.896043591675823,1.41279262875696,1.3812061273627,0.00178680179190277,1.31045902345468,1.44942771167017,1.3812061273627,0.00178680179190277,1.31045902345468,1.44942771167017,0.886990348651441,0.00184504480272116,0.817376491794101,0.957694609199287,0.886990348651441,0.00184504480272116,0.817376491794101,0.957694609199287,0.670069247006055,0.0015162040033309,0.606487311644058,0.734354852595531,0.670069247006055,0.0015162040033309,0.606487311644058,0.734354852595531,0.936059549694692,0.00164559252926964,0.868951434623858,1.00296233982108,0.936059549694692,0.00164559252926964,0.868951434623858,1.00296233982108
"high-small","none",2,"continuous",49,162,2064786,12115101,1,1,1,1,1.41279262875696,0.999971137611845,0.896043591675823,1.41279262875696,1.47971361570134,0.00182240325414119,1.40826536924597,1.54861117180991,1.47971361570134,0.00182240325414119,1.40826536924597,1.54861117180991,0.936506167793212,0.00188184626978523,0.866201279280391,1.00791204530961,0.936506167793212,0.00188184626978523,0.866201279280391,1.00791204530961,0.651476950745443,0.00154644753183457,0.587264419448774,0.716400934928775,0.651476950745443,0.00154644753183457,0.587264419448774,0.716400934928775,1.01158226316581,0.00167841419983551,0.943808672724106,1.07914960423357,1.01158226316581,0.00167841419983551,0.943808672724106,1.07914960423357
"high-small","none",2,"continuous",49,163,2064786,1367698,1,1,1,1,1.41279262875696,0.999971137611845,0.896043591675823,1.41279262875696,1.41077060473319,0.00185267918779191,1.33873114187296,1.48023844746148,1.41077060473319,0.00185267918779191,1.33873114187296,1.48023844746148,0.888449946146061,0.00191305575878162,0.817564666595976,0.960445530757441,0.888449946146061,0.00191305575878162,0.817564666595976,0.960445530757441,0.660426210010512,0.00157209345666415,0.595683090050795,0.725885949192626,0.660426210010512,0.00157209345666415,0.595683090050795,0.725885949192626,0.952455848048362,0.00170625074122268,0.884122419971791,1.02058102488411,0.952455848048362,0.00170625074122268,0.884122419971791,1.02058102488411
"high-small","none",2,"continuous",49,164,2064786,15870519,1,1,1,1,1.41279262875696,0.999971137611845,0.896043591675823,1.41279262875696,1.39930416862998,0.00170101377590957,1.33027677137184,1.46586694182184,1.39930416862998,0.00170101377590957,1.33027677137184,1.46586694182184,0.848836518130915,0.00175650572532276,0.780912633380244,0.917821751436065,0.848836518130915,0.00175650572532276,0.780912633380244,0.917821751436065,0.678853207631276,0.00144344975414053,0.616815673770291,0.741577920825483,0.678853207631276,0.00144344975414053,0.616815673770291,0.741577920825483,1.02116266348002,0.00156662556138394,0.95568547568075,1.08644200201603,1.02116266348002,0.00156662556138394,0.95568547568075,1.08644200201603
"high-small","none",2,"continuous",49,165,2064786,3752499,1,1,1,1,1.41279262875696,0.999971137611845,0.896043591675823,1.41279262875696,1.41853498372455,0.00166124664788008,1.35031906096377,1.48431537730151,1.41853498372455,0.00166124664788008,1.35031906096377,1.48431537730151,0.91565599225401,0.00171547126784374,0.848530550865879,0.983831670730238,0.91565599225401,0.00171547126784374,0.848530550865879,0.983831670730238,0.6863289509009,0.00140972685263762,0.625020443618135,0.748316627368462,0.6863289509009,0.00140972685263762,0.625020443618135,0.748316627368462,1.00052785838137,0.0015300267500077,0.935819066548856,1.06503869965473,1.00052785838137,0.0015300267500077,0.935819066548856,1.06503869965473
"high-small","none",2,"continuous",49,166,2064786,10474994,1,1,1,1,1.41279262875696,0.999971137611845,0.896043591675823,1.41279262875696,1.45506983649723,0.00161920160036166,1.38772304047264,1.52001172575805,1.45506983649723,0.00161920160036166,1.38772304047264,1.52001172575805,0.896550019311199,0.00167209644786649,0.830277904729724,0.963856810563691,0.896550019311199,0.00167209644786649,0.830277904729724,0.963856810563691,0.721597240245519,0.00137408638234504,0.661068760463129,0.782796627072617,0.721597240245519,0.00137408638234504,0.661068760463129,0.782796627072617,1.08131543606969,0.00149134253310879,1.01743033548124,1.14500621541113,1.08131543606969,0.00149134253310879,1.01743033548124,1.14500621541113
"high-small","none",2,"continuous",49,167,2064786,12197699,1,1,1,1,1.41279262875696,0.999971137611845,0.896043591675823,1.41279262875696,1.30639308563947,0.00170637948073036,1.23725671078022,1.37306111784083,1.30639308563947,0.00170637948073036,1.23725671078022,1.37306111784083,0.873518283300852,0.00176203558401709,0.805488006323095,0.942612918004209,0.873518283300852,0.00176203558401709,0.805488006323095,0.942612918004209,0.68864280160945,0.00144799166277438,0.626507584151377,0.751465879805007,0.68864280160945,0.00144799166277438,0.626507584151377,0.751465879805007,0.967636524763718,0.0015715577225803,0.902055551802319,1.03301732455716,0.967636524763718,0.0015715577225803,0.902055551802319,1.03301732455716
"high-small","none",2,"continuous",49,168,2064786,9398315,1,1,1,1,1.41279262875696,0.999971137611845,0.896043591675823,1.41279262875696,1.40680799621737,0.00162620114784075,1.33931532690479,1.47189101815503,1.40680799621737,0.00162620114784075,1.33931532690479,1.47189101815503,0.920354927269947,0.00167928772739038,0.853941282360769,0.987807947078765,0.920354927269947,0.00167928772739038,0.853941282360769,0.987807947078765,0.707544165821691,0.00137999164507296,0.646885545593772,0.768874490480729,0.707544165821691,0.00137999164507296,0.646885545593772,0.768874490480729,0.970002734525255,0.00149775558238656,0.905979442881494,1.03382879931576,0.970002734525255,0.00149775558238656,0.905979442881494,1.03382879931576
"high-small","none",2,"continuous",49,169,2064786,13691617,1,1,1,1,1.41279262875696,0.999971137611845,0.896043591675823,1.41279262875696,1.40590737820101,0.00173184374852553,1.33625727710839,1.47307059216902,1.40590737820101,0.00173184374852553,1.33625727710839,1.47307059216902,0.927219020590164,0.00178837842864306,0.858681813342271,0.996828012591965,0.927219020590164,0.00178837842864306,0.858681813342271,0.996828012591965,0.681867759663375,0.00146964106591299,0.619270147546553,0.745159159519429,0.681867759663375,0.00146964106591299,0.619270147546553,0.745159159519429,1.05532261562721,0.0015950520259491,0.98925359537259,1.1211907883559,1.05532261562721,0.0015950520259491,0.98925359537259,1.1211907883559
"high-small","none",2,"continuous",49,170,2064786,6401031,1,1,1,1,1.41279262875696,0.999971137611845,0.896043591675823,1.41279262875696,1.44646208340035,0.00181162275452963,1.37522584920311,1.51515483980066,1.44646208340035,0.00181162275452963,1.37522584920311,1.51515483980066,0.900546020215343,0.00187072850895931,0.830448533002368,0.971739410237272,0.900546020215343,0.00187072850895931,0.830448533002368,0.971739410237272,0.652863444625546,0.00153731451311059,0.588840909339436,0.717595676477817,0.652863444625546,0.00153731451311059,0.588840909339436,0.717595676477817,1.07258541535295,0.0016684988351953,1.00501316732561,1.13995420567143,1.07258541535295,0.0016684988351953,1.00501316732561,1.13995420567143
"high-small","none",2,"continuous",49,171,2064786,610013,1,1,1,1,1.41279262875696,0.999971137611845,0.896043591675823,1.41279262875696,1.40266283639621,0.00180737202149859,1.33150994491958,1.47127544347823,1.40266283639621,0.00180737202149859,1.33150994491958,1.47127544347823,0.872464558818886,0.00186630858897659,0.80245016626745,0.943573958431868,0.872464558818886,0.00186630858897659,0.80245016626745,0.943573958431868,0.686768772241769,0.0015336809344635,0.622821527558976,0.751424056802044,0.686768772241769,0.0015336809344635,0.622821527558976,0.751424056802044,1.00316713898134,0.00166455818614961,0.935674125558757,1.07045545586369,1.00316713898134,0.00166455818614961,0.935674125558757,1.07045545586369
"high-small","none",2,"continuous",49,172,2064786,11683851,1,1,1,1,1.41279262875696,0.999971137611845,0.896043591675823,1.41279262875696,1.3305711294998,0.00157096830184236,1.26423469431967,1.39453905263466,1.3305711294998,0.00157096830184236,1.26423469431967,1.39453905263466,0.873088595876658,0.00162224249923036,0.80781253356293,0.939385529937461,0.873088595876658,0.00162224249923036,0.80781253356293,0.939385529937461,0.689913210392465,0.00133311448665215,0.630293745323288,0.750192897661044,0.689913210392465,0.00133311448665215,0.630293745323288,0.750192897661044,0.966987304547753,0.00144687703115221,0.904061308554012,1.0297206489923,0.966987304547753,0.00144687703115221,0.904061308554012,1.0297206489923
"high-small","none",2,"continuous",49,173,2064786,6886225,1,1,1,1,1.41279262875696,0.999971137611845,0.896043591675823,1.41279262875696,1.41799376622308,0.00161519780248044,1.35072985113158,1.48285621321386,1.41799376622308,0.00161519780248044,1.35072985113158,1.48285621321386,0.914847434932748,0.00166791825803048,0.848659033532006,0.982071860497429,0.914847434932748,0.00166791825803048,0.848659033532006,0.982071860497429,0.678891255983485,0.0013706483687743,0.618438446014667,0.740013668984069,0.678891255983485,0.0013706483687743,0.618438446014667,0.740013668984069,0.971248278366768,0.00148761426377421,0.907442387016816,1.03485829842976,0.971248278366768,0.00148761426377421,0.907442387016816,1.03485829842976
"high-small","none",2,"continuous",49,174,2064786,4178185,1,1,1,1,1.41279262875696,0.999971137611845,0.896043591675823,1.41279262875696,1.42724056169784,0.00148441634823146,1.36275753419607,1.48942115599759,1.42724056169784,0.00148441634823146,1.36275753419607,1.48942115599759,0.932393778732397,0.00153290436653019,0.868940619890348,0.996839966601468,0.932393778732397,0.00153290436653019,0.868940619890348,0.996839966601468,0.629133200404445,0.00125969872166166,0.571179132019311,0.687729966130399,0.629133200404445,0.00125969872166166,0.571179132019311,0.687729966130399,1.00081202790444,0.00136719469495529,0.939643316697854,1.06179342836594,1.00081202790444,0.00136719469495529,0.939643316697854,1.06179342836594
"high-small","none",2,"continuous",49,175,2064786,4847262,1,1,1,1,1.41279262875696,0.999971137611845,0.896043591675823,1.41279262875696,1.41442059933197,0.00156490091933349,1.34821216026543,1.47826524741927,1.41442059933197,0.00156490091933349,1.34821216026543,1.47826524741927,0.85598292766532,0.00161597205867004,0.790833150334159,0.922151422443422,0.85598292766532,0.00161597205867004,0.790833150334159,0.922151422443422,0.725848045032255,0.00132796149010376,0.666343648164007,0.786010914981147,0.725848045032255,0.00132796149010376,0.666343648164007,0.786010914981147,0.935486417627993,0.00144128593114952,0.872681668530285,0.998097796038384,0.935486417627993,0.00144128593114952,0.872681668530285,0.998097796038384
"high-small","none",2,"continuous",49,176,2064786,8783701,1,1,1,1,1.41279262875696,0.999971137611845,0.896043591675823,1.41279262875696,1.32816362276845,0.00163694006298955,1.26044863240603,1.3934610383058,1.32816362276845,0.00163694006298955,1.26044863240603,1.3934610383058,0.845853356711214,0.00169031212677078,0.779222116633843,0.913527368990413,0.845853356711214,0.00169031212677078,0.779222116633843,0.913527368990413,0.62282361754564,0.00138905103164619,0.561966373354297,0.684354912493346,0.62282361754564,0.00138905103164619,0.561966373354297,0.684354912493346,0.952083905510454,0.00150758593502646,0.887852150917676,1.01612103072328,0.952083905510454,0.00150758593502646,0.887852150917676,1.01612103072328
"high-small","none",2,"continuous",49,177,2064786,13411405,1,1,1,1,1.41279262875696,0.999971137611845,0.896043591675823,1.41279262875696,1.42435819036947,0.00165540786955572,1.35626230774069,1.49002283180358,1.42435819036947,0.00165540786955572,1.35626230774069,1.49002283180358,0.912731918027884,0.00170943356058156,0.845724759447964,0.98078771216115,0.912731918027884,0.00170943356058156,0.845724759447964,0.98078771216115,0.650084276216729,0.00140476500817576,0.588883922292863,0.711962854635213,0.650084276216729,0.00140476500817576,0.588883922292863,0.711962854635213,1.00412531980328,0.00152464055960715,0.939530869815104,1.06852300286234,1.00412531980328,0.00152464055960715,0.939530869815104,1.06852300286234
"high-small","none",2,"continuous",49,178,2064786,12027175,1,1,1,1,1.41279262875696,0.999971137611845,0.896043591675823,1.41279262875696,1.41171878185968,0.00169266253135099,1.34286083836118,1.47811837111466,1.41171878185968,0.00169266253135099,1.34286083836118,1.47811837111466,0.895406572093466,0.00174788139144963,0.827650134713381,0.964223458242175,0.895406572093466,0.00174788139144963,0.827650134713381,0.964223458242175,0.655271998186759,0.00143635992425991,0.593387107536839,0.717842421854203,0.655271998186759,0.00143635992425991,0.593387107536839,0.717842421854203,0.986368069746955,0.00155893223964193,0.921051279022581,1.05148600510064,0.986368069746955,0.00155893223964193,0.921051279022581,1.05148600510064
"high-small","none",2,"continuous",49,179,2064786,3269887,1,1,1,1,1.41279262875696,0.999971137611845,0.896043591675823,1.41279262875696,1.41985910561472,0.00163645213652845,1.35215405517274,1.48514702845862,1.41985910561472,0.00163645213652845,1.35215405517274,1.48514702845862,0.827236512656802,0.0016898062428676,0.760615136112883,0.894900000780821,0.827236512656802,0.0016898062428676,0.760615136112883,0.894900000780821,0.651616446903587,0.00138863579690801,0.590768101141593,0.713138426842016,0.651616446903587,0.00138863579690801,0.590768101141593,0.713138426842016,0.943270716631142,0.00150713595210252,0.879048403156978,1.00729810647965,0.943270716631142,0.00150713595210252,0.879048403156978,1.00729810647965
"high-small","none",2,"continuous",49,180,2064786,1976778,1,1,1,1,1.41279262875696,0.999971137611845,0.896043591675823,1.41279262875696,1.45139627741432,0.00155558686934281,1.38538556907593,1.5150499168451,1.45139627741432,0.00155558686934281,1.38538556907593,1.5150499168451,0.96237182062698,0.0016064192244292,0.897414741358416,1.02834482897995,0.96237182062698,0.0016064192244292,0.897414741358416,1.02834482897995,0.681097531038608,0.00132011219477452,0.621769959652866,0.741082981769253,0.681097531038608,0.00132011219477452,0.621769959652866,0.741082981769253,1.04631199023732,0.00143276365568314,0.98369347485414,1.10873829434326,1.04631199023732,0.00143276365568314,0.98369347485414,1.10873829434326
"high-small","none",2,"continuous",49,181,2064786,7330606,1,1,1,1,1.41279262875696,0.999971137611845,0.896043591675823,1.41279262875696,1.45415396702549,0.00182056644402127,1.3827415178463,1.5230171554685,1.45415396702549,0.00182056644402127,1.3827415178463,1.5230171554685,0.925439583364533,0.0018799360340368,0.855170557431273,0.996809347537825,0.925439583364533,0.0018799360340368,0.855170557431273,0.996809347537825,0.685802460032953,0.00154487673066619,0.621622230211798,0.750693172923598,0.685802460032953,0.00154487673066619,0.621622230211798,0.750693172923598,0.964394226689912,0.00167671190596171,0.896654375179662,1.03192636542182,0.964394226689912,0.00167671190596171,0.896654375179662,1.03192636542182
"high-small","none",2,"continuous",49,182,2064786,6445089,1,1,1,1,1.41279262875696,0.999971137611845,0.896043591675823,1.41279262875696,1.39864679657517,0.00169095089330528,1.32982389501081,1.46501242761353,1.39864679657517,0.00169095089330528,1.32982389501081,1.46501242761353,0.871470403480646,0.00174611087332649,0.803748034976177,0.9402519055504,0.871470403480646,0.00174611087332649,0.803748034976177,0.9402519055504,0.632725595650119,0.00143490637738929,0.570872171283902,0.695264515272495,0.632725595650119,0.00143490637738929,0.570872171283902,0.695264515272495,1.01725343813165,0.00155735262438337,0.951970438437242,1.08233941756767,1.01725343813165,0.00155735262438337,0.951970438437242,1.08233941756767
"high-small","none",2,"continuous",49,183,2064786,13702014,1,1,1,1,1.41279262875696,0.999971137611845,0.896043591675823,1.41279262875696,1.38878629416444,0.00165852296168503,1.32062626791983,1.45451289383522,1.38878629416444,0.00165852296168503,1.32062626791983,1.45451289383522,0.913853192039487,0.00171263769915469,0.846783475499241,0.981973129690566,0.913853192039487,0.00171263769915469,0.846783475499241,0.981973129690566,0.64885779345058,0.00140739695996554,0.587600054438162,0.710794181095217,0.64885779345058,0.00140739695996554,0.587600054438162,0.710794181095217,0.973650613353414,0.00152749824464526,0.908995390073598,1.03810821383138,0.973650613353414,0.00152749824464526,0.908995390073598,1.03810821383138
"high-small","none",2,"continuous",49,184,2064786,7184629,1,1,1,1,1.41279262875696,0.999971137611845,0.896043591675823,1.41279262875696,1.3301911689922,0.0018369904840824,1.25845752450335,1.39936388806185,1.3301911689922,0.0018369904840824,1.25845752450335,1.39936388806185,0.880178828133971,0.0018968800619627,0.809593552777976,0.951868649183351,0.880178828133971,0.0018968800619627,0.809593552777976,0.951868649183351,0.704613979963295,0.00155880242926094,0.640144961661665,0.769796432061601,0.704613979963295,0.00155880242926094,0.640144961661665,0.769796432061601,0.971457137681969,0.00169182542444397,0.903413058098689,1.03929358290552,0.971457137681969,0.00169182542444397,0.903413058098689,1.03929358290552
"high-small","none",2,"continuous",49,185,2064786,2258407,1,1,1,1,1.41279262875696,0.999971137611845,0.896043591675823,1.41279262875696,1.39405640259903,0.00175225871614171,1.32399698842564,1.46161442841904,1.39405640259903,0.00175225871614171,1.32399698842564,1.46161442841904,0.826308855843279,0.00180937990242349,0.757370361719706,0.896324892178569,0.826308855843279,0.00180937990242349,0.757370361719706,0.896324892178569,0.631562772980507,0.00148689972150493,0.568598573336833,0.695224520678305,0.631562772980507,0.00148689972150493,0.568598573336833,0.695224520678305,1.0116477143682,0.00161378240780882,0.945193010315766,1.0779031948537,1.0116477143682,0.00161378240780882,0.945193010315766,1.0779031948537
"high-small","none",2,"continuous",49,186,2064786,8552593,1,1,1,1,1.41279262875696,0.999971137611845,0.896043591675823,1.41279262875696,1.40140107440008,0.00158299588197338,1.3348114281738,1.46561295090442,1.40140107440008,0.00158299588197338,1.3348114281738,1.46561295090442,0.89382854818468,0.00163469113456106,0.828302174270298,0.960378894138808,0.89382854818468,0.00163469113456106,0.828302174270298,0.960378894138808,0.678367636286239,0.00134334621943,0.618520113602669,0.738878548505531,0.678367636286239,0.00134334621943,0.618520113602669,0.738878548505531,1.04188190560606,0.00145797944964141,0.978715468508101,1.10485624875615,1.04188190560606,0.00145797944964141,0.978715468508101,1.10485624875615
"high-small","none",2,"continuous",49,187,2064786,1487553,1,1,1,1,1.41279262875696,0.999971137611845,0.896043591675823,1.41279262875696,1.49073334723265,0.00165673030225789,1.42260997779484,1.55642466253029,1.49073334723265,0.00165673030225789,1.42260997779484,1.55642466253029,0.918531435520381,0.00171080708538285,0.851497426603043,0.986614509238361,0.918531435520381,0.00171080708538285,0.851497426603043,0.986614509238361,0.715091810826057,0.0014058932725621,0.653866523131051,0.776994974388126,0.715091810826057,0.0014058932725621,0.653866523131051,0.776994974388126,0.969831069361674,0.00152586779389943,0.905209732526813,1.03425336214409,0.969831069361674,0.00152586779389943,0.905209732526813,1.03425336214409
"high-small","none",2,"continuous",49,188,2064786,6096859,1,1,1,1,1.41279262875696,0.999971137611845,0.896043591675823,1.41279262875696,1.42591495304632,0.0016537044446329,1.35785422735508,1.49154552757287,1.42591495304632,0.0016537044446329,1.35785422735508,1.49154552757287,0.816525482359364,0.00170765434252658,0.749552599741367,0.88454411055702,0.816525482359364,0.00170765434252658,0.749552599741367,0.88454411055702,0.69318217725168,0.00140330597512804,0.632013261308287,0.755028484963585,0.69318217725168,0.00140330597512804,0.632013261308287,0.755028484963585,1.01243936876137,0.00152305615370564,0.947879122204508,1.07680464439144,1.01243936876137,0.00152305615370564,0.947879122204508,1.07680464439144
"high-small","none",2,"continuous",49,189,2064786,14029654,1,1,1,1,1.41279262875696,0.999971137611845,0.896043591675823,1.41279262875696,1.43777147852107,0.00178017359166872,1.36715615273,1.50586563955971,1.43777147852107,0.00178017359166872,1.36715615273,1.50586563955971,0.913722532094925,0.00183824266489544,0.84423667979174,0.984295861058272,0.913722532094925,0.00183824266489544,0.84423667979174,0.984295861058272,0.623109984190168,0.00151061672062873,0.559645881570123,0.687277616838599,0.623109984190168,0.00151061672062873,0.559645881570123,0.687277616838599,1.03572070840009,0.00163952369645359,0.968737516400624,1.10250156868637,1.03572070840009,0.00163952369645359,0.968737516400624,1.10250156868637
"high-small","none",2,"continuous",49,190,2064786,14620947,1,1,1,1,1.41279262875696,0.999971137611845,0.896043591675823,1.41279262875696,1.43919775989211,0.00180926016060631,1.3680078488831,1.50784613982951,1.43919775989211,0.00180926016060631,1.3680078488831,1.50784613982951,0.945956900214883,0.00186825634134947,0.875906549304872,1.01710526017449,0.945956900214883,0.00186825634134947,0.875906549304872,1.01710526017449,0.553311218489477,0.00153527872479949,0.489331508142308,0.61800060961305,0.553311218489477,0.00153527872479949,0.489331508142308,0.61800060961305,1.01603302739908,0.00166629016427181,0.948505326249593,1.08335679435576,1.01603302739908,0.00166629016427181,0.948505326249593,1.08335679435576
"high-small","none",2,"continuous",49,191,2064786,88140,1,1,1,1,1.41279262875696,0.999971137611845,0.896043591675823,1.41279262875696,1.45818704444423,0.00162287694619921,1.39076338085683,1.52320364397462,1.45818704444423,0.00162287694619921,1.39076338085683,1.52320364397462,0.885181397429493,0.00167581884307082,0.818836495998856,0.952564938904954,0.885181397429493,0.00167581884307082,0.818836495998856,0.952564938904954,0.641830202029712,0.00137714047937534,0.581234452716157,0.703097169893395,0.641830202029712,0.00137714047937534,0.581234452716157,0.703097169893395,0.958340714208597,0.00149465971174322,0.894384399880667,1.02210192423325,0.958340714208597,0.00149465971174322,0.894384399880667,1.02210192423325
"high-small","none",2,"continuous",49,192,2064786,6153098,1,1,1,1,1.41279262875696,0.999971137611845,0.896043591675823,1.41279262875696,1.43516496649946,0.00178636616656755,1.3644263721836,1.50337854706481,1.43516496649946,0.00178636616656755,1.3644263721836,1.50337854706481,0.927759005383422,0.00184458600947133,0.858154288797123,0.998455787631223,0.927759005383422,0.00184458600947133,0.858154288797123,0.998455787631223,0.609327803221729,0.00151582444401618,0.545754157533423,0.673605453325464,0.609327803221729,0.00151582444401618,0.545754157533423,0.673605453325464,0.916907643430644,0.00164518081065456,0.849807787611682,0.983801767947259,0.916907643430644,0.00164518081065456,0.849807787611682,0.983801767947259
"high-small","none",2,"continuous",49,193,2064786,7845441,1,1,1,1,1.41279262875696,0.999971137611845,0.896043591675823,1.41279262875696,1.40256219535075,0.00158391128246544,1.33595329944631,1.46679269510567,1.40256219535075,0.00158391128246544,1.33595329944631,1.46679269510567,0.916685193988303,0.00163563180473399,0.851140194320059,0.983255329795894,0.916685193988303,0.00163563180473399,0.851140194320059,0.983255329795894,0.635794701539005,0.00134411815021846,0.575930194234976,0.696323077643952,0.635794701539005,0.00134411815021846,0.575930194234976,0.696323077643952,1.03711188446667,0.00145881691857718,0.973927390935762,1.1001043862051,1.03711188446667,0.00145881691857718,0.973927390935762,1.1001043862051
"high-small","none",2,"continuous",49,194,2064786,15449876,1,1,1,1,1.41279262875696,0.999971137611845,0.896043591675823,1.41279262875696,1.4144270172631,0.00170993251044356,1.34521843702767,1.48116492597324,1.4144270172631,0.00170993251044356,1.34521843702767,1.48116492597324,0.866948041176421,0.00176568687093358,0.798847510877114,0.936114539855809,0.866948041176421,0.00176568687093358,0.798847510877114,0.936114539855809,0.686592979855879,0.00145099110046124,0.624393334235411,0.749480934146656,0.686592979855879,0.00145099110046124,0.624393334235411,0.749480934146656,0.934615664550821,0.00157481438059309,0.868966533908938,1.00006381047273,0.934615664550821,0.00157481438059309,0.868966533908938,1.00006381047273
"high-small","none",2,"continuous",49,195,2064786,12060318,1,1,1,1,1.41279262875696,0.999971137611845,0.896043591675823,1.41279262875696,1.38067134932537,0.00163809368649856,1.31293266353879,1.44599132123589,1.38067134932537,0.00163809368649856,1.31293266353879,1.44599132123589,0.943915422268696,0.00169159562166465,0.87725854305628,1.01161478440854,0.943915422268696,0.00169159562166465,0.87725854305628,1.01161478440854,0.695140996904302,0.00139010756674153,0.63426074427491,0.756696025332693,0.695140996904302,0.00139010756674153,0.63426074427491,0.756696025332693,1.04060284243451,0.00150873238858963,0.97634586772123,1.10466309066141,1.04060284243451,0.00150873238858963,0.97634586772123,1.10466309066141
"high-small","none",2,"continuous",49,196,2064786,16280846,1,1,1,1,1.41279262875696,0.999971137611845,0.896043591675823,1.41279262875696,1.44492289726551,0.00176216606580179,1.37466548863396,1.51267193724486,1.44492289726551,0.00176216606580179,1.37466548863396,1.51267193724486,0.844556529633678,0.00181963364388127,0.775422955024798,0.91477053046839,0.844556529633678,0.00181963364388127,0.775422955024798,0.91477053046839,0.698297664015963,0.00149532595080781,0.635155009236725,0.762139373865293,0.698297664015963,0.00149532595080781,0.635155009236725,0.762139373865293,1.00442593310537,0.00162292979952483,0.937782332086876,1.07086773062289,1.00442593310537,0.00162292979952483,0.937782332086876,1.07086773062289
"high-small","none",2,"continuous",49,197,2064786,790995,1,1,1,1,1.41279262875696,0.999971137611845,0.896043591675823,1.41279262875696,1.37111191241104,0.00171843281443481,1.30173214007692,1.43801442817274,1.37111191241104,0.00171843281443481,1.30173214007692,1.43801442817274,0.848749354957606,0.00177447824073827,0.780478916046588,0.918086875319621,0.848749354957606,0.00177447824073827,0.780478916046588,0.918086875319621,0.62564429948204,0.00145821888224521,0.563290471129404,0.688689244926864,0.62564429948204,0.00145821888224521,0.563290471129404,0.688689244926864,1.03496174425476,0.00158265336989271,0.969151063910224,1.10057501831967,1.03496174425476,0.00158265336989271,0.969151063910224,1.10057501831967
"high-small","none",2,"continuous",49,198,2064786,1918026,1,1,1,1,1.41279262875696,0.999971137611845,0.896043591675823,1.41279262875696,1.367933469384,0.00168879532366462,1.29915418375323,1.43425720496265,1.367933469384,0.00168879532366462,1.29915418375323,1.43425720496265,0.92590858343017,0.00174390575333186,0.858229352243551,0.994647434253743,0.92590858343017,0.00174390575333186,0.858229352243551,0.994647434253743,0.681386474746745,0.00143309228029335,0.619571942258804,0.743885636968689,0.681386474746745,0.00143309228029335,0.619571942258804,0.743885636968689,0.97800711607449,0.0015553870621637,0.912764034304712,1.04305005473313,0.97800711607449,0.0015553870621637,0.912764034304712,1.04305005473313
"high-small","none",2,"continuous",49,199,2064786,5559468,1,1,1,1,1.41279262875696,0.999971137611845,0.896043591675823,1.41279262875696,1.40420705199389,0.0014597347813334,1.34026229212606,1.46586860854989,1.40420705199389,0.0014597347813334,1.34026229212606,1.46586860854989,0.900817652360173,0.00150741151646573,0.837894250357523,0.964725349807375,0.900817652360173,0.00150741151646573,0.837894250357523,0.964725349807375,0.658159377574181,0.00123874973499294,0.600688997200919,0.716266718926599,0.658159377574181,0.00123874973499294,0.600688997200919,0.716266718926599,0.978135116528309,0.00134445876325219,0.917477001544033,1.03860716993067,0.978135116528309,0.00134445876325219,0.917477001544033,1.03860716993067
"high-small","none",2,"continuous",49,200,2064786,7587224,1,1,1,1,1.41279262875696,0.999971137611845,0.896043591675823,1.41279262875696,1.43331905876208,0.00166427014150251,1.36504115476084,1.49915929956972,1.43331905876208,0.00166427014150251,1.36504115476084,1.49915929956972,0.91915843733088,0.00171856786800863,0.851972712226987,0.987396408404445,0.91915843733088,0.00171856786800863,0.851972712226987,0.987396408404445,0.597557464005604,0.00141227025423681,0.536194067895114,0.659601195418473,0.597557464005604,0.00141227025423681,0.536194067895114,0.659601195418473,0.996016105095467,0.0015327856302921,0.931249633841793,1.0605859623732,0.996016105095467,0.0015327856302921,0.931249633841793,1.0605859623732
