"excessvar","re.type","num.re","response","run","rep","design.seed","error.seed","beta_int_true","beta_row_true","beta_col_true","beta_dyad_true","delta_int_true","delta_row_true","delta_col_true","delta_dyad_true","beta_int_mean","beta_int_var","beta_int_5q","beta_int_95q","delta_int_mean","delta_int_var","delta_int_5q","delta_int_95q","beta_row_mean","beta_row_var","beta_row_5q","beta_row_95q","delta_row_mean","delta_row_var","delta_row_5q","delta_row_95q","beta_col_mean","beta_col_var","beta_col_5q","beta_col_95q","delta_col_mean","delta_col_var","delta_col_5q","delta_col_95q","beta_dyad_mean","beta_dyad_var","beta_dyad_5q","beta_dyad_95q","delta_dyad_mean","delta_dyad_var","delta_dyad_5q","delta_dyad_95q"
"ind-small","halfcauchy",2,"binary",10,1,15899212,4338567,1,1,1,1,1.00079274455142,0.975204208286433,1.00060150231147,1.00079274455142,1.06233242537667,0.0339212836332925,0.767858269979338,1.36951181244613,1.07083394701807,0.00915240547770643,0.918850100937852,1.23086232298748,1.14446647907437,0.032036123957501,0.852771610143512,1.4450118740278,1.15858879862717,0.0123183860433423,0.98019614501368,1.34483482208529,1.01534112264529,0.0279569521243039,0.753358590804409,1.30099165743834,1.02579917296601,0.0104248850245978,0.865659324504164,1.20085385353696,0.855458096891287,0.00788056229074655,0.710796602083659,1.00859931897706,0.852658868703553,0.00779682811773347,0.708992288510679,1.00333986390346
"ind-small","halfcauchy",2,"binary",10,2,15899212,10117963,1,1,1,1,1.00079274455142,0.975204208286433,1.00060150231147,1.00079274455142,0.920312624772941,0.0267001186031917,0.651766408703593,1.19979954041643,0.927824822250292,0.007000773082598,0.790583781464992,1.06709914425178,0.933542273565049,0.018617654977934,0.719157066113552,1.16499847788929,0.938908165639589,0.00976658643889699,0.780399963551957,1.10672796767817,0.794124303658143,0.0268579864193399,0.52686780062053,1.06982425844833,0.803233245711305,0.00777463792361701,0.65985823378363,0.95076918899504,0.909986562707574,0.00726954944274654,0.771137590482858,1.05327874513281,0.910255835035836,0.00718630539360863,0.775211945103003,1.05124859088174
"ind-small","halfcauchy",2,"binary",10,3,15899212,1126830,1,1,1,1,1.00079274455142,0.975204208286433,1.00060150231147,1.00079274455142,1.15014986856046,0.0356498261615494,0.850338207714646,1.46698340939733,1.15995917557425,0.00999760666546698,1.00470665440147,1.33336698014132,0.946401173688123,0.025320054905032,0.691772087987134,1.21315485308364,0.958573129332133,0.0104448404926273,0.795551487517886,1.13066310703164,0.922670350947977,0.031970790888333,0.637194009651276,1.21832406529851,0.935073100809968,0.0093899207166089,0.777096594520708,1.0967660260632,1.09909702730785,0.0102831296081434,0.937934632293267,1.26685048464832,1.08776480538083,0.0100262209302796,0.92778834467381,1.24916221231192
"ind-small","halfcauchy",2,"binary",10,4,15899212,14670485,1,1,1,1,1.00079274455142,0.975204208286433,1.00060150231147,1.00079274455142,0.989615490548467,0.0309510777015716,0.70486530585265,1.28516270412604,0.999799833449576,0.0086297676058119,0.849558007803132,1.1617940051214,1.03680514108363,0.0276887754408656,0.76228929537822,1.31131970247059,1.0504292695052,0.0113174478951397,0.87264269477995,1.22903642007393,1.20664431077691,0.0280569223317668,0.935091715547386,1.48826989592311,1.21927195275549,0.0126194080308504,1.03368212420293,1.40500519666259,1.05694717708717,0.0102130405324375,0.895335615041007,1.22846234114015,1.04617875010461,0.00999712773108898,0.890080163216119,1.21759419603824
"ind-small","halfcauchy",2,"binary",10,5,15899212,13411315,1,1,1,1,1.00079274455142,0.975204208286433,1.00060150231147,1.00079274455142,0.990943186820656,0.0363168845008815,0.682094189929078,1.30154066669566,1.00225396957555,0.00870900102985011,0.852543347081676,1.15934719726003,0.955603859649281,0.0257258175353005,0.689961840439799,1.21439742222607,0.967361400526664,0.0103833964791605,0.805239707036728,1.13817532913213,1.07162650593443,0.0345023226444014,0.772631582324185,1.37895933143345,1.08704104165706,0.0107994822299338,0.918030304875303,1.25516985670579,1.03332319836362,0.00932055846471528,0.873079755266852,1.19295040097764,1.01260339593826,0.00900028492234373,0.857648271652017,1.17044502488412
"ind-small","halfcauchy",2,"binary",10,6,15899212,9077374,1,1,1,1,1.00079274455142,0.975204208286433,1.00060150231147,1.00079274455142,1.09284741612896,0.0357082845409051,0.791675895540471,1.40644199894298,1.10197864680798,0.0097292118701238,0.945043054163822,1.26863816344528,0.890639590084204,0.0328599980917161,0.598440618415055,1.19106385391785,0.907287792986315,0.0107916879619969,0.74274584662783,1.08098291134612,1.13385454573168,0.0280297191948353,0.872451943284306,1.40870112123692,1.14595779928996,0.0105451794076005,0.982714598405373,1.31779129015256,0.998799241502796,0.0088480790584515,0.846206355102869,1.15346699246449,0.994428200222158,0.00863616013366291,0.841483855485117,1.15014607914829
"ind-small","halfcauchy",2,"binary",10,7,15899212,7894229,1,1,1,1,1.00079274455142,0.975204208286433,1.00060150231147,1.00079274455142,0.971956109938549,0.023872017513422,0.722295927790364,1.21870667849841,0.980083296915731,0.00752207753418391,0.845161705644924,1.12851933636943,0.96485838765124,0.0267451445600884,0.697961346994499,1.22992678995365,0.978875817012812,0.00991772148062365,0.819452986631748,1.14416640402642,0.978168180226749,0.0178696063241902,0.757333124526503,1.19727131661861,0.982801709783434,0.00878666961127431,0.832931467607701,1.13520313037946,0.9976243334268,0.00869252822502737,0.849531008987874,1.15647387863459,0.987678154492244,0.00840462965982432,0.83870158498301,1.14296321801815
"ind-small","halfcauchy",2,"binary",10,8,15899212,4003024,1,1,1,1,1.00079274455142,0.975204208286433,1.00060150231147,1.00079274455142,1.14165812067258,0.0310718203581931,0.851416343769674,1.43599503230577,1.15134405250584,0.00944261928854194,0.998984335358666,1.3205681652659,1.04981711844531,0.0348226953784482,0.746681842818553,1.36016145641322,1.07133585307653,0.0119401520854484,0.897015764304636,1.25859029370528,1.16645703622839,0.0222819273756912,0.934943603337029,1.42459438157445,1.17377526659754,0.0117776328145331,1.00071020729181,1.35354221096716,1.04074194954344,0.0100536072988576,0.879346281603574,1.21344098566666,1.02189524585912,0.0096667761938348,0.860821427651683,1.18976250824256
"ind-small","halfcauchy",2,"binary",10,9,15899212,11618845,1,1,1,1,1.00079274455142,0.975204208286433,1.00060150231147,1.00079274455142,0.908780630599402,0.0226236208834884,0.675854310538474,1.16068023775786,0.914505823269387,0.00745138575025405,0.777055042707915,1.06111565884521,1.00559471601321,0.0195283551848381,0.789437318232042,1.24278399579307,1.01324901383697,0.0107687127141945,0.84372497895239,1.18521062763034,1.02424144778071,0.0220847901710535,0.789422898411084,1.27260845614773,1.03073850458501,0.00959201893176066,0.874265049312582,1.1949806406035,0.993834645329915,0.00903867052330792,0.840394674126103,1.15304360614865,0.98347991549548,0.00877686107661784,0.831278299117683,1.13750730987342
"ind-small","halfcauchy",2,"binary",10,10,15899212,12523352,1,1,1,1,1.00079274455142,0.975204208286433,1.00060150231147,1.00079274455142,0.990736442396431,0.0283055951789505,0.722232685766111,1.26940659477006,1.00055213478055,0.00866898051784435,0.854353613947578,1.15865475077795,1.08013134180316,0.0289773435500741,0.806489323416846,1.36548052254936,1.09566455751162,0.0121508146028629,0.91209744407151,1.27956518724706,1.04146829232196,0.0232525632626112,0.798865169169406,1.29222911588131,1.0495821968318,0.010055273855408,0.888137719951629,1.21671113431003,1.03431639188055,0.0091972546126447,0.88171292331365,1.20054061763314,1.02407328936507,0.00891145772444263,0.871535027775126,1.18443998349892
"ind-small","halfcauchy",2,"binary",10,11,15899212,10061871,1,1,1,1,1.00079274455142,0.975204208286433,1.00060150231147,1.00079274455142,1.08156730707098,0.0343983395412397,0.784664174712846,1.38556746097693,1.09278391335878,0.00928912111048118,0.940905961706023,1.25928354961741,1.18106650395986,0.0310725584836138,0.895824562722217,1.47283548984918,1.19822454712882,0.0140432972258991,1.01028042869035,1.40032274824147,1.08135594075645,0.0309910655459802,0.800423365049978,1.36648486691608,1.09471686898355,0.0109817325129795,0.924587229333917,1.26475696348935,1.05727659943767,0.0102402889283044,0.899701074496964,1.22876560537013,1.03170398469933,0.0097988829387887,0.87851616604156,1.20242041724154
"ind-small","halfcauchy",2,"binary",10,12,15899212,15422395,1,1,1,1,1.00079274455142,0.975204208286433,1.00060150231147,1.00079274455142,0.898650121373926,0.022567179923713,0.658107492666326,1.14983845802831,0.905765959776708,0.00719326629153402,0.766749016493727,1.05151359604694,1.03802645358274,0.0228267519882846,0.794876478845294,1.28993079381116,1.04867947119243,0.0113558241473555,0.877325721645333,1.22360382343039,0.965482961969071,0.0203733269681389,0.739713683252747,1.20273330195323,0.972263778392469,0.00932989493269659,0.813830906994216,1.13240195487561,0.98830589300138,0.00855896859318837,0.841373771494419,1.14243502542874,0.963700538780093,0.00799809400042282,0.823392619701743,1.11264236099408
"ind-small","halfcauchy",2,"binary",10,13,15899212,16751060,1,1,1,1,1.00079274455142,0.975204208286433,1.00060150231147,1.00079274455142,0.983771015827735,0.0271613734537352,0.718100965344877,1.25175094119593,0.992874139201067,0.00790465753696624,0.851826256268548,1.13979939797792,0.902562506176907,0.0251634609613409,0.64144787474074,1.17297141689942,0.91440496279445,0.0101406269742298,0.75857657328892,1.08603162865106,1.0331082462664,0.0232563673967379,0.787602469166195,1.29196923704745,1.04107438757216,0.00978939305912512,0.881456885267949,1.20524100236662,0.980997002106834,0.00833996466670312,0.831274436194096,1.13234561328579,0.963912942144097,0.00798098632264537,0.817754884221333,1.1143492496816
"ind-small","halfcauchy",2,"binary",10,14,15899212,12668931,1,1,1,1,1.00079274455142,0.975204208286433,1.00060150231147,1.00079274455142,0.875524434081867,0.0270384222700574,0.609291700465286,1.14441747701903,0.883221184436366,0.00713249320800907,0.745852175761,1.03039208753935,0.928210325451788,0.0193247509699695,0.701874642602492,1.1592189365434,0.935416624421644,0.0097695906459851,0.77629436704923,1.09647559003709,0.968927289885962,0.0275750957362752,0.703952523876425,1.24709827234206,0.97884134996005,0.00937074533461835,0.821693310472108,1.13508461466174,0.862481539987177,0.00710316620200771,0.721647518625701,1.00497076215721,0.847690696732483,0.00682852151808189,0.712554259662491,0.985814490199464
"ind-small","halfcauchy",2,"binary",10,15,15899212,3022617,1,1,1,1,1.00079274455142,0.975204208286433,1.00060150231147,1.00079274455142,0.879729282609723,0.0396526248562147,0.559348951197281,1.20756083780194,0.891697279331753,0.00785918938619635,0.748245819872016,1.04185529380539,1.11089064155164,0.0273492084636332,0.849159124479588,1.39292014990288,1.12262303368009,0.0124239110274972,0.943476259600482,1.3151330000878,0.959054432132192,0.0392436962921455,0.633750216483814,1.28864278611666,0.97716559123144,0.010428151628406,0.808591614697383,1.14501700988316,1.04413619270353,0.00950897044165903,0.882911892442755,1.20884385726381,1.02286515209059,0.00917658160646535,0.865528574494506,1.18441854131709
"ind-small","halfcauchy",2,"binary",10,16,15899212,9253371,1,1,1,1,1.00079274455142,0.975204208286433,1.00060150231147,1.00079274455142,1.08277836066624,0.0322487098748065,0.78955310526112,1.37498001997773,1.09373449764952,0.00931408380228224,0.936076530714401,1.25486771712601,1.08976545432458,0.0288610060904118,0.809829606975776,1.36604385494207,1.10384862099645,0.0120462005646611,0.929656754406688,1.29349206643222,1.05244597876034,0.0280987810312279,0.778184941163327,1.33736957133803,1.06255283598637,0.0103636863044751,0.896305697687856,1.22750343852931,1.07335806421498,0.0100712726487532,0.909554601444701,1.24964775602474,1.06349827935357,0.00973583516817725,0.904297405686768,1.23770577053698
"ind-small","halfcauchy",2,"binary",10,17,15899212,13330912,1,1,1,1,1.00079274455142,0.975204208286433,1.00060150231147,1.00079274455142,0.866508778799337,0.0260303403489377,0.6103077833126,1.13366833532853,0.874121603822695,0.00697129167090494,0.741170031273192,1.01348257873765,0.924665520443362,0.0176785872957961,0.70845842469189,1.13723507228812,0.933171986456461,0.00968859106336852,0.771633389037658,1.09926868198103,1.00101430959497,0.0274568048160374,0.734424705623186,1.28060212471636,1.01178940316881,0.00905096971595614,0.857213409829969,1.17228385565838,0.795299742039624,0.00670573110903448,0.662545050586687,0.933656020713018,0.772985011011087,0.00640543592669185,0.644115983742115,0.905976542113896
"ind-small","halfcauchy",2,"binary",10,18,15899212,4702054,1,1,1,1,1.00079274455142,0.975204208286433,1.00060150231147,1.00079274455142,1.03719356044997,0.0372313079055463,0.724053959668076,1.34713868282415,1.04786236101215,0.00915023329097571,0.898141599590444,1.21198196074994,0.865068817142178,0.0294850865526677,0.591729637173859,1.14271597994843,0.877499403066239,0.00999244729820041,0.71598130203977,1.04131170113123,1.1714596414988,0.0331421376593536,0.8838453263099,1.48454982879601,1.18799034356158,0.0123078195314865,1.01032134998376,1.37444776504597,0.934474891112094,0.00800191541573458,0.791558094133145,1.08840330451692,0.937655369859016,0.0080131127096335,0.793443849866308,1.08653466197811
"ind-small","halfcauchy",2,"binary",10,19,15899212,3185147,1,1,1,1,1.00079274455142,0.975204208286433,1.00060150231147,1.00079274455142,0.892317742518458,0.0320607590141333,0.608944457052553,1.19307187310918,0.901534073403339,0.00783755960753985,0.760537399064439,1.04753540170955,0.88266543624731,0.0175788965207097,0.662371986275014,1.09609677444767,0.888476979550745,0.0101057138200722,0.727124996771416,1.05696940352942,0.907398118091968,0.0346026176064463,0.606845334362966,1.21979124739266,0.921934009835931,0.00917126230182201,0.76451448151638,1.08088885532863,1.01833459483905,0.00846765119499636,0.868210510642038,1.17234872613327,0.998853610921746,0.00807694893733839,0.854568082747579,1.14798052378368
"ind-small","halfcauchy",2,"binary",10,20,15899212,8468133,1,1,1,1,1.00079274455142,0.975204208286433,1.00060150231147,1.00079274455142,1.01376173333681,0.0309840381516963,0.731898024897418,1.30084483822317,1.02291215033699,0.00923430831357128,0.873578312114069,1.18881493415316,1.09381180780061,0.0351985410625784,0.800531867301976,1.4076402155064,1.1148200569748,0.0126550508663818,0.938082795702204,1.30199989621115,1.20558650922203,0.0252961945552321,0.954849208320491,1.47160492203831,1.21472048519048,0.0125592932788976,1.03874040744874,1.40104987682474,1.17837878686293,0.0116785948870119,1.00671047621184,1.35488890877525,1.15776533712639,0.0110830799838999,0.986399920040105,1.33430623153163
"ind-small","halfcauchy",2,"binary",10,21,15899212,3031231,1,1,1,1,1.00079274455142,0.975204208286433,1.00060150231147,1.00079274455142,1.03445115288973,0.0230883701192137,0.791858413101413,1.29406016596341,1.04135665389775,0.00841986168385674,0.896599929563487,1.1936527156103,0.994643006733308,0.0179665329148882,0.776435117316138,1.21498868399879,0.999447254785651,0.010928915450987,0.836643250737166,1.1759890381501,1.0032450437591,0.0226483925204617,0.757720558041126,1.25482139351359,1.01130522607077,0.00952338140906189,0.851212852541943,1.17361599501953,1.14158430160793,0.0102724274062838,0.978818108668519,1.31176026053514,1.11575861011014,0.00971906001512992,0.959251311441746,1.27835965446019
"ind-small","halfcauchy",2,"binary",10,22,15899212,9974200,1,1,1,1,1.00079274455142,0.975204208286433,1.00060150231147,1.00079274455142,0.797515965832613,0.0186247780885727,0.575217576140379,1.02457586471135,0.801552765444865,0.00593855476167859,0.679214746721626,0.927602262203527,0.810940255742034,0.0192252449474836,0.583308262182982,1.03706090405375,0.819377605177581,0.00835339817031522,0.672075395950502,0.971286517268123,0.939010698369536,0.015823437464736,0.733259895348381,1.14580961915837,0.94293274805666,0.00792509694664171,0.798156919165216,1.08998710769726,0.882592211963073,0.00703513006237363,0.746571884255375,1.02485465921398,0.879772561934042,0.00689914873018262,0.745196027634099,1.01975093170106
"ind-small","halfcauchy",2,"binary",10,23,15899212,6750691,1,1,1,1,1.00079274455142,0.975204208286433,1.00060150231147,1.00079274455142,0.910155653386134,0.0332410598774945,0.624589407411089,1.20864870495773,0.920080461647421,0.00787519834325341,0.776419984221178,1.06601973841193,0.965997960196871,0.0362502958143085,0.657223115288231,1.28483594734885,0.985246266632546,0.0115814803018629,0.811293742937375,1.1657291226498,1.00032934760041,0.0227689133683745,0.754010634959884,1.24756848920847,1.0067674731362,0.00943515811131855,0.847447456778176,1.16829583925184,0.958171984282576,0.0084768886753032,0.812587168895128,1.11403376373526,0.947030907772509,0.00812867368040948,0.802054200637355,1.09890648019466
"ind-small","halfcauchy",2,"binary",10,24,15899212,7553896,1,1,1,1,1.00079274455142,0.975204208286433,1.00060150231147,1.00079274455142,1.00165881919152,0.0331163801419327,0.709686818110656,1.30723067907049,1.01079532262778,0.00775854833538769,0.873097774950768,1.16235567068245,0.990653354953454,0.0267532616527922,0.736834634423216,1.25622951513901,1.00399884124804,0.0107005461886051,0.844035537336405,1.17670914276386,0.989668727582358,0.0298315444559678,0.710599226636662,1.27681760312774,1.00073088842118,0.00948406251586193,0.841380423555955,1.1624882488104,0.908455769827267,0.00744308613077133,0.771384877796869,1.04946328990683,0.909928086130575,0.00738391517708771,0.772911083012059,1.05071822430752
"ind-small","halfcauchy",2,"binary",10,25,15899212,14108826,1,1,1,1,1.00079274455142,0.975204208286433,1.00060150231147,1.00079274455142,1.14976182630386,0.0303494303721388,0.86649373423314,1.4431132429206,1.16029972962003,0.0102621060578851,1.0001693652964,1.33222664557899,0.897518010665845,0.0203854620431375,0.666261381455592,1.12428750983526,0.906668916721032,0.00983164060152971,0.749640054738439,1.07420046446552,1.05077476964761,0.028960708971967,0.781131863307662,1.33170049936919,1.06297979751305,0.0102832597497354,0.897288027998438,1.22844486084166,0.990159815722664,0.00890715484328141,0.836389316511017,1.1439154164825,0.971843602714378,0.00857303071379884,0.820853859132941,1.12277676838793
"ind-small","halfcauchy",2,"binary",10,26,15899212,15679378,1,1,1,1,1.00079274455142,0.975204208286433,1.00060150231147,1.00079274455142,1.13594704527058,0.030122123637907,0.853197445614387,1.42698254738798,1.14338054275348,0.00943541561284029,0.98962510625674,1.31079362693766,1.07736647961403,0.0321114367445087,0.78647052404766,1.3725333948404,1.09816084825614,0.0125387623224123,0.920734502897505,1.28577800735158,0.979563478741975,0.0212921198989636,0.742285105187945,1.22273479328238,0.985678059690982,0.0101742763616172,0.81872656177541,1.15083235499331,1.00932069305817,0.00957181797282209,0.854738264735118,1.17323163783879,1.01116497901382,0.00946181433702802,0.857369999138968,1.17465128400416
"ind-small","halfcauchy",2,"binary",10,27,15899212,10971368,1,1,1,1,1.00079274455142,0.975204208286433,1.00060150231147,1.00079274455142,1.02148617482359,0.0433425699638474,0.696944159088858,1.37005520397796,1.03531475494442,0.00992854317522775,0.877735237715942,1.19473713916224,1.04257574501407,0.0227768974080171,0.806601927192272,1.2953960655234,1.05253253992622,0.0124029516145742,0.878866519823079,1.2377707555409,1.00334301786103,0.0447590962836678,0.66053827143929,1.35230540906656,1.02621834644185,0.0111180735375284,0.85663376665104,1.196962601236,1.15818705108236,0.0108264288992172,0.987621553979057,1.33202106014279,1.12794249792618,0.0103365398666037,0.963147631715513,1.29926911400697
"ind-small","halfcauchy",2,"binary",10,28,15899212,3323556,1,1,1,1,1.00079274455142,0.975204208286433,1.00060150231147,1.00079274455142,0.846337993922152,0.0279701145020035,0.587067362207006,1.1254437833203,0.853646196428265,0.00709617677675092,0.719946121736603,0.997143790169939,1.07462814509642,0.0250543416001784,0.822139115649322,1.33733589150777,1.0874051662663,0.0115630756573843,0.915814886587626,1.268299567541,1.0235209480525,0.0246919811569372,0.768296986695252,1.28724225510478,1.03201972002343,0.0096917523879571,0.875365852519876,1.20141990556751,0.954611674531081,0.00831712131624931,0.806443609454363,1.10375656944962,0.940416209464092,0.00797260093307981,0.797252491943519,1.0905848741442
"ind-small","halfcauchy",2,"binary",10,29,15899212,4597585,1,1,1,1,1.00079274455142,0.975204208286433,1.00060150231147,1.00079274455142,0.98498857317282,0.0289058526046655,0.714378970307681,1.26500860744191,0.993772005136753,0.00782577310714558,0.858316234509711,1.14334573884701,0.982171228053941,0.0247157931384157,0.733519420467633,1.23159555734438,0.995582576491018,0.010828278188607,0.83064305836106,1.16815953272616,1.02677990390332,0.0259858568137013,0.776751406468258,1.29462018830747,1.03615367850068,0.00989686265093916,0.872294822782076,1.19992156033768,0.947764419779361,0.00833629573287013,0.801950030593103,1.09479967656,0.921528243452733,0.0078239546746892,0.779124405178627,1.06484767691117
"ind-small","halfcauchy",2,"binary",10,30,15899212,9892529,1,1,1,1,1.00079274455142,0.975204208286433,1.00060150231147,1.00079274455142,0.813830575701188,0.0302578427233717,0.537636058235911,1.09299718706207,0.82306956517541,0.00673006844690474,0.696515263620682,0.960621883965804,0.939261378432936,0.0303894558767612,0.657936197051897,1.23591981529908,0.954142090520481,0.0108080133142979,0.790657594294075,1.12391710542357,0.806286706731039,0.0229588635035387,0.560154197092974,1.04827596841373,0.813339021641374,0.00750634064323399,0.666307414879294,0.959073821911854,0.940694210399929,0.00757075724684503,0.801112868199899,1.08746758069843,0.926186863462136,0.00726590603180836,0.791609053819836,1.06784497600783
"ind-small","halfcauchy",2,"binary",10,31,15899212,10115237,1,1,1,1,1.00079274455142,0.975204208286433,1.00060150231147,1.00079274455142,1.0449187568833,0.0350880064451361,0.744532316482013,1.36049003211853,1.0553273176498,0.00897241338266275,0.90540097674002,1.21385689818589,1.05831859195986,0.0259238617835233,0.798325079581138,1.3185546631489,1.07049652870551,0.010941645384496,0.903450143868781,1.24407744771681,1.02662841001083,0.0311513002791413,0.744988453764543,1.32113911192988,1.04064149984521,0.0101169943774003,0.876432866383218,1.21005594604832,0.937909968677478,0.00877181742284229,0.789810470504745,1.1006015903501,0.92442174360566,0.00862004736710265,0.780516680985218,1.08635516748942
"ind-small","halfcauchy",2,"binary",10,32,15899212,7249084,1,1,1,1,1.00079274455142,0.975204208286433,1.00060150231147,1.00079274455142,1.01714869504124,0.0278481332999122,0.748333715491932,1.28609406482945,1.02606403527547,0.0077245628330568,0.889450512284974,1.17516387079641,1.00432732394654,0.0253146661812074,0.740589635750588,1.26429266553264,1.01605326834767,0.0105789463740226,0.853190257576582,1.19079487706316,0.987337686326279,0.0233921818128785,0.737830292968255,1.23484395523676,0.995007810673486,0.00925701296991693,0.840967453423688,1.16156364786278,0.986256099381774,0.00884285302237628,0.835003077089401,1.14126000656156,0.967530309590727,0.00841783434761585,0.82143806607253,1.11950610885077
"ind-small","halfcauchy",2,"binary",10,33,15899212,10720484,1,1,1,1,1.00079274455142,0.975204208286433,1.00060150231147,1.00079274455142,0.942512801573127,0.031449655781553,0.661805405758434,1.23019773306524,0.951336764675285,0.00736729585033322,0.817136575142323,1.09961877203855,1.04745621830047,0.0218982906079789,0.806331840631139,1.29310847643328,1.05565825170525,0.0103879796173716,0.8922012968152,1.2308345370337,0.874357321537721,0.0293469650488063,0.601567983225865,1.16195707752221,0.88562714253331,0.00841950182871374,0.735735874842737,1.03909268945447,0.828729440860616,0.0072290592432774,0.688323028374633,0.973132946397404,0.81133023823318,0.00694217167118076,0.673343005511118,0.955660429719251
"ind-small","halfcauchy",2,"binary",10,34,15899212,13400324,1,1,1,1,1.00079274455142,0.975204208286433,1.00060150231147,1.00079274455142,1.02439220072381,0.0296194082945775,0.750836708627074,1.31849812938448,1.03305787001846,0.00830507522167033,0.887558478650315,1.1907151053514,0.923722660085813,0.0252560782182794,0.667956609213169,1.18189732163993,0.934638073941124,0.0102968366277478,0.763749246993694,1.10500896062111,0.998574980587496,0.0261555561868679,0.743748999101589,1.27000272937299,1.00843329909589,0.0100122985220435,0.844526225412129,1.17613775016479,1.00391320514007,0.00853130009964429,0.845249801219034,1.16250331871277,0.989677604192859,0.00821348506292072,0.837500654033348,1.14589475282395
"ind-small","halfcauchy",2,"binary",10,35,15899212,938325,1,1,1,1,1.00079274455142,0.975204208286433,1.00060150231147,1.00079274455142,1.20420233261596,0.0355500282778911,0.907739020190521,1.51632728018811,1.21440857750098,0.0115917265737346,1.04593994088724,1.39978778036442,1.05131506628647,0.0249259872073752,0.793871697223282,1.30616702814572,1.06187471460605,0.0125258235023496,0.880091930207512,1.25480487334893,1.19559595128462,0.0343783289646604,0.897868137893749,1.51302341617439,1.21224903851843,0.0132675307094338,1.0281626364718,1.40502490853749,1.33271599580621,0.0134304161671326,1.15090123320866,1.52889559382496,1.32490276270423,0.0130860990571292,1.14616995934291,1.51840953523341
"ind-small","halfcauchy",2,"binary",10,36,15899212,2143327,1,1,1,1,1.00079274455142,0.975204208286433,1.00060150231147,1.00079274455142,1.1023394253531,0.0408916545543406,0.780663693367017,1.44231263840097,1.114616829163,0.00970042870633735,0.960480273263429,1.27711295307056,1.02703872890361,0.0356644619160452,0.720890455576181,1.33740197404298,1.04594036781695,0.011429151976348,0.879801528163122,1.23077482625568,1.09260618219867,0.0308025040832325,0.810704664311634,1.38297003218009,1.10562557254268,0.0109402169240021,0.939134681871384,1.28301346423444,1.00955052109676,0.00947283374886121,0.854733462053056,1.17660981652377,0.992075079708289,0.00913843154884547,0.842585616794582,1.15390972877687
"ind-small","halfcauchy",2,"binary",10,37,15899212,11196102,1,1,1,1,1.00079274455142,0.975204208286433,1.00060150231147,1.00079274455142,0.968095580631086,0.0409843560677779,0.642187097971139,1.29988864910874,0.982443903894392,0.00822734433784484,0.84156041994403,1.13214703230011,0.877576814570071,0.0361794183024173,0.5667445048044,1.18746928836992,0.896534341100391,0.0103100682086433,0.73439633106637,1.0667650328923,1.08552047144369,0.0327341568469861,0.78989100845096,1.37779157546067,1.10144409379712,0.0106786270892547,0.932332008239712,1.2698001075376,1.03276407051582,0.0093300992978276,0.882223416513171,1.19280514994801,1.00595823172225,0.00885413242626292,0.856231994079512,1.16202506069833
"ind-small","halfcauchy",2,"binary",10,38,15899212,16652078,1,1,1,1,1.00079274455142,0.975204208286433,1.00060150231147,1.00079274455142,1.04825116732283,0.0321378446303191,0.760607303544685,1.33704958519191,1.05857903125678,0.00842135792664911,0.911852095406387,1.21405877113796,0.966116672473177,0.0225297769752417,0.723377408082741,1.21521320320274,0.975069476480207,0.0105892412868085,0.809850034060956,1.147922209399,0.918267228461334,0.0302317769718783,0.635099638623955,1.21648635422655,0.93135835303037,0.00906834122615859,0.778833863385574,1.08926880109629,0.944333989428873,0.00855946054278553,0.799502718106245,1.09929738980012,0.915425544692618,0.00812619617066372,0.77401557356892,1.06809877465118
"ind-small","halfcauchy",2,"binary",10,39,15899212,12414267,1,1,1,1,1.00079274455142,0.975204208286433,1.00060150231147,1.00079274455142,1.05724089136635,0.0311776636140399,0.777641741950803,1.3603114785965,1.06620665589797,0.00935436203294776,0.907011164020409,1.22828038941216,0.908853703688192,0.0218334882873049,0.667078938018145,1.15221519422454,0.918226903377014,0.00996044603541362,0.757412830413582,1.08069901718829,1.07742294860514,0.0300793683577668,0.802016135340411,1.36786915788063,1.08985454356771,0.0108211651302542,0.922778689940886,1.26292429104463,1.09181468175966,0.00960358175339165,0.933220607115275,1.254684747859,1.09157352919422,0.00953848819865063,0.933142747821191,1.25832214694104
"ind-small","halfcauchy",2,"binary",10,40,15899212,12631581,1,1,1,1,1.00079274455142,0.975204208286433,1.00060150231147,1.00079274455142,1.07096384549371,0.0428988915311439,0.735795588942331,1.41673344743699,1.08434135239567,0.00920483081868732,0.934440908587097,1.24427578238796,1.03217003989015,0.0364845496468812,0.715983464082911,1.34453421235616,1.05373806742802,0.0119894449877542,0.877826567243081,1.24109798545305,1.03931786771421,0.0341331161249374,0.737015885239707,1.34790904370557,1.05546648552449,0.0101508319531915,0.894260996168774,1.22482272853737,0.944692773514992,0.00860563605444152,0.791605084750506,1.10151322329914,0.912746805748168,0.00825816346703242,0.765184340207059,1.06387886310621
"ind-small","halfcauchy",2,"binary",10,41,15899212,14161846,1,1,1,1,1.00079274455142,0.975204208286433,1.00060150231147,1.00079274455142,1.04537680922513,0.0327701510108494,0.751169254515302,1.34684021934631,1.05574262209498,0.00879281538015969,0.905400412390335,1.21762153044222,1.2028992716169,0.0215320463931159,0.971512188583885,1.45062110219108,1.21257085743084,0.0124702508047806,1.04039871965441,1.40442330980746,0.971846044604993,0.0349170350103168,0.677983551696174,1.2967483864275,0.985572955466167,0.0113184623243736,0.816897917959291,1.15975829947249,1.03843467867551,0.00968836961261551,0.87952316495727,1.20468934738409,1.03056313978676,0.00943372504531698,0.874307389126097,1.19708831843091
"ind-small","halfcauchy",2,"binary",10,42,15899212,10759997,1,1,1,1,1.00079274455142,0.975204208286433,1.00060150231147,1.00079274455142,0.932137547957787,0.030227222038658,0.648844701144835,1.22973287369733,0.941803750465829,0.00702537621340572,0.810042751606297,1.08474192069156,0.836797256401803,0.0203092394436954,0.617274167474013,1.07028836810766,0.844812681118793,0.00889020850014061,0.694071726376018,1.00073126944517,0.950636034367549,0.027726483336626,0.686005257958627,1.23319869147317,0.961804005678903,0.00808980351537654,0.817036276844706,1.1195364636511,0.852381313187617,0.00770246647612517,0.710283599887493,1.00121841810653,0.83036952273622,0.00734858699057415,0.691269471088765,0.977286464220145
"ind-small","halfcauchy",2,"binary",10,43,15899212,5640585,1,1,1,1,1.00079274455142,0.975204208286433,1.00060150231147,1.00079274455142,0.99835221421634,0.0276054121237329,0.726158731166984,1.2673798707213,1.00541344616705,0.00889415813234128,0.854522571175401,1.16167568161622,1.19305597422619,0.0245683135732655,0.939136196996935,1.44807260492416,1.20480814751357,0.0131771001034272,1.02537994684722,1.39353159571752,1.0189771632148,0.0251649567745528,0.758408465234787,1.28278271336641,1.02773229674889,0.0100798227184677,0.862984525946237,1.1874733259006,0.984030187613125,0.00870500415594919,0.839461432219979,1.13675608966048,0.970358587578463,0.00839281661238906,0.8250158859578,1.12473501591151
"ind-small","halfcauchy",2,"binary",10,44,15899212,16285374,1,1,1,1,1.00079274455142,0.975204208286433,1.00060150231147,1.00079274455142,1.07613704053591,0.0355796006892628,0.780981981935175,1.39192158060572,1.08794665011019,0.00941799631636588,0.933331338565263,1.25245144592391,0.939278961741037,0.0251520331090643,0.682781256339873,1.20177958277034,0.94982997585901,0.0106644803337334,0.781014162813068,1.11942739098059,1.0690975663575,0.0336484784428508,0.778042103918495,1.37220562217471,1.08542795332784,0.0105210837136698,0.916392226403839,1.24960951523074,1.06958419132652,0.0100817284908256,0.902189131663592,1.23473372528425,1.01158255976172,0.00911320645417335,0.854950864685425,1.16967148979669
"ind-small","halfcauchy",2,"binary",10,45,15899212,5415783,1,1,1,1,1.00079274455142,0.975204208286433,1.00060150231147,1.00079274455142,0.940972844249663,0.0236526592537462,0.692725839709444,1.19930795825339,0.947786172717986,0.00729214412218685,0.81787066995559,1.09419791278963,0.940826017410776,0.0219154153497006,0.694225450825656,1.18176216575707,0.95264854182976,0.00942453010074035,0.799848889545164,1.11651813527443,0.896456777873447,0.0192125390741995,0.672119675916247,1.13130567852046,0.900252916934132,0.00855213975557133,0.748635926864511,1.05688093927186,0.875933189831651,0.00718572563531446,0.741837522355926,1.01293011118983,0.868182254388619,0.00695909644113477,0.732997687202167,0.999135183888528
"ind-small","halfcauchy",2,"binary",10,46,15899212,15039652,1,1,1,1,1.00079274455142,0.975204208286433,1.00060150231147,1.00079274455142,1.25486865203385,0.0497124734880836,0.893022315387329,1.61779806501226,1.27213627847351,0.0125557266360525,1.09761650242809,1.45575839222382,1.27808464209311,0.037366155211684,0.962292766635486,1.59393076502752,1.30453847229262,0.0146079839030585,1.10923340104801,1.50565842530915,1.20220728546019,0.0421111161575969,0.87724273838451,1.55227972505663,1.22665828117769,0.0139112418156478,1.03227137893335,1.42120310035878,1.14298521296457,0.0118144899945972,0.965468799037005,1.31979241993862,1.09250953691125,0.0110466237840626,0.924160447584161,1.26570765520647
"ind-small","halfcauchy",2,"binary",10,47,15899212,1936914,1,1,1,1,1.00079274455142,0.975204208286433,1.00060150231147,1.00079274455142,1.05027951041964,0.0273031554844038,0.784670902384016,1.32490837561197,1.05802661852774,0.00897117285310913,0.912471241580333,1.22302429652484,1.16079196042972,0.0251576033911364,0.909851584054653,1.41840084196126,1.17400047243192,0.0128456237360486,0.993774886431255,1.3608259616895,1.13050705882346,0.0251432019275613,0.874834039133665,1.39645928654534,1.13908017405784,0.0116778407790386,0.964535658133601,1.3154937376436,1.10356412719156,0.00996148144978827,0.943812623965866,1.26765278967573,1.10338265090911,0.00991321387236212,0.941967517118462,1.26754729045009
"ind-small","halfcauchy",2,"binary",10,48,15899212,5198548,1,1,1,1,1.00079274455142,0.975204208286433,1.00060150231147,1.00079274455142,0.983391920808541,0.0273629227944473,0.714292551338938,1.25853630806592,0.991280660340313,0.00833715531472181,0.842793400026011,1.14455744743035,1.0185752247601,0.0213740147465047,0.779907591417336,1.25922824027072,1.02587366399203,0.0115379345548485,0.856262198519535,1.20609012381425,1.01937620655279,0.0274677523166405,0.75310992102787,1.30069864222453,1.03000129870882,0.0104949938029964,0.853939480330629,1.19431263926689,1.21114605024373,0.0119688731989718,1.03751082732616,1.3951170098977,1.18966407076858,0.0112491370540066,1.02156312105538,1.37104863891286
"ind-small","halfcauchy",2,"binary",10,49,15899212,7899476,1,1,1,1,1.00079274455142,0.975204208286433,1.00060150231147,1.00079274455142,0.983928446256414,0.0340255324758227,0.683238689096887,1.28508997655427,0.994478468779277,0.00783683284976533,0.856815472604729,1.1461558362392,1.03563385515708,0.0314698559282247,0.756727987761377,1.3255076955939,1.05583454324751,0.0104345976089216,0.888682679624497,1.23015321079446,0.950858077575314,0.0263052826325514,0.679405695926416,1.22282653951824,0.960096261305445,0.00903539076601183,0.80515367927733,1.1197589595595,0.954822890955173,0.00805299149829342,0.810888545803502,1.10491760494851,0.912894673516374,0.00760351958893965,0.772157899793908,1.05881370797029
"ind-small","halfcauchy",2,"binary",10,50,15899212,12350192,1,1,1,1,1.00079274455142,0.975204208286433,1.00060150231147,1.00079274455142,0.933984112542518,0.0250314570077003,0.680359118416174,1.19183180048736,0.941145193754879,0.00705989191699469,0.804231647042495,1.08087977559537,1.01054395948501,0.0162185666337889,0.805343194610973,1.2226468900195,1.01558929097418,0.0102316642422489,0.847828255799219,1.18351774688362,0.883324515663549,0.0268612400620013,0.621771389627433,1.16363206164652,0.892255830560722,0.00867710681077363,0.740599700834655,1.04684306861585,0.980698421046652,0.00773549748603445,0.837905657032031,1.12502666221353,0.987777813476657,0.00784440886781165,0.844539429481581,1.13508175641868
"ind-small","halfcauchy",2,"binary",10,51,15899212,9739508,1,1,1,1,1.00079274455142,0.975204208286433,1.00060150231147,1.00079274455142,1.01944860247543,0.0350000651630438,0.723371251803123,1.32341866917442,1.02898061532668,0.00833905991585971,0.880356447942967,1.18147054690154,1.07120718332648,0.0299521099171246,0.793417904131277,1.35978126537641,1.0886066529055,0.0118391875079302,0.917450852906529,1.2720574706095,1.02046180856717,0.0298548839391341,0.746113046602875,1.2984771497201,1.03181295622631,0.0100817593184507,0.869856990682298,1.1992992000863,0.958863199162809,0.00855395858249255,0.810517177657905,1.11666203353363,0.96907777329937,0.00870718703386003,0.820747883071816,1.12613482544037
"ind-small","halfcauchy",2,"binary",10,52,15899212,1256657,1,1,1,1,1.00079274455142,0.975204208286433,1.00060150231147,1.00079274455142,0.970856457078035,0.0319413891024313,0.684628124106215,1.27613009657583,0.980750485045785,0.00763028868687244,0.83863102756734,1.12702137889164,0.961673627648436,0.0253004273994156,0.712143085403964,1.22538043562074,0.973565641476224,0.0102144106372988,0.811098163341999,1.13742573490758,0.890223697180972,0.02834586471551,0.61912037523734,1.17335631852232,0.900471087817036,0.00853809899852102,0.751961730921813,1.05533144605922,0.987024177637153,0.00839530613348682,0.836286967339539,1.14404085599306,0.957818335484378,0.00795782181185258,0.814088658427238,1.10745696290307
"ind-small","halfcauchy",2,"binary",10,53,15899212,4325165,1,1,1,1,1.00079274455142,0.975204208286433,1.00060150231147,1.00079274455142,1.00835632316146,0.0396822449598745,0.687637233846956,1.33368348126638,1.0202650525242,0.00830129031960617,0.875193378014967,1.17310444833566,0.902698570072241,0.03356879680451,0.613981981738304,1.21002167620411,0.920250773328567,0.00972934369811476,0.760815649415203,1.08304081809824,0.813443420917496,0.0321835413290198,0.526468805639255,1.11465456931531,0.823910250427821,0.00842026012709209,0.674065547096265,0.97797975827671,0.973371890853463,0.00904944622213094,0.818653006355503,1.13117874547978,0.95472779180651,0.00858117525060409,0.804021020699877,1.10808509792119
"ind-small","halfcauchy",2,"binary",10,54,15899212,41042,1,1,1,1,1.00079274455142,0.975204208286433,1.00060150231147,1.00079274455142,1.14408744061649,0.0336241256356787,0.848913451006228,1.44411422416094,1.15355828331319,0.0104998990304471,0.99515949886261,1.32765701744867,1.18468383048453,0.0296300887126988,0.907651782304655,1.46694345192525,1.20101244583493,0.0137792846669811,1.01145473388253,1.40282072999042,1.1645475892078,0.0294541864448509,0.897352600832713,1.45093256811971,1.17782819757221,0.0126813447969008,0.993400513869779,1.36857130516575,1.09282576182483,0.010025129134747,0.931001103431254,1.25999118382825,1.07431270864243,0.00967348662742383,0.91559604875309,1.24109688039814
"ind-small","halfcauchy",2,"binary",10,55,15899212,526213,1,1,1,1,1.00079274455142,0.975204208286433,1.00060150231147,1.00079274455142,1.18606560556515,0.0512545035015367,0.81786167234547,1.55720726475408,1.20101655728204,0.0114963729266873,1.03059667375903,1.37973545663554,0.988358920455355,0.0347389481887863,0.685034459844936,1.29017588073499,1.00670393160914,0.0112835076880567,0.833928470236825,1.1902105450892,1.11683448298012,0.0446867451638455,0.78390698848678,1.46407250031519,1.1414595812599,0.0121041690851066,0.962676624828212,1.32366086114979,0.9142256185047,0.00874394555184221,0.759669862914876,1.06864589320356,0.907413612349066,0.00857476062463223,0.757839834452138,1.05887094433888
"ind-small","halfcauchy",2,"binary",10,56,15899212,9342271,1,1,1,1,1.00079274455142,0.975204208286433,1.00060150231147,1.00079274455142,0.93203630799059,0.0322538991812999,0.649891044353058,1.22198837273993,0.941771950675993,0.00830329634519531,0.794663922720049,1.09434070959175,0.977642873937295,0.0259835524614507,0.713656946910981,1.23840282387666,0.989623912023366,0.0106832691168768,0.823694009228208,1.16475225486247,1.05328714732171,0.0274963926984671,0.78380047503274,1.3274626974017,1.06510606915031,0.00968652897921076,0.907924294034435,1.22794218173836,0.984590201523546,0.00913204315312229,0.831360559158301,1.1452253682497,0.956455381728119,0.00858019007884014,0.807470101825533,1.11614150589318
"ind-small","halfcauchy",2,"binary",10,57,15899212,1641732,1,1,1,1,1.00079274455142,0.975204208286433,1.00060150231147,1.00079274455142,0.920004335611558,0.0232454390376645,0.679294385414281,1.17596883329237,0.925608099881636,0.00725253695989096,0.792933836310994,1.07270262915887,0.974261242281878,0.0181600126313652,0.759286686245672,1.19585123027771,0.981413746237396,0.00988394288431722,0.822230334732375,1.15003045084036,0.922678228373787,0.022401996237382,0.684487047865613,1.17350484866552,0.928979176604081,0.00874186414825471,0.776053566034223,1.08438264071556,0.988795956597391,0.00821077402587598,0.839749036423182,1.1438891114448,0.97858949022323,0.00798435172181214,0.831971590043933,1.13009125123271
"ind-small","halfcauchy",2,"binary",10,58,15899212,15089604,1,1,1,1,1.00079274455142,0.975204208286433,1.00060150231147,1.00079274455142,0.992357961740731,0.0481984634980182,0.637274058529056,1.34827436467426,1.00703892702623,0.00925385398773425,0.854677950836282,1.17023197085293,0.984845022204409,0.0382325349908711,0.667442491487298,1.3068300935683,1.00613859921682,0.0116866320698231,0.832682944792918,1.19417172049589,1.08585071394556,0.0394870216912194,0.76656990767757,1.41313068614589,1.10813057147722,0.011024952789391,0.939090615016483,1.28185152924916,1.08679566689945,0.0101092471564632,0.921719527365538,1.2518144046838,1.0661393134016,0.0099036388698342,0.904304645092965,1.23010394684115
"ind-small","halfcauchy",2,"binary",10,59,15899212,3330784,1,1,1,1,1.00079274455142,0.975204208286433,1.00060150231147,1.00079274455142,1.01524590933394,0.0351572453303412,0.710321478563725,1.32016149921689,1.02416715205534,0.0092152085040708,0.871714495513837,1.18685730012288,1.13043880807605,0.0308293403991741,0.851084955417301,1.43267665684267,1.14641906038141,0.0131388651494924,0.964269076225598,1.33771895612695,1.04455324395682,0.0305957504094586,0.768718135902124,1.33206732609268,1.05898337743074,0.01085147083415,0.8924476255886,1.23073950020693,1.09123689439151,0.00981240517209458,0.93430116676437,1.25452442504648,1.07269631813839,0.00958640412355515,0.91412575244382,1.23679305781259
"ind-small","halfcauchy",2,"binary",10,60,15899212,8935384,1,1,1,1,1.00079274455142,0.975204208286433,1.00060150231147,1.00079274455142,1.20294346908993,0.0438530936397664,0.874296733301385,1.54857901664721,1.21517122064878,0.0115614346733721,1.04030923856904,1.39695412943709,0.952642159106355,0.0312422992617032,0.664715236690104,1.24644957258239,0.968829492077832,0.0114967402562292,0.795687807819941,1.1462386032633,0.966025516012978,0.0365828597531303,0.661492550454037,1.28872091945732,0.982208721472064,0.0111720974862478,0.81705590522665,1.15878235263405,0.990624688528407,0.00954782186857368,0.835954618387235,1.15835624948537,0.949263772904597,0.00895074448027583,0.795444130926396,1.10879882921927
"ind-small","halfcauchy",2,"binary",10,61,15899212,10035278,1,1,1,1,1.00079274455142,0.975204208286433,1.00060150231147,1.00079274455142,1.07214350797171,0.0262607274779092,0.812197885977649,1.34559343060786,1.08068778509382,0.0085529732805936,0.935178828791859,1.24043086256256,1.19516626762744,0.0233083189970393,0.945277639208073,1.45365963634621,1.20584107247044,0.0124432988756942,1.02665590448389,1.39534124353275,1.06057490852953,0.0255667377487781,0.79986360064003,1.33554778471935,1.07134186221512,0.0106807870577222,0.905552095603873,1.2488429872975,1.02767201662261,0.00914852003118904,0.874307966639659,1.19329083521805,1.00692133803311,0.00879341181522527,0.857785876249763,1.17014372271587
"ind-small","halfcauchy",2,"binary",10,62,15899212,5248751,1,1,1,1,1.00079274455142,0.975204208286433,1.00060150231147,1.00079274455142,1.07874162934961,0.0284770845789584,0.803329540369114,1.35189591268813,1.08856847068092,0.00929723053505301,0.936710089845449,1.250639789737,1.0714895574925,0.0335448307419193,0.775536457286639,1.3761127802943,1.09276834216996,0.0120642902640502,0.91817173837999,1.27988872610748,1.15181408383117,0.0205797224811916,0.915528807577958,1.38861098998088,1.15870188428804,0.0114093503477916,0.986859745088589,1.33373843348895,1.05543042562686,0.00936743375745162,0.907292762010955,1.21786442275639,1.0276081074365,0.00883029428099288,0.881129386750605,1.18956636289621
"ind-small","halfcauchy",2,"binary",10,63,15899212,8839356,1,1,1,1,1.00079274455142,0.975204208286433,1.00060150231147,1.00079274455142,1.02200117270376,0.0304169936669998,0.742837339684518,1.31273871576893,1.03094297737573,0.00862062028016232,0.882464697533586,1.18946119238488,1.25801195498409,0.0291405911636991,0.980699079689161,1.54152986994031,1.27222946479619,0.0146479402407847,1.07811523815939,1.47472908039712,0.92773881220154,0.0264574042230078,0.669117820965086,1.20638322252985,0.935672345443882,0.00963354995152343,0.776585958683079,1.09807107811602,1.04135994572758,0.0094053499433746,0.881034414085343,1.20220728966446,1.02693427114752,0.00902840122855385,0.869290159508989,1.18671744929751
"ind-small","halfcauchy",2,"binary",10,64,15899212,11076663,1,1,1,1,1.00079274455142,0.975204208286433,1.00060150231147,1.00079274455142,1.01190396330666,0.0299070637554812,0.728279382472011,1.29501211495487,1.01914727562323,0.00797073234123677,0.88101624449366,1.17524745103017,0.934682514071958,0.024804854670276,0.68135991593022,1.19923458373881,0.945780562048889,0.0100741095984378,0.780889259411848,1.1096674166666,0.93403711063981,0.0238098851348549,0.684840515284935,1.19802415243544,0.941654578886799,0.00861815550170379,0.79397462681477,1.0988712192662,0.932202627480495,0.00768376027566397,0.79346912831457,1.07870018319925,0.920524109046752,0.00743011240995275,0.781214663519931,1.06362268652968
"ind-small","halfcauchy",2,"binary",10,65,15899212,9227815,1,1,1,1,1.00079274455142,0.975204208286433,1.00060150231147,1.00079274455142,1.09358901288235,0.0375312537973922,0.79287754517486,1.41224114548166,1.10328286375875,0.00953231608496486,0.946858210740902,1.26268571462792,1.04447317437817,0.0387751196928489,0.716314578414148,1.37605093448364,1.06889363431332,0.012330401123405,0.881277876212403,1.25166775496769,1.0283055638586,0.0260408360858416,0.770915661375453,1.29834949554925,1.03605182130544,0.0104135766017532,0.870638746495951,1.20078730938285,1.08655034572447,0.0103109522494814,0.926895509206225,1.26136897928509,1.08741792696684,0.0101076923804698,0.930319606838075,1.2569844843189
"ind-small","halfcauchy",2,"binary",10,66,15899212,4606674,1,1,1,1,1.00079274455142,0.975204208286433,1.00060150231147,1.00079274455142,1.11748133749303,0.0425081655772758,0.788221920926437,1.45820959285057,1.13157201670228,0.0103743484399068,0.973035026721449,1.31212490818106,1.09788936278976,0.0370879978333857,0.784361108658147,1.40891409175401,1.12250981582407,0.0125759844830322,0.946156514785637,1.3104698726731,1.0194394598739,0.0330217898307291,0.720955651065665,1.32132581583777,1.03412829458217,0.0107066158850142,0.865649459507286,1.20129470599896,1.0614602966113,0.00994498922568339,0.898583623086199,1.23420044947565,1.03494733789497,0.00943521605789935,0.875388216220373,1.20130333903308
"ind-small","halfcauchy",2,"binary",10,67,15899212,11070755,1,1,1,1,1.00079274455142,0.975204208286433,1.00060150231147,1.00079274455142,0.941774619289329,0.0263998675969442,0.676447298882922,1.21802684477033,0.950300171779405,0.00732851115914796,0.810697915884153,1.09952728375148,0.973352750825712,0.0208454626210175,0.735362810792463,1.20908460771238,0.981728629346453,0.00984527257278937,0.816932514629893,1.14166340919046,0.874474768418984,0.0242263235403447,0.624899149524808,1.1361398405485,0.882174597626967,0.00807250603395322,0.732834165335102,1.03063409336892,0.888920350286526,0.00758054816464883,0.744798311766507,1.03505347110037,0.880502523464464,0.00742668018414246,0.739798356712323,1.02472506948341
"ind-small","halfcauchy",2,"binary",10,68,15899212,8759855,1,1,1,1,1.00079274455142,0.975204208286433,1.00060150231147,1.00079274455142,0.87982401973815,0.0406592937007739,0.562482446291136,1.21864111691866,0.892296067358397,0.00770720474518892,0.754688974468056,1.03793328736252,0.960317342951734,0.0353925263475247,0.651968866854943,1.28112160433149,0.97856314436758,0.010588978319644,0.817274170694106,1.1513950403,0.993378472554141,0.0334754304943379,0.699529140744114,1.30110757733776,1.00835784063568,0.0103414535691313,0.843762444931118,1.17864800077643,0.902438543386758,0.0079582674712182,0.755357160831824,1.04753092917769,0.88699786570962,0.00773942988698159,0.739563114198474,1.03091683731046
"ind-small","halfcauchy",2,"binary",10,69,15899212,2098481,1,1,1,1,1.00079274455142,0.975204208286433,1.00060150231147,1.00079274455142,0.9684521170773,0.0326704330651183,0.676601497744901,1.274069504038,0.978552873202404,0.00760576995326516,0.83626848477862,1.12424501286599,0.986854044786264,0.0279569738908654,0.726234645698392,1.26919690294004,0.99887321730776,0.0108363097264024,0.836462092516618,1.17556545868995,0.934564206135339,0.0280315353125261,0.664870628393461,1.20970832856713,0.945897087865302,0.00888375210672203,0.790728226586667,1.1063368532363,0.96037642903354,0.00820396779590659,0.81506113292,1.1130801590059,0.946002435935524,0.00802154391751322,0.802456374694393,1.10014436409646
"ind-small","halfcauchy",2,"binary",10,70,15899212,16286478,1,1,1,1,1.00079274455142,0.975204208286433,1.00060150231147,1.00079274455142,0.798158927151387,0.0244442875842487,0.541740749922566,1.05851080983186,0.804230903705503,0.00613442824581368,0.683817186710016,0.93746652650008,0.807210054039092,0.0188614388729251,0.586471392268862,1.03609660458237,0.814316256300315,0.00827665731607396,0.669923881168915,0.965679822142368,0.807962946134509,0.0234433477911956,0.565823686104407,1.06285855368863,0.814842666246266,0.00759937538745165,0.675247299231492,0.957766208291764,0.90010005395617,0.00707175225370922,0.762443476973771,1.04048781750342,0.917013152156627,0.00714376888455869,0.77865203164007,1.05727469820279
"ind-small","halfcauchy",2,"binary",10,71,15899212,5370375,1,1,1,1,1.00079274455142,0.975204208286433,1.00060150231147,1.00079274455142,0.929112243912116,0.0234280606540617,0.688909323473969,1.18223277416797,0.937827669450393,0.00735005487739715,0.799243793939787,1.08048869832929,0.888203086014011,0.0173949721542455,0.675194853291216,1.1014224251556,0.894450713102689,0.00938116160970845,0.735690397363534,1.05579800800493,1.10323185246826,0.0249381929173007,0.85339423523109,1.37164050397206,1.11290226128723,0.0100763791286136,0.94730166972579,1.27553772384201,0.987666750415405,0.00841297188487797,0.838699689175562,1.13933708672325,0.966016042241215,0.00808439876235795,0.817464531525511,1.1134426278017
"ind-small","halfcauchy",2,"binary",10,72,15899212,1988032,1,1,1,1,1.00079274455142,0.975204208286433,1.00060150231147,1.00079274455142,1.08518102227414,0.0425411285472957,0.760352629395098,1.42561718610496,1.09825309990169,0.0104975505996619,0.932749136000179,1.27191699706941,1.03797152933336,0.0274145480111856,0.778801253503772,1.3122412021333,1.0517640676351,0.011285645073438,0.878574630895227,1.22768703353516,1.08636613043206,0.0409497684128508,0.760114795467355,1.4339983296729,1.10717457827443,0.0119169898743503,0.932192262295196,1.29162441221343,1.14119856627011,0.0114085785540087,0.975574390568309,1.32188560462236,1.10966503624422,0.0107824148244134,0.946433798467405,1.28621041944674
"ind-small","halfcauchy",2,"binary",10,73,15899212,217496,1,1,1,1,1.00079274455142,0.975204208286433,1.00060150231147,1.00079274455142,1.10426414781994,0.0535634001340722,0.732751826596006,1.47472098311389,1.12331595159095,0.0113633826183892,0.951558478943175,1.30335555991372,1.23276294603974,0.0533077994464491,0.855770730700667,1.61731442750956,1.2688626225682,0.0159664968295776,1.06771325990325,1.48377976007044,1.1435394026869,0.038002626834615,0.824295194331283,1.46902091321983,1.16528137771235,0.0127030185490619,0.983387328992906,1.35861285134708,1.19826876340238,0.0123627744297801,1.02184935508587,1.3888646533603,1.14896239412795,0.0115815244394511,0.975085623347588,1.33064325976732
"ind-small","halfcauchy",2,"binary",10,74,15899212,10361679,1,1,1,1,1.00079274455142,0.975204208286433,1.00060150231147,1.00079274455142,0.909418429946163,0.0203663496397177,0.678965240395259,1.14915234178703,0.915330879509037,0.00658130375067607,0.784845188727536,1.05337481522565,0.930243940174675,0.0199049251814565,0.701653865223097,1.17107166158172,0.938695217849705,0.00940483571880124,0.782340542734614,1.09671890837374,0.872712091950016,0.0176322380252419,0.658189392749138,1.09611060088326,0.875613639561939,0.00793102574988713,0.730091603702496,1.0201767884471,0.874020823155728,0.00726242102206791,0.736442593918495,1.02164612043202,0.844182318763947,0.0067479633981387,0.713487617807949,0.986174809500436
"ind-small","halfcauchy",2,"binary",10,75,15899212,6849818,1,1,1,1,1.00079274455142,0.975204208286433,1.00060150231147,1.00079274455142,1.01756210299247,0.0340022024953873,0.723638557342089,1.31946834618523,1.02785055752076,0.00899646431487452,0.876667838500849,1.18664260348879,1.06315205771196,0.0262530698615919,0.803964676016532,1.33605153422389,1.07702360991754,0.0113337743064887,0.904337095126902,1.25465277029683,1.04293678657389,0.0305452609428531,0.75859370513661,1.34137072541953,1.0555049519714,0.010602380183477,0.894756405688472,1.23173799058637,1.15954997942521,0.0107876076696642,0.991176092605001,1.34032176133034,1.141780460263,0.0104367183726529,0.97528870846175,1.3195398263619
"ind-small","halfcauchy",2,"binary",10,76,15899212,3102109,1,1,1,1,1.00079274455142,0.975204208286433,1.00060150231147,1.00079274455142,0.948670410717658,0.02264996026894,0.709211972545115,1.20701685924683,0.955094827204823,0.00781423690548647,0.813614350849783,1.10463731573829,0.943731688501002,0.0177147174338684,0.732472729836058,1.16689335292641,0.948644600949363,0.00975227155970374,0.783327543102124,1.11265853523802,0.98636570540614,0.0219483851134199,0.751620500055438,1.23000976941932,0.992103394240051,0.00949552101606373,0.831709450311512,1.15132318704234,0.926350688563551,0.00788832086389954,0.785435242109715,1.07526993524229,0.930926702677973,0.00785927701660518,0.790371947405448,1.07866231561283
"ind-small","halfcauchy",2,"binary",10,77,15899212,3497466,1,1,1,1,1.00079274455142,0.975204208286433,1.00060150231147,1.00079274455142,0.944423112713527,0.0290014633146589,0.66375014852103,1.23325534428815,0.953095803603571,0.00821179187120303,0.813621166613368,1.1044281149063,1.10114946345277,0.0233909107889502,0.856365235695847,1.35643016977285,1.11267162702845,0.0113528424617889,0.937922767687796,1.29188516513968,0.962764311244167,0.0283414888961011,0.690620995847308,1.24137183121787,0.973403690459148,0.00977227158512977,0.80745432956544,1.136010287661,1.07839816612263,0.00969737831242492,0.914746940673842,1.24117870591677,1.05099695493936,0.00915196529476764,0.893887459318247,1.20802191359173
"ind-small","halfcauchy",2,"binary",10,78,15899212,2617443,1,1,1,1,1.00079274455142,0.975204208286433,1.00060150231147,1.00079274455142,0.954611148297434,0.0376493110361832,0.640657622619796,1.26799186222172,0.967553648055864,0.00767996145697363,0.827494421032589,1.11419954312601,1.06044777162094,0.038629638947701,0.744332458646917,1.37722024013912,1.08392217526642,0.0114472445296732,0.910482841714832,1.26373883500584,0.923815690988818,0.0270487386037682,0.654754777995029,1.19191219920227,0.932934718664917,0.00893781653208132,0.773834825751064,1.08245295347271,0.929130521011227,0.00860856911781742,0.77745708719639,1.08415738896125,0.906688785821959,0.00810905251831853,0.758418997293554,1.05775065480802
"ind-small","halfcauchy",2,"binary",10,79,15899212,6391197,1,1,1,1,1.00079274455142,0.975204208286433,1.00060150231147,1.00079274455142,1.02097708110052,0.0352018948930961,0.720012769680305,1.34735279550491,1.03149383278463,0.00861597293173384,0.880382555791506,1.18656277782889,1.00960506987046,0.0339031233631842,0.718891919400215,1.3187482341037,1.02603812360462,0.0119505242300896,0.855656353551075,1.20880068656844,1.03349579284272,0.0268301497001461,0.775211517300128,1.31187647532998,1.04385883828226,0.00992140082954912,0.879848296018874,1.20546318747572,1.09712912241837,0.00992041103714719,0.938856167451531,1.26360783672494,1.07361950150462,0.00946587560939784,0.916124079240388,1.23904043062266
"ind-small","halfcauchy",2,"binary",10,80,15899212,12420095,1,1,1,1,1.00079274455142,0.975204208286433,1.00060150231147,1.00079274455142,1.01773820258235,0.0256295123877628,0.760069581268881,1.27119733005395,1.02672694307573,0.00832761336489563,0.879522878577318,1.18420332798591,1.02154152932569,0.0231159589000432,0.773378922988314,1.282732353842,1.03339502103017,0.0103418059417981,0.86861888323094,1.20777103606306,0.987614840572608,0.0219658225824814,0.745998480980511,1.2335707899345,0.995920871178898,0.00966115476587267,0.832094439956466,1.16495859418252,0.861759351648274,0.00779740417123387,0.721114858301365,1.01276618494815,0.83155756843684,0.00729333446221793,0.69385179346672,0.97969000177247
"ind-small","halfcauchy",2,"binary",10,81,15899212,2441062,1,1,1,1,1.00079274455142,0.975204208286433,1.00060150231147,1.00079274455142,1.08765735340803,0.0315379431076368,0.806858072334357,1.38814712669826,1.09563497533724,0.00951491261984328,0.945522215430883,1.26665795829753,1.19777060568486,0.0243424405551743,0.949096455662856,1.45702910599652,1.20819213307049,0.0139854134555631,1.01550085693319,1.40534436755944,1.06608301817044,0.0302564244695481,0.786605701069054,1.35671920782326,1.0792292414352,0.010621050862275,0.910450523117217,1.24982236527334,1.03599999214367,0.0101384615717044,0.869999714117844,1.20418969639764,1.02983219836875,0.0098850140224329,0.866960010603369,1.19877963654532
"ind-small","halfcauchy",2,"binary",10,82,15899212,16640586,1,1,1,1,1.00079274455142,0.975204208286433,1.00060150231147,1.00079274455142,1.09980020042538,0.0395459344336667,0.778917251428565,1.43335374299286,1.11078246410889,0.00959798927424427,0.953617579608981,1.27309226263187,1.05451727325946,0.0202201299375636,0.824929205944316,1.2917875238732,1.06234420494194,0.011451843982183,0.888312588596686,1.24002535466181,0.965699584469129,0.0423978512205589,0.632137328382031,1.30835815572541,0.986490659813254,0.0103934672078157,0.818682258490606,1.16061403240201,1.03450045443711,0.00972543717739836,0.880017906623131,1.19881218995752,1.02737899143702,0.00964651529662698,0.874991110220239,1.19268030357249
"ind-small","halfcauchy",2,"binary",10,83,15899212,10348780,1,1,1,1,1.00079274455142,0.975204208286433,1.00060150231147,1.00079274455142,1.07319254562859,0.025392473945086,0.818033675062934,1.35048667098011,1.08060132321987,0.00873695648229605,0.926249838194707,1.23815307620827,0.946191923330847,0.0190667426725285,0.723341568106697,1.17614548161228,0.953635137836265,0.0103051930229174,0.787826302860823,1.12321825316072,0.936489573676601,0.0238917216998935,0.687611318756485,1.19570681969989,0.944500321956415,0.00892668246481098,0.789985249681556,1.10135156244787,1.01871807892395,0.007983347584395,0.872908518781448,1.1672246722278,1.01116338497845,0.00790579284488125,0.863446913212672,1.1619925769479
"ind-small","halfcauchy",2,"binary",10,84,15899212,7205797,1,1,1,1,1.00079274455142,0.975204208286433,1.00060150231147,1.00079274455142,1.02468839954727,0.0298600645717217,0.753652540493633,1.31112855534471,1.03387590726539,0.00828409472981481,0.89173076460497,1.18821088150495,1.02709583547485,0.0219269557482301,0.790220643106336,1.26483578315262,1.03830236820971,0.0101452553973519,0.877771768114351,1.20595505803215,0.98982825083768,0.0287177678968772,0.715951473202982,1.27222715302357,1.00157393746738,0.00992323744448523,0.840674370097142,1.16648702194546,0.982894213589404,0.00859348899592122,0.83452417365797,1.13662469255704,0.987404751743806,0.0086275974820273,0.838619051748298,1.14276266776542
"ind-small","halfcauchy",2,"binary",10,85,15899212,2937110,1,1,1,1,1.00079274455142,0.975204208286433,1.00060150231147,1.00079274455142,0.885968092642321,0.0258301522867988,0.636666230557545,1.1526726859902,0.892788421173048,0.00715463144663167,0.758291959461664,1.03755024889232,0.959510540571153,0.0168388654195377,0.751004634546732,1.17657686648564,0.964690122751422,0.00972948101596897,0.803987089513298,1.13058340479243,0.971051769895068,0.0269930355637905,0.711753895288672,1.2416242896711,0.980989573539767,0.00906349365151247,0.826251056302073,1.14501354497546,0.957652797978123,0.00787196828964183,0.817032222968557,1.10529666330944,0.957688720388352,0.00783892928049227,0.814816904675771,1.10256242519019
"ind-small","halfcauchy",2,"binary",10,86,15899212,14578376,1,1,1,1,1.00079274455142,0.975204208286433,1.00060150231147,1.00079274455142,1.05677776636636,0.0359382566621948,0.761615001647328,1.37576511499346,1.06647654300718,0.00865955851730157,0.922826562153779,1.22097887353393,0.934607974942746,0.028844666685433,0.657673729472339,1.21919266885947,0.94751640314667,0.0100489259891887,0.78501580520509,1.11671428771353,1.0096511207683,0.0307431763325587,0.730423709127558,1.30828822697222,1.02187139645471,0.00996079849830624,0.862747742509473,1.18948819476047,0.988920656320203,0.0087394093158246,0.835242880621011,1.14797710804687,0.988131786495084,0.00872109955452406,0.837699129607659,1.14425015057997
"ind-small","halfcauchy",2,"binary",10,87,15899212,14938388,1,1,1,1,1.00079274455142,0.975204208286433,1.00060150231147,1.00079274455142,0.991511970221559,0.0299631618496629,0.716642523988786,1.26677897987207,0.998769385117728,0.00790153151285448,0.859902942630902,1.14981952386059,0.992071275966126,0.0236101981065053,0.741335309771814,1.24578110455675,1.00231150949102,0.0102873559627611,0.838135596002021,1.16483884229437,0.948078046355477,0.0274067911767148,0.686510849947045,1.22812676448279,0.957792618186199,0.0097298181253091,0.797154070755916,1.11922429408984,1.00665295617246,0.00879422766327759,0.857306624438733,1.16842076904026,0.998647097304325,0.00860534975812943,0.850743602661446,1.15397508517091
"ind-small","halfcauchy",2,"binary",10,88,15899212,13607321,1,1,1,1,1.00079274455142,0.975204208286433,1.00060150231147,1.00079274455142,1.06977483514585,0.0289789956933083,0.795584816874934,1.3557468326884,1.07878822377305,0.00887836617799716,0.930824694921655,1.23782110921613,1.21767707315765,0.0283974028547153,0.945163444140181,1.49890317810658,1.23235410020768,0.0128664803222378,1.04907193469491,1.4270895688033,1.01083479533672,0.0236408379678479,0.765239469375026,1.27027059642369,1.0187763416156,0.0101227554417358,0.854578973349114,1.18401294833226,1.08194688969882,0.00990350851729549,0.923278988137801,1.24625448867005,1.08176290350758,0.00971627944700379,0.925875021951079,1.24690893219485
"ind-small","halfcauchy",2,"binary",10,89,15899212,3979643,1,1,1,1,1.00079274455142,0.975204208286433,1.00060150231147,1.00079274455142,0.954240236144744,0.0199724268338897,0.720992831735825,1.18855165268732,0.959462911617897,0.0076230266586665,0.818909079172995,1.11077811050865,0.939498620382305,0.0187987713937867,0.720378343006772,1.15713892457539,0.947934152566803,0.00980363825023004,0.784385653937541,1.11414873088578,0.909691548202182,0.0183403575835817,0.695942747155704,1.13479923486419,0.913979770626614,0.00863476412191197,0.768803708895157,1.07130544552711,0.994936026278361,0.00812073111090117,0.852401418675281,1.14734567949474,0.991778544573927,0.00794150375958459,0.849544979828181,1.14069001946423
"ind-small","halfcauchy",2,"binary",10,90,15899212,8098134,1,1,1,1,1.00079274455142,0.975204208286433,1.00060150231147,1.00079274455142,0.988981541701118,0.049944971596501,0.633114145887192,1.36083012282677,1.00182436526141,0.00966498437878291,0.849528931033297,1.16959643753745,1.07512728324509,0.0418535976127887,0.744376338825074,1.40821258260913,1.10025227301988,0.0124897127396187,0.919797089104898,1.28841978241597,1.02230376672114,0.0406983608508793,0.70454215429942,1.3528390940565,1.04190172541843,0.0114105817306629,0.872325120359387,1.22179038433187,1.08639632085927,0.0109125210811653,0.916526493590773,1.25908064623201,1.11217768743805,0.011250506808851,0.940467712292065,1.29094144564946
"ind-small","halfcauchy",2,"binary",10,91,15899212,13431862,1,1,1,1,1.00079274455142,0.975204208286433,1.00060150231147,1.00079274455142,0.927749852173655,0.0297792290357992,0.653821926215447,1.21934419503232,0.937267897884327,0.00748634577541057,0.796682006231653,1.08750380349246,1.00164756712984,0.0275422847881411,0.743144170757679,1.28296636741048,1.01564172746154,0.0103621496365362,0.84983928828245,1.18374545907616,0.794581571082698,0.0237109654253115,0.545434388323156,1.04385846520209,0.799998331814638,0.0081286647364688,0.651866728448205,0.946895636613377,0.958854520367112,0.00833794502479467,0.809557948529917,1.11150826513403,0.944307380776417,0.0081304254579557,0.801272937402829,1.09551525733174
"ind-small","halfcauchy",2,"binary",10,92,15899212,13932566,1,1,1,1,1.00079274455142,0.975204208286433,1.00060150231147,1.00079274455142,1.044855541516,0.0463636108833064,0.698033163596644,1.39413209864642,1.05824251992375,0.0104220002423587,0.893033478468556,1.22082296709879,1.06239227759138,0.0372829654617226,0.748119634913939,1.38407667674346,1.0823244146442,0.0122531470230216,0.907609149529019,1.2691188791944,0.991956833482514,0.0397383130772517,0.673112234502899,1.33990665665704,1.01174666365347,0.0107591100524602,0.836376927684543,1.18325755788146,1.09931329041116,0.0114335757500575,0.928657076772508,1.27767628995599,1.10373648142823,0.0114494750122772,0.935704909906457,1.28222596857268
"ind-small","halfcauchy",2,"binary",10,93,15899212,3764490,1,1,1,1,1.00079274455142,0.975204208286433,1.00060150231147,1.00079274455142,1.10925219889206,0.0430535853318336,0.779362360670461,1.45284932363331,1.12306048557793,0.00950480567411437,0.968114706208434,1.28486419722717,0.960052033766509,0.0353702514404547,0.651962638362498,1.26717832347481,0.982478506536782,0.0110405875625613,0.809484294734173,1.15780154620538,1.02277384905911,0.0330023281819868,0.732453593773417,1.32765556886541,1.03736147537945,0.0101411454037514,0.875924405786494,1.20185197815345,1.10008280329509,0.0104409874481632,0.938664956825468,1.27344070342641,1.07155525757061,0.0100571379498601,0.918542502867916,1.24006950539101
"ind-small","halfcauchy",2,"binary",10,94,15899212,9782778,1,1,1,1,1.00079274455142,0.975204208286433,1.00060150231147,1.00079274455142,0.969177612536224,0.0281461046934212,0.701050351260724,1.24797954597473,0.978321620457056,0.00806425726364668,0.834394208405447,1.13110784149998,0.895991038365159,0.0265845678728437,0.624248143547246,1.16156436270078,0.90875723914302,0.0099422283191814,0.743739281405197,1.07223801533523,1.03282822599964,0.0235234309574908,0.795865845256965,1.296512203052,1.04076773441345,0.00948718100290685,0.881478257690695,1.20091918754619,0.992225316302979,0.00844839963992706,0.842332235232598,1.14540075885082,1.00497790887684,0.00847229194772442,0.856849672237261,1.16055854014242
"ind-small","halfcauchy",2,"binary",10,95,15899212,4696022,1,1,1,1,1.00079274455142,0.975204208286433,1.00060150231147,1.00079274455142,1.06111068658786,0.0325396315440545,0.76903685196267,1.35209305257361,1.07246938806961,0.00829619519852481,0.930136332510572,1.22947309891195,0.88758514056962,0.0219912640361313,0.647230515967682,1.13216417747883,0.897509506908542,0.0100081194067698,0.733709504716956,1.06582722762977,1.02738916202602,0.031722801006455,0.736860061289148,1.33585358203759,1.04176724720028,0.00941477414756448,0.883189761194336,1.20547697889711,0.939566931969507,0.00811340354543796,0.789147980292303,1.09300996302099,0.90810200281149,0.00769251716092911,0.764027828461465,1.05453905928894
"ind-small","halfcauchy",2,"binary",10,96,15899212,7312353,1,1,1,1,1.00079274455142,0.975204208286433,1.00060150231147,1.00079274455142,1.04742850273128,0.0278501479023093,0.77827421795704,1.32525377706596,1.05602254280864,0.00879871177513574,0.907772703248919,1.21540986015363,0.913487870813094,0.017912305061622,0.69216445816495,1.13370854289268,0.920258653256159,0.00997465091780802,0.756837246485148,1.08651085910296,1.03376723836183,0.0283122101871995,0.758261775150533,1.31406934990483,1.0448428514991,0.0103492814516885,0.877071991398988,1.21209400402563,1.02324949766313,0.00888027439685739,0.865539912968755,1.17813389115966,1.01855907814437,0.00863321419654463,0.865800630287503,1.16948539313005
"ind-small","halfcauchy",2,"binary",10,97,15899212,8361602,1,1,1,1,1.00079274455142,0.975204208286433,1.00060150231147,1.00079274455142,1.13723588357839,0.0414721304704916,0.809463324384207,1.4691252167333,1.15026583123999,0.0109594812571524,0.984988377683403,1.32932638056268,1.19505672861239,0.0401702326819241,0.862751859091326,1.51898537818179,1.21956410647701,0.0142271187083128,1.02380905246393,1.41699436437389,1.10058213610991,0.0327441557388034,0.811554131359997,1.40730425364045,1.11381759032489,0.012523997672532,0.932914434359346,1.29964568567442,1.17506199947098,0.0115379612013893,1.00036834502888,1.35433791171537,1.13273954791832,0.0107899893465429,0.968002223953433,1.30602188882071
"ind-small","halfcauchy",2,"binary",10,98,15899212,9701700,1,1,1,1,1.00079274455142,0.975204208286433,1.00060150231147,1.00079274455142,1.11391851355245,0.028023391804114,0.8409642169657,1.38688853251893,1.12260516550395,0.00868710112797344,0.97103574416079,1.27896262153999,0.983972803944176,0.02008716645524,0.753460051790276,1.21872047503308,0.992280903507114,0.00990069199213972,0.830600379534435,1.16023696835389,1.04814381554324,0.0269426568185535,0.789934538161746,1.32489594005817,1.05985756947358,0.0097487022195164,0.901014906985979,1.22060102888953,0.95853567702189,0.00896718231569337,0.807129521163322,1.11918940039706,0.934884119611229,0.00844230312212556,0.78877424101137,1.0902172632438
"ind-small","halfcauchy",2,"binary",10,99,15899212,8825928,1,1,1,1,1.00079274455142,0.975204208286433,1.00060150231147,1.00079274455142,1.13705778993771,0.0296182883898068,0.861986219367623,1.42428404133116,1.14588249008531,0.0099731828759812,0.991180137507371,1.31314323544171,1.22108360027844,0.0240048799580892,0.971040173495781,1.47487425124656,1.23054899439947,0.013242337751144,1.05351867119141,1.42667128585845,1.12334699959622,0.0283148350388065,0.858630526052019,1.40786662694498,1.1335721082641,0.0116476351979916,0.951864287921825,1.31686923348556,1.05698507745089,0.0099354388077316,0.896299133017815,1.22713330740089,1.04189686194998,0.00955581091241297,0.884189678317529,1.20972798563069
"ind-small","halfcauchy",2,"binary",10,100,15899212,12826585,1,1,1,1,1.00079274455142,0.975204208286433,1.00060150231147,1.00079274455142,0.938495595644013,0.0340396986243365,0.641263589723488,1.23798540336041,0.949626723282336,0.00836036221304026,0.803467346121479,1.09990002912332,1.11532784039736,0.027350857212402,0.846408793845915,1.38441803030862,1.12930322975327,0.0127611470142937,0.945325196958962,1.31613572894414,0.985159991332318,0.0307079240703931,0.705978027541243,1.27475903561658,0.999415914148223,0.00941235996350248,0.841256497430422,1.15746976905737,1.17635209752048,0.0112080916958982,1.00390145056115,1.35478497014683,1.16793369308706,0.0110466879845301,0.997321643459428,1.34161908776091
"ind-small","halfcauchy",2,"binary",10,101,15899212,7026412,1,1,1,1,1.00079274455142,0.975204208286433,1.00060150231147,1.00079274455142,0.964968907937674,0.0258686565362231,0.701435054404029,1.23431132910578,0.971711676447002,0.00793505985042169,0.830142220955205,1.12479526966763,1.10014790201577,0.0226550365638526,0.860938379647427,1.34582398916959,1.11015529348046,0.0119815436116245,0.938087739991745,1.30102280786295,1.07412661619117,0.0241730349811718,0.829752297727987,1.33961055143297,1.08258202360862,0.0104075249206743,0.917595886269804,1.25141555946441,0.854253163283971,0.00740579647032322,0.711267602990946,0.9962480236932,0.862877110263026,0.00743176976546837,0.721560290797832,1.00447128057296
"ind-small","halfcauchy",2,"binary",10,102,15899212,1987576,1,1,1,1,1.00079274455142,0.975204208286433,1.00060150231147,1.00079274455142,0.989006290645897,0.0377370534791617,0.675870596557038,1.31148948853395,1.00189162147283,0.00903219987532229,0.852918669880707,1.16056577733201,1.22786560874346,0.0363770183428414,0.912850601800381,1.54804863764985,1.25119606910273,0.0140117366457163,1.06787266767079,1.44636063118024,1.07334230787765,0.0299699359277567,0.795768592488399,1.36264793474071,1.08689586999206,0.0113088470089583,0.914665453479974,1.26262905384464,1.01795713766768,0.00982101907550625,0.8611138697105,1.18318245989549,0.99487741869877,0.00945355832171405,0.842753455734047,1.15943755578702
"ind-small","halfcauchy",2,"binary",10,103,15899212,10092204,1,1,1,1,1.00079274455142,0.975204208286433,1.00060150231147,1.00079274455142,1.24159407820183,0.0435782634285694,0.91400542507068,1.59734246269449,1.25463547532208,0.0122278008103585,1.07826534487564,1.43869817228806,1.21069457893682,0.0281563037630327,0.93445479313252,1.4826170113767,1.22399802720757,0.0140836926788879,1.03424620317431,1.42189706007834,1.04403673896035,0.041268388102702,0.716521053534351,1.37804131751697,1.06496039918712,0.0123566811316113,0.888313147890698,1.25465346553748,1.17373546920402,0.0123792230644349,0.998159997612503,1.35820548694905,1.15465994880631,0.0121152233559927,0.978850811069588,1.3378391926815
"ind-small","halfcauchy",2,"binary",10,104,15899212,8564213,1,1,1,1,1.00079274455142,0.975204208286433,1.00060150231147,1.00079274455142,1.01802254050497,0.0266871737890959,0.753797341612416,1.28595918496928,1.02577063023041,0.00846705719219671,0.876005268346031,1.1792844281988,0.992407882106482,0.0202220572556404,0.754362131158442,1.2276816025057,1.00024545138958,0.0107944336557311,0.829475915059859,1.17257116540303,0.986338611589581,0.0267213299702755,0.724488808345563,1.25366617067613,0.994595364290615,0.00924677256870659,0.832786292410559,1.15081456326788,1.06753685579657,0.00961933520687856,0.908484062516158,1.23068057017232,1.06252669452084,0.00945207227545124,0.902119405225632,1.22239432581844
"ind-small","halfcauchy",2,"binary",10,105,15899212,11960626,1,1,1,1,1.00079274455142,0.975204208286433,1.00060150231147,1.00079274455142,0.841507288548432,0.0213697403906221,0.60987332515595,1.08061948333746,0.848294646686922,0.0063286657552998,0.722215978106202,0.982843197826654,0.947848092018698,0.0159513448894919,0.744124189908257,1.15699456236468,0.952137318097473,0.00927750806168143,0.79895175402109,1.11395829319846,0.946984667738685,0.022035894229965,0.701837152111625,1.19788685227025,0.953888892644396,0.00834476602274893,0.804166226491941,1.10743338986109,0.828967495565338,0.00677656017682106,0.699095838375173,0.967794675139644,0.824396903361995,0.00662852627515407,0.69464336925211,0.960897286974068
"ind-small","halfcauchy",2,"binary",10,106,15899212,3715263,1,1,1,1,1.00079274455142,0.975204208286433,1.00060150231147,1.00079274455142,1.06558912243985,0.0400333421050409,0.742797060841855,1.40192305090035,1.07790464980705,0.00966391602940851,0.917994371295399,1.23738852464059,1.12821678411133,0.0318992545617195,0.83943506985313,1.42022236851055,1.14559297771168,0.0125964752835998,0.960372381226805,1.33730980819551,1.08268080892752,0.0363909349759892,0.778594987453092,1.40866788133961,1.10141228996793,0.0120862432010961,0.921041175776957,1.29004160868651,0.998650446769859,0.00940836630925321,0.84320146130367,1.1590297879235,0.974974596983309,0.00907040273050211,0.819271971700552,1.13452038696199
"ind-small","halfcauchy",2,"binary",10,107,15899212,7554549,1,1,1,1,1.00079274455142,0.975204208286433,1.00060150231147,1.00079274455142,0.932754711784967,0.029833499062807,0.659199076687385,1.21877229051962,0.942006096995192,0.00774939051464737,0.8035638529374,1.09224667261858,0.978801132552335,0.0240490551518352,0.727786105498942,1.23533005172193,0.986388506048422,0.0109213109401797,0.815692860954438,1.16210026876606,1.06120095163321,0.0294931694867783,0.790281652364471,1.35242686946997,1.07388934287506,0.0103066119018861,0.914612873708278,1.24028000984304,0.975038502928266,0.00848523110870257,0.830374024992605,1.13103285553401,0.967562662406903,0.00831075333810314,0.819714346120521,1.1204266628562
"ind-small","halfcauchy",2,"binary",10,108,15899212,6492337,1,1,1,1,1.00079274455142,0.975204208286433,1.00060150231147,1.00079274455142,1.11534432186305,0.039832277552318,0.798552190412655,1.44229978071185,1.12711997701532,0.00991460965687984,0.964553395908013,1.28988646384214,0.904845337822513,0.0257453958599152,0.640962516114502,1.17292958837319,0.91723740236214,0.0103366607684032,0.755844013697962,1.0926487238316,1.08892363682692,0.0394603175125599,0.774015202738599,1.42011343287333,1.10793587598141,0.0122605417969947,0.925509926637615,1.29114666159296,1.08454695555529,0.00983441514579333,0.926825751191611,1.25247277127492,1.05884802840608,0.0094101922060311,0.907199134782292,1.2253254101641
"ind-small","halfcauchy",2,"binary",10,109,15899212,13899851,1,1,1,1,1.00079274455142,0.975204208286433,1.00060150231147,1.00079274455142,1.06208130818809,0.0258885600215854,0.806214214010964,1.33852925134614,1.07061483311681,0.00897581830961815,0.919116378671595,1.23575928404458,0.987095551045234,0.020526401809023,0.754807194525173,1.22807234944095,0.995364892525128,0.010703636388089,0.83148682266698,1.17124266573543,1.13511316954513,0.0250814347529179,0.885746213623362,1.40898295942993,1.1456061965857,0.0110013922291914,0.973328856497765,1.32043358122678,0.922057023442376,0.0083929932886851,0.773292430797637,1.0744713482605,0.921331508593436,0.00829250885047887,0.77443552660429,1.07215986320081
"ind-small","halfcauchy",2,"binary",10,110,15899212,3088639,1,1,1,1,1.00079274455142,0.975204208286433,1.00060150231147,1.00079274455142,1.03981072344615,0.0229582630167064,0.793751793514749,1.29343654611854,1.04734566049871,0.00779522569666728,0.908188138982417,1.19745873982529,1.05882792553242,0.0190849818588621,0.838389624810241,1.28747672481141,1.06404682562731,0.0103877084141529,0.896734854719667,1.22918403500374,0.882577806877115,0.0218104057456402,0.644179109317698,1.1294347377868,0.889500059593053,0.00843796524469327,0.737821867036701,1.04028990665945,0.936661145619394,0.00803708692618289,0.789315355582214,1.08298284078254,0.931440358435256,0.00791223427712429,0.781579934155151,1.07929664129426
"ind-small","halfcauchy",2,"binary",10,111,15899212,9690261,1,1,1,1,1.00079274455142,0.975204208286433,1.00060150231147,1.00079274455142,1.040219649791,0.0271913125747859,0.769744394011748,1.31607956985339,1.05056380413,0.00830707770720265,0.902357963567241,1.20381501959673,1.01435852916284,0.0200568434767779,0.788085803005773,1.25378361826743,1.02120696362617,0.0111584983801689,0.850905132363561,1.19977680384844,1.05032524795029,0.0288688112028136,0.777697499326588,1.34152052659491,1.06257486386698,0.0103281441688375,0.895105925745315,1.23345144179781,0.966452781162321,0.00844054258060994,0.81790218803939,1.11957684537344,0.953964240894457,0.00811528196756496,0.808733812470289,1.10546400899228
"ind-small","halfcauchy",2,"binary",10,112,15899212,10961143,1,1,1,1,1.00079274455142,0.975204208286433,1.00060150231147,1.00079274455142,0.959680640420042,0.0288927879346102,0.684164693241692,1.23949654812493,0.968515451857027,0.00791016420354219,0.829283767127086,1.11975584337771,0.97323324093819,0.0221838058156736,0.735515600481608,1.2159207100085,0.981574879670869,0.010099404824122,0.817943182021604,1.14908654226608,0.927738213235414,0.0276060785603576,0.649509505552005,1.20224961978537,0.937940576145756,0.00875409060751686,0.786294225456509,1.09600125003171,0.912535462905862,0.00777120368706472,0.769968988004009,1.056185306869,0.892642265920786,0.00746271447021097,0.752694523147315,1.03574777567649
"ind-small","halfcauchy",2,"binary",10,113,15899212,1182632,1,1,1,1,1.00079274455142,0.975204208286433,1.00060150231147,1.00079274455142,0.995690125320104,0.0272660570501214,0.737905600591931,1.26510350836933,1.00323951097764,0.00876306886472083,0.856014415831712,1.16175870027555,1.03827858040504,0.0280166466311046,0.774242724186813,1.31667257178056,1.05362341170001,0.0119628069906106,0.871881574739462,1.23447938297897,0.99988630389941,0.0225906185087356,0.763284691736621,1.24563753563171,1.00518400621569,0.00974213961517022,0.848426688511513,1.16792742059422,1.08517916072064,0.00942465609759905,0.92821991805186,1.25010624982326,1.09050519345392,0.00937012869831726,0.934465661144226,1.25669630543886
"ind-small","halfcauchy",2,"binary",10,114,15899212,12804577,1,1,1,1,1.00079274455142,0.975204208286433,1.00060150231147,1.00079274455142,0.999196059808011,0.0289182274775129,0.730369577843452,1.2787515178176,1.00850497970387,0.0086520736591312,0.861905044203884,1.17286618619066,1.06510565799665,0.0260629243241479,0.8037171255743,1.3251425913634,1.07858358012494,0.0119623796012303,0.902110862754396,1.26337446167164,1.05187808801063,0.0252555082740465,0.795718953555062,1.3126387483797,1.0610929173923,0.0100295000811162,0.905265418213333,1.2356820903546,1.03406102457338,0.00911627462931577,0.882522083222433,1.19219849703798,1.0056145400014,0.00873528082976618,0.851779496202737,1.16512917378629
"ind-small","halfcauchy",2,"binary",10,115,15899212,13728553,1,1,1,1,1.00079274455142,0.975204208286433,1.00060150231147,1.00079274455142,1.20929282764737,0.0377856252575944,0.896311027484978,1.52688709124082,1.22217741668239,0.0107370703850305,1.05104369795926,1.40211780217145,1.16584760665383,0.0199962815190531,0.944761669554855,1.39868918389424,1.17326218596967,0.0117639113619044,0.994487379855416,1.35509930281245,0.877898029575248,0.0380047014128116,0.563932791802369,1.20326006732074,0.895565706718112,0.00900477617083156,0.745962653289475,1.05018960153912,1.00717936518406,0.00950279215925906,0.847568745032486,1.16666585825608,0.98422541604863,0.00924663521673228,0.828705013630196,1.14285503554251
"ind-small","halfcauchy",2,"binary",10,116,15899212,8940417,1,1,1,1,1.00079274455142,0.975204208286433,1.00060150231147,1.00079274455142,1.10809174521749,0.0204655568873953,0.875456008261821,1.34277572967006,1.11634963025005,0.00883344063621482,0.966530033958781,1.27767002287976,1.1949937574993,0.0214374027650264,0.960219317215266,1.43504038037105,1.20203396512818,0.0127100528340208,1.01979967977774,1.3947952218379,1.20841898811937,0.0196451674295036,0.989277699926828,1.44469548825061,1.21540184760304,0.0116820615849023,1.04198209869038,1.40052929110604,0.995573405897034,0.00917676485500569,0.839803546607807,1.15699605050861,0.986315155118803,0.00882865400799587,0.834675031993801,1.14319676353396
"ind-small","halfcauchy",2,"binary",10,117,15899212,15383039,1,1,1,1,1.00079274455142,0.975204208286433,1.00060150231147,1.00079274455142,1.02740491923229,0.026934636754301,0.7624422460151,1.29680813758657,1.03507768569865,0.00822889712073214,0.891412830191411,1.18903854795556,0.956439685498011,0.0226245050649311,0.717736135303505,1.20427755959855,0.965927880662832,0.00997271672095001,0.806151125877645,1.13229778577022,0.961122593799307,0.0250156044732865,0.713886996770733,1.23599017260583,0.968621526754768,0.00861430936025472,0.81762843956389,1.12311011371244,1.0032776388399,0.00873981237051075,0.858501874827771,1.15840805979184,1.00813500019955,0.00871587521674425,0.862830706665043,1.16776488296773
"ind-small","halfcauchy",2,"binary",10,118,15899212,14868787,1,1,1,1,1.00079274455142,0.975204208286433,1.00060150231147,1.00079274455142,1.15422963416322,0.050339806671791,0.7951571410328,1.5337822261403,1.16999495936535,0.0120619993571499,1.00069947543495,1.35507454969557,1.42325509131228,0.0373463312212744,1.113456722766,1.73339569303342,1.44367321541501,0.0176711623325656,1.22675289942394,1.6648356113748,1.12006802196077,0.0472997055878057,0.769509455192619,1.49090039522687,1.14707149913378,0.0139107837015186,0.962710781651399,1.35319139945804,1.16806024433361,0.0133949374398093,0.991227267480159,1.36224654609855,1.15286349465024,0.0129306522181517,0.977103822169947,1.34637179617922
"ind-small","halfcauchy",2,"binary",10,119,15899212,3930432,1,1,1,1,1.00079274455142,0.975204208286433,1.00060150231147,1.00079274455142,1.01039023182407,0.0308644021040247,0.723529881348755,1.30343797471984,1.0213555965656,0.00867905355655408,0.872721873902264,1.17514493371042,1.04667529888039,0.0187905998549691,0.824670478037172,1.26994870517329,1.05447749463575,0.011559546467326,0.884831954747113,1.23511574877723,1.11669502070882,0.0346497554703104,0.824832783611156,1.43142487158382,1.13345163830972,0.0115453753638162,0.961781943701032,1.31299504507732,0.993647553228399,0.00949231755718161,0.837998028948581,1.15875240617257,0.974612885170468,0.00903207047923633,0.821202585281085,1.13430072902496
"ind-small","halfcauchy",2,"binary",10,120,15899212,3006621,1,1,1,1,1.00079274455142,0.975204208286433,1.00060150231147,1.00079274455142,1.10255020024036,0.0416264503978716,0.776100717318414,1.43396875102349,1.11546650376079,0.0102792667465971,0.950244791694872,1.28770477846068,1.0966668033003,0.032116752768275,0.805928818985612,1.3932107216908,1.11541192135155,0.0118153034580925,0.942116596908114,1.29939566952094,1.05718255874631,0.0352980800159197,0.753567488380748,1.35567267791155,1.0734875131955,0.0114212213204049,0.8974462927234,1.25423096623365,1.16224454560203,0.0112477076002721,0.989345848975179,1.34224312261717,1.14293772409525,0.0107463252505157,0.976824249458572,1.32201226138703
"ind-small","halfcauchy",2,"binary",10,121,15899212,5273011,1,1,1,1,1.00079274455142,0.975204208286433,1.00060150231147,1.00079274455142,0.966501217946087,0.0313914082204301,0.685159886674167,1.26274771021893,0.975527577517056,0.00732035133271056,0.841145181101027,1.11501287565595,0.933340886688247,0.0271443170844869,0.664976507331257,1.19719238607155,0.945275551135506,0.00968150217580575,0.787535972617776,1.10594483654129,0.934820860708327,0.027776687024688,0.666074601306507,1.20775385103231,0.946022286037184,0.00895269908742216,0.793042570805153,1.10240568977908,1.00906666786951,0.00877587990293256,0.853705761758292,1.16197062546523,0.9981500733173,0.00852521743080466,0.845947032401777,1.15072519660642
"ind-small","halfcauchy",2,"binary",10,122,15899212,1708577,1,1,1,1,1.00079274455142,0.975204208286433,1.00060150231147,1.00079274455142,1.01850437574768,0.0263242082633103,0.757412333284668,1.28807010004603,1.02468529919073,0.00815684579250011,0.88393682458059,1.17445384495803,1.01329567423337,0.0190339706375214,0.786466624167074,1.2476597410678,1.02079438897896,0.00991812398531491,0.861649726090231,1.18481631538774,0.837331083958783,0.0251558987925557,0.57766740963825,1.10683409129519,0.844877397017799,0.00860382374731375,0.69405460209574,0.994618925885516,1.0394484157264,0.00883938842346221,0.889068902019446,1.19373480736706,1.02676408403879,0.00854079115883569,0.88055156898412,1.17736721649936
"ind-small","halfcauchy",2,"binary",10,123,15899212,12186951,1,1,1,1,1.00079274455142,0.975204208286433,1.00060150231147,1.00079274455142,1.0627106101464,0.0383976595168361,0.736818702486601,1.38431122504679,1.07442767697403,0.0095267519211567,0.919064053247075,1.2401076531062,1.17209925737731,0.0385742933002076,0.855059888913128,1.49059077017751,1.19464128709512,0.0135061816006707,1.01102072785585,1.3871498310867,1.03067405766103,0.0291677584142255,0.751574118411498,1.3131293761446,1.04021161526,0.010842169604669,0.86243472710259,1.20915829153703,1.14358111046242,0.0113944830836728,0.972601434096182,1.32491223187683,1.13615476787467,0.0110243828472182,0.966445656579705,1.31350786812459
"ind-small","halfcauchy",2,"binary",10,124,15899212,4627605,1,1,1,1,1.00079274455142,0.975204208286433,1.00060150231147,1.00079274455142,0.889215682468415,0.0245159368345636,0.638635552232272,1.13897389594955,0.896993078823039,0.00666944030101749,0.765634686829959,1.03431817675045,0.992650056824129,0.0190266591964204,0.768240034346029,1.22272003473521,0.99917072095294,0.00981481351985657,0.841309380787888,1.1656888736701,0.896526969865952,0.0248490982298013,0.646285493808732,1.16653313930841,0.905009247672425,0.00846655182235308,0.75633935093569,1.06164757102321,0.87639261166852,0.00716243998927813,0.742198031221879,1.01879090258742,0.869193865544484,0.0069009611620112,0.737764293842607,1.00804487553325
"ind-small","halfcauchy",2,"binary",10,125,15899212,1693970,1,1,1,1,1.00079274455142,0.975204208286433,1.00060150231147,1.00079274455142,0.950470563469522,0.0294083293795787,0.682263673212408,1.23098189203763,0.959921390494032,0.00770713736396362,0.818108095567732,1.10683394394052,0.968885551307703,0.0168165334946021,0.763888735819917,1.1828544257036,0.975409778092949,0.0105079724793542,0.811067318782857,1.1449928827444,0.969280321054463,0.0317751256562935,0.687259688186309,1.26585635521893,0.983155342392194,0.00934847508273623,0.826411289726526,1.14721272089936,0.911758296898834,0.00755681657320196,0.769446988216235,1.05688341320383,0.904226638011959,0.00720917252288265,0.764983168802703,1.04714550310087
"ind-small","halfcauchy",2,"binary",10,126,15899212,10795882,1,1,1,1,1.00079274455142,0.975204208286433,1.00060150231147,1.00079274455142,0.943146132842789,0.0291514368555573,0.66882600719305,1.22939659522025,0.951009869847724,0.00756812134944816,0.814370855775471,1.09989515454783,0.987754193866846,0.0303516833352273,0.710565759173421,1.28076555145967,1.00395574778757,0.0104730388160323,0.840288038591581,1.17527342957804,1.00119150752173,0.0216251773754162,0.760567264447581,1.2425769387917,1.0082956173223,0.00947036311723144,0.850824462275844,1.16723698631648,0.953268554413017,0.00825383227185662,0.80402909090893,1.10803839714251,0.933428885451933,0.00790161865725076,0.788820250386017,1.08224668184984
"ind-small","halfcauchy",2,"binary",10,127,15899212,2645553,1,1,1,1,1.00079274455142,0.975204208286433,1.00060150231147,1.00079274455142,1.05707589477241,0.0411080760700367,0.721414347268679,1.38352015388727,1.06913933566175,0.0089098449671905,0.916891289540265,1.23084612649918,1.07641520082996,0.0284625768773791,0.806546619354965,1.36017423314904,1.0904038624925,0.0127953910979897,0.912623745413126,1.28211711308907,1.02699228639284,0.0409720534807765,0.700851868298915,1.38421651511619,1.04587391539278,0.0119501844682669,0.873583064404778,1.23408334398123,1.03335460287727,0.00958393032753898,0.878872027067369,1.19970200520859,1.02105557199548,0.00937282498507095,0.869442524150765,1.18506738333083
"ind-small","halfcauchy",2,"binary",10,128,15899212,5788917,1,1,1,1,1.00079274455142,0.975204208286433,1.00060150231147,1.00079274455142,0.883774095410529,0.029981541919549,0.605162121304764,1.1568253975664,0.892724847020496,0.00720985506422391,0.7582559402381,1.04085891545635,1.25746837412549,0.0250866852990853,1.00787878531137,1.51870178284615,1.26744429979642,0.0140984193089057,1.08194331321255,1.47223286499346,0.852985014245213,0.0292357827691309,0.579828418664148,1.14274539109585,0.863426698830924,0.0092642240049326,0.707741775936915,1.02511783479471,1.08690648949157,0.0101553254950047,0.926327057530156,1.25606070145003,1.06516669358303,0.00974256411590506,0.907923874270801,1.23421728770354
"ind-small","halfcauchy",2,"binary",10,129,15899212,6928768,1,1,1,1,1.00079274455142,0.975204208286433,1.00060150231147,1.00079274455142,1.09750349263555,0.0361411275840002,0.796235245494462,1.40906188948528,1.11068577669042,0.0102485857329963,0.944420284530799,1.28027525639238,0.929914346302483,0.0218305593399693,0.691851030319811,1.17738299598369,0.938653317925886,0.0105782845370724,0.76874577145337,1.11316231608092,1.1123196450728,0.036159606538663,0.81352186397305,1.43974125613598,1.12982118415649,0.011472897372417,0.952348292310444,1.30842645695083,1.18851241445005,0.0112085901022238,1.02112138958702,1.36497027438788,1.15669467231265,0.0107356485284622,0.98808589046228,1.32929065229316
"ind-small","halfcauchy",2,"binary",10,130,15899212,10685045,1,1,1,1,1.00079274455142,0.975204208286433,1.00060150231147,1.00079274455142,0.990702348569481,0.0293089317860945,0.722675691333153,1.27620358709061,1.00030082685363,0.00833928546804408,0.856243340477305,1.15362714949692,1.06227589820757,0.0270891712943927,0.799497917530895,1.34283284760652,1.07587270328833,0.0108694221870105,0.908715531711501,1.25339296387764,0.979063011067452,0.0249298766260014,0.725640961029491,1.24888172250396,0.987327363525684,0.00952799005322484,0.833619587521017,1.15126375732763,0.92827187457523,0.00832977634873587,0.779437150835081,1.0812259243541,0.907899915339372,0.00796680430158703,0.76183671849345,1.05735384663886
"ind-small","halfcauchy",2,"binary",10,131,15899212,9950836,1,1,1,1,1.00079274455142,0.975204208286433,1.00060150231147,1.00079274455142,1.09249023190896,0.0386968651592164,0.778488982596513,1.4194217336189,1.10348982441226,0.00962125220332994,0.952846881274339,1.27134566352828,1.20963308532068,0.0349840357030339,0.90766496291636,1.51543410143375,1.23119751632647,0.0131429236025556,1.05072071996454,1.42724773990958,1.05618045030931,0.0324711234879758,0.761670722116281,1.34727195634829,1.07063750490988,0.0114605272212281,0.896997791694351,1.24947949477725,1.03554415465324,0.00998457743986068,0.875003448409591,1.19933706410671,1.00583382688921,0.00953148058741343,0.847548829887417,1.16387464004887
"ind-small","halfcauchy",2,"binary",10,132,15899212,9112359,1,1,1,1,1.00079274455142,0.975204208286433,1.00060150231147,1.00079274455142,0.963859906790086,0.033461394033454,0.668802193551234,1.26721080612817,0.97331876118954,0.0075691729198106,0.831459097885937,1.11917477814287,0.867843260548147,0.0251695742835959,0.607950159669422,1.12620923890584,0.877975372314485,0.00986128571594887,0.717390307354222,1.04453876940757,1.01031685642303,0.0319087964394203,0.724450237441808,1.31445317471303,1.02307979564711,0.00993323704943723,0.856661099335552,1.18663542548298,0.939691861041888,0.00829485544948636,0.790674987204687,1.09327212171574,0.928865398371061,0.00795451420136044,0.782237752779985,1.0756378313913
"ind-small","halfcauchy",2,"binary",10,133,15899212,4871753,1,1,1,1,1.00079274455142,0.975204208286433,1.00060150231147,1.00079274455142,0.887236548995595,0.0288646850260988,0.614187751846579,1.16412208534512,0.895983275753333,0.00705717085445893,0.765979517470416,1.04080669215006,0.961242512087291,0.0329666935898624,0.679643584290707,1.263360627554,0.979843870314127,0.0100691096580703,0.818375337332199,1.14873874777884,0.917113505444907,0.0200937564955653,0.690595829651508,1.14889806653891,0.922134754490273,0.00842046793956466,0.767657807172451,1.07210997862149,1.00753431131375,0.00878376514791625,0.858835218125716,1.16467023673706,0.995902761225921,0.00847660749815808,0.850901218720395,1.14943938737279
"ind-small","halfcauchy",2,"binary",10,134,15899212,2152940,1,1,1,1,1.00079274455142,0.975204208286433,1.00060150231147,1.00079274455142,1.04496741791036,0.0418288111641605,0.714490605985595,1.38521485387468,1.0595860623229,0.00965765833596569,0.907591666317934,1.23162013850416,0.923091261305894,0.0335073462476268,0.628673618288427,1.23548919994037,0.941556109495782,0.010916457163574,0.773735921143103,1.12163862224373,1.02751166217848,0.0351568104452346,0.73517810507775,1.33964205232778,1.04269808739028,0.0115169589047815,0.872074147608166,1.22733166390319,1.12450948888024,0.0105182534724125,0.962083837835754,1.29506403816775,1.07294763819819,0.00971864549199584,0.917070137750622,1.23864708650689
"ind-small","halfcauchy",2,"binary",10,135,15899212,3781034,1,1,1,1,1.00079274455142,0.975204208286433,1.00060150231147,1.00079274455142,1.03211221595188,0.0297294585270033,0.7489009235823,1.32136205484534,1.04132207127572,0.00876925519713716,0.891457485417244,1.19975187344059,1.07300350437579,0.0237682437186638,0.821210108723854,1.33059549569096,1.08173698062097,0.0116164937732698,0.908181812843588,1.26137036154026,1.10384277161177,0.028846934189497,0.841013503757338,1.39284111202585,1.11595497683662,0.0110624035595408,0.944028856739352,1.29190890706438,1.00384222287329,0.00937170419024596,0.850710050705337,1.16284625032046,0.992297323680023,0.00912476507128901,0.842387307906638,1.15016296305221
"ind-small","halfcauchy",2,"binary",10,136,15899212,969865,1,1,1,1,1.00079274455142,0.975204208286433,1.00060150231147,1.00079274455142,0.903261151739453,0.0367301821397301,0.58875561361453,1.22022305027562,0.915955695921859,0.00784904959344456,0.777087885162691,1.06749869354134,1.05973767192223,0.0281364487584302,0.787709812282212,1.32824729184567,1.07458914012114,0.0112699627403298,0.907092560529296,1.26250190091842,1.01735368586032,0.0356009566119051,0.719149871183252,1.33560397376823,1.03252115562278,0.0114443387614743,0.86006097679275,1.21003511726687,1.04838400675022,0.00961148286900472,0.887140178904105,1.20976762933282,1.03548324772499,0.00926648719630525,0.875197043878435,1.19051042501467
"ind-small","halfcauchy",2,"binary",10,137,15899212,14376514,1,1,1,1,1.00079274455142,0.975204208286433,1.00060150231147,1.00079274455142,1.20679689484256,0.0463046214854073,0.859539122590568,1.55808364430783,1.22284856671735,0.0124652242321489,1.04645016734133,1.41054559538608,1.21230254549482,0.0378394341348772,0.893553955556688,1.54269958648754,1.23516690230725,0.014927197190832,1.03263702195516,1.43730064371362,1.30683154366939,0.0412003828375269,0.986239136834384,1.64983529564307,1.33096540721438,0.014912097922632,1.13519783414052,1.53485001085318,1.21962989767746,0.0130126350803802,1.03480524683975,1.41170461531118,1.20675074063525,0.0128631072652362,1.02533313049559,1.40064909902499
"ind-small","halfcauchy",2,"binary",10,138,15899212,4240168,1,1,1,1,1.00079274455142,0.975204208286433,1.00060150231147,1.00079274455142,0.958058087737265,0.0299977518220266,0.680614628065007,1.25237789135826,0.966858315050127,0.00854187895385528,0.814827311239401,1.12531162294204,0.889084269101285,0.0191581730867448,0.663388496194405,1.11970559761164,0.895318325766808,0.00940255338505879,0.735802586002648,1.05333446005026,1.07588221626289,0.029943094097013,0.799909036044635,1.36573101176633,1.0889331889204,0.0100086414804182,0.926898780227174,1.25506823191058,1.00583730273599,0.00898973952001428,0.85471911413994,1.1674624277204,0.986132209617726,0.00872684654767646,0.834802769065573,1.14480094703954
"ind-small","halfcauchy",2,"binary",10,139,15899212,15148950,1,1,1,1,1.00079274455142,0.975204208286433,1.00060150231147,1.00079274455142,0.866305830572352,0.0281467440581454,0.59382756106585,1.14237983514211,0.874812287368707,0.00748401102769977,0.738548627465799,1.02054035425997,1.10000093480339,0.0291433267602718,0.824959671243407,1.38355966482571,1.11486864351236,0.0116790526225803,0.938291256896776,1.29600929316935,0.923478499353597,0.0233680067029652,0.680024711419437,1.17890921081631,0.931272093413706,0.00891498922341204,0.773893252709728,1.08610497000452,1.04967981661737,0.00881571248996439,0.901778638152778,1.21143105945737,1.04474246247422,0.00861378155074589,0.898434198878659,1.20527072164586
"ind-small","halfcauchy",2,"binary",10,140,15899212,8172725,1,1,1,1,1.00079274455142,0.975204208286433,1.00060150231147,1.00079274455142,0.949353148962135,0.0361187362838207,0.64202086389835,1.27025741223667,0.958742377320078,0.00835248763145589,0.816660206721148,1.1133387880402,1.0052456603576,0.0266041903207627,0.741951520967231,1.27493914640441,1.01678522762403,0.0107739939392138,0.852400745260215,1.19645474542181,1.04472553971549,0.0343116126719893,0.746528963279838,1.35439641900139,1.05916211904502,0.010726389077057,0.895350107732477,1.23262148446517,0.965858664639014,0.00874596623556233,0.813751864905089,1.12225432390067,0.972636216284937,0.00882210083669491,0.82085419974032,1.12540108968593
"ind-small","halfcauchy",2,"binary",10,141,15899212,15418715,1,1,1,1,1.00079274455142,0.975204208286433,1.00060150231147,1.00079274455142,0.940230056265526,0.0190047921646297,0.722655957970644,1.17020263939173,0.946393525184155,0.00714617083770576,0.812792551564057,1.09189352386177,0.902001932903501,0.019206069051071,0.676957791733828,1.13696173176116,0.910928468126166,0.00930477064039909,0.755004575093749,1.06665379832682,1.02410787752707,0.017241310767856,0.813376075166526,1.24634740847812,1.02821735587906,0.00924489512877405,0.872045964326157,1.18702915579162,0.872421643119674,0.00679789172432135,0.743142853984074,1.01453005515024,0.871165312450753,0.00666265532073755,0.742859018727683,1.00818750228302
"ind-small","halfcauchy",2,"binary",10,142,15899212,6698395,1,1,1,1,1.00079274455142,0.975204208286433,1.00060150231147,1.00079274455142,0.880230620950154,0.0271695440798951,0.609471510293232,1.15249792126399,0.889186059044868,0.00705659586257278,0.752318946973856,1.02831334137272,1.12306165250146,0.025090763369691,0.869930250458436,1.37642121017234,1.13636965795078,0.0122516311178339,0.960637348854393,1.32058399525305,0.909797102717631,0.0251055038927475,0.654332069298401,1.17728133845636,0.917949741147562,0.00893172238957986,0.766534158474116,1.07512858516803,0.9872482841313,0.00884509120325682,0.835452328306897,1.14861123899134,0.97305238052382,0.00848384810593403,0.824675845732539,1.13114615362633
"ind-small","halfcauchy",2,"binary",10,143,15899212,6398377,1,1,1,1,1.00079274455142,0.975204208286433,1.00060150231147,1.00079274455142,0.982995643161608,0.0323562511643926,0.693544030747615,1.28379790441565,0.993245819302808,0.00823770588739993,0.84324585102177,1.14848663000707,1.06096648556959,0.0313430614460308,0.774067575420774,1.35551235227741,1.07627441753521,0.0116265820105104,0.9028821469817,1.25589064350803,1.07461482890568,0.0259423479741816,0.8117888614233,1.33877020475257,1.08509696503513,0.0102027947835229,0.923585115760267,1.24763384185326,0.965986508400239,0.00868695550606776,0.812116692859636,1.12039216359098,0.955173402376921,0.00833849823672913,0.804332517049413,1.11226411021357
"ind-small","halfcauchy",2,"binary",10,144,15899212,12385808,1,1,1,1,1.00079274455142,0.975204208286433,1.00060150231147,1.00079274455142,0.948475680740232,0.0360802597761866,0.642253193896405,1.25953166436255,0.960034776224563,0.00747161480126238,0.825024145367525,1.11298053052323,0.968935460727314,0.0292280839034304,0.691079166326962,1.2509373547404,0.986319225363226,0.0104919748844056,0.824392980205166,1.15718643577592,0.893240835830044,0.0307441091667725,0.609723466676262,1.18671539095048,0.904401952200137,0.00841496431373517,0.754433795611062,1.05434967372386,0.942464034061131,0.00812867658517733,0.795753574526075,1.09251478221068,0.900579290136714,0.00756679619913432,0.760174636822121,1.04537254978642
"ind-small","halfcauchy",2,"binary",10,145,15899212,8491320,1,1,1,1,1.00079274455142,0.975204208286433,1.00060150231147,1.00079274455142,1.08060454729574,0.043430863422604,0.748170813209485,1.41360604838547,1.09284377148967,0.0104938023151115,0.928032132114785,1.26719876766661,1.02122515534137,0.0300824025025463,0.748361219450867,1.30869018746048,1.03181665988639,0.0121056485185383,0.85462089457939,1.21563520174767,1.07097751609489,0.0405012595663521,0.747847565961993,1.41499327767134,1.09373682567711,0.0115769569825611,0.91808257844635,1.27161436746572,1.06026189321382,0.00969816094797931,0.901718095428175,1.22369795727831,1.07111978876805,0.00976079778411439,0.911956476997265,1.23209497735933
"ind-small","halfcauchy",2,"binary",10,146,15899212,4572278,1,1,1,1,1.00079274455142,0.975204208286433,1.00060150231147,1.00079274455142,0.93890015600531,0.0323002857916655,0.649686900511185,1.23899639198292,0.948404297268854,0.00846040524828178,0.805583680944968,1.10604219985513,1.01406942094389,0.0322151575454916,0.723237437239177,1.30568957836607,1.03184877640479,0.0108903013266949,0.862615273391704,1.21230626612713,1.02108603699022,0.0242083983012982,0.775215579206753,1.2720421362143,1.02972896019739,0.00926215910536598,0.874652634183181,1.19266392228229,1.0598453208926,0.00978664446909641,0.904612992930264,1.23042236480821,1.04610689596344,0.00937655024597154,0.893630710138457,1.20894628025747
"ind-small","halfcauchy",2,"binary",10,147,15899212,5340054,1,1,1,1,1.00079274455142,0.975204208286433,1.00060150231147,1.00079274455142,1.05732096306173,0.0363539233037801,0.748003552673948,1.36997956237103,1.06922083917415,0.00923388574076728,0.913405080455072,1.23140544411521,1.29149707975595,0.0287477552743214,1.02602854305506,1.57654082259888,1.3066433334641,0.0146019888836541,1.11329929704046,1.51265548472519,1.03922983917193,0.0346520787868085,0.742785634719744,1.35014507014969,1.05519768697139,0.0108488594569222,0.889038790781384,1.2248062632756,1.00203238069001,0.00900375146018018,0.850240773249134,1.16328014972746,0.96496112093521,0.00840018631320805,0.817856044687258,1.12039372723051
"ind-small","halfcauchy",2,"binary",10,148,15899212,6799849,1,1,1,1,1.00079274455142,0.975204208286433,1.00060150231147,1.00079274455142,0.950178619681167,0.0268640939034877,0.694045833935358,1.22571701511319,0.958239130862934,0.0079891860093743,0.819341907222857,1.10863245997812,0.941692726861892,0.0196821566480563,0.711200445204954,1.17611800387371,0.948902271099299,0.0103236788644946,0.791053977457393,1.12136627735721,1.08122254359738,0.0275825748761723,0.81435567392683,1.36180310592945,1.09125847023454,0.010060780555173,0.923973775307545,1.25260889867145,1.0517953284303,0.00940283368649612,0.892177551400143,1.21382082926193,1.04518637456441,0.00917569237480593,0.886566412862898,1.20456945795978
"ind-small","halfcauchy",2,"binary",10,149,15899212,6420253,1,1,1,1,1.00079274455142,0.975204208286433,1.00060150231147,1.00079274455142,0.823204910454883,0.0226313809891525,0.58705798765777,1.07461574177025,0.82886066235931,0.0064764251849793,0.699475649569241,0.965563044238999,0.859555843654628,0.0186136060683148,0.637589954039501,1.08295133293544,0.866721887954007,0.00868496414018935,0.722679117497204,1.02169199841126,0.757143174567279,0.0207515279305314,0.526540407073333,0.991186990842364,0.762374608353,0.00743647592226546,0.618700428783727,0.907818025725763,0.871051080584697,0.00707188817714977,0.729358337230078,1.00980394557456,0.861235658678838,0.00686593598894857,0.722501822793883,0.996836751810732
"ind-small","halfcauchy",2,"binary",10,150,15899212,12791775,1,1,1,1,1.00079274455142,0.975204208286433,1.00060150231147,1.00079274455142,1.05207804986433,0.0397093135393601,0.729788931573791,1.37446761396991,1.06592672556977,0.00867172751522135,0.91749064468957,1.22409080561065,1.07670403135201,0.0275848069117291,0.808395636581174,1.34819019714691,1.09286238794226,0.0113435611079999,0.918727963689192,1.2747107115392,1.00581662314357,0.0367042988288359,0.698974489236925,1.3321363678586,1.02483368645583,0.0106408456019954,0.85372573371317,1.19789361333382,0.898841369007679,0.00842445646591248,0.752558153446398,1.05871634284794,0.846351972433663,0.00787473754793664,0.705223847225386,0.998878155028082
"ind-small","halfcauchy",2,"binary",10,151,15899212,908191,1,1,1,1,1.00079274455142,0.975204208286433,1.00060150231147,1.00079274455142,1.01371821257913,0.0310239876097017,0.730174881226267,1.30129603989108,1.02417488306479,0.00823486881210408,0.880065656091155,1.17735598356412,0.898462086620931,0.0171618507679578,0.687838264552529,1.10594636362638,0.902875551855954,0.009615241118918,0.742094717778963,1.06219531940391,0.994992263002146,0.0338426114684667,0.701942503242355,1.30700466691499,1.01041316344271,0.0101646944076761,0.850196582191792,1.17770134347797,1.0182900973818,0.00901542629174474,0.864713715967325,1.17328743726814,0.990458489951689,0.00863912946055864,0.841060023175221,1.14571899487846
"ind-small","halfcauchy",2,"binary",10,152,15899212,13496273,1,1,1,1,1.00079274455142,0.975204208286433,1.00060150231147,1.00079274455142,0.959043072002129,0.0296491699991387,0.683190134975575,1.24333228950696,0.968174534337245,0.00794498513530214,0.822423477012935,1.11521629680164,1.01839073308789,0.0205920813024268,0.790173406273307,1.25371367802989,1.0265261508992,0.0107433021170464,0.864972908912343,1.20015233145165,0.928355876551889,0.0297056083070641,0.652747165326804,1.21449610698836,0.938838207625051,0.00871566436938659,0.786075374431188,1.09134212627643,1.03412955499215,0.00892541023806162,0.883134786608077,1.19090698976061,1.02298861101447,0.00871930681010253,0.874506737553409,1.17660508814119
"ind-small","halfcauchy",2,"binary",10,153,15899212,15010329,1,1,1,1,1.00079274455142,0.975204208286433,1.00060150231147,1.00079274455142,1.06530915477019,0.0380026865963049,0.754145273482582,1.37542000840846,1.07754639273931,0.00981949321457511,0.918185537298569,1.24430605795349,1.11060784971002,0.0305331053156458,0.828191081767986,1.39557106860698,1.12673960246979,0.0117835057034168,0.951136058129828,1.30830933213834,1.01144860540038,0.0326595354072677,0.731073773569232,1.31212985283457,1.02564580611156,0.010620292583452,0.861079485683923,1.19452963473626,1.03239316182685,0.00993984603068633,0.866055483516259,1.20135355378633,1.00991730418323,0.00943817585100151,0.850279867517823,1.17526229525458
"ind-small","halfcauchy",2,"binary",10,154,15899212,13504070,1,1,1,1,1.00079274455142,0.975204208286433,1.00060150231147,1.00079274455142,0.961554299868123,0.0343952192203458,0.660000239800431,1.26631548669851,0.973178131063906,0.00847880818996446,0.826447522701488,1.13228361965377,1.05113094536729,0.0265785571057276,0.788174522286996,1.31459408020751,1.06594360131437,0.0117133926237566,0.894126086286259,1.2537634355066,1.05564234637341,0.0332028930399789,0.76253954271197,1.36149928944837,1.07067682369963,0.0107464103362962,0.901916483150238,1.24324767471608,1.15294423572082,0.0105900606708658,0.990006598668692,1.32742031112798,1.12929914769959,0.0101215881580395,0.967965564095309,1.29918979955967
"ind-small","halfcauchy",2,"binary",10,155,15899212,15031830,1,1,1,1,1.00079274455142,0.975204208286433,1.00060150231147,1.00079274455142,0.953037978712573,0.038728313892193,0.641856092262187,1.27558894848756,0.964938617750417,0.00837528710510256,0.819969871318815,1.1193275029226,1.18547205121694,0.0265932540832586,0.921607115365855,1.45347593217481,1.19816414162184,0.0132365350341042,1.01862048906235,1.39590398002521,0.954876335415996,0.0391134554539037,0.633117066755208,1.28159894311263,0.972669516234036,0.00988510477754732,0.809840615450385,1.1398385212337,1.07301502843538,0.00968923314536659,0.915689766310791,1.23867131988309,1.0698533484046,0.00972229975887399,0.912413221770371,1.23742023409153
"ind-small","halfcauchy",2,"binary",10,156,15899212,1501329,1,1,1,1,1.00079274455142,0.975204208286433,1.00060150231147,1.00079274455142,1.02904669430139,0.030677488837103,0.750270698521815,1.32793901450186,1.03991708754528,0.00827685481384106,0.900438511774446,1.19475408715655,0.881122007522625,0.0165201508014103,0.67620512710723,1.09937286869288,0.88751789967281,0.00946857664951047,0.728353468864936,1.04638276661405,1.00236038851728,0.0338164435868318,0.707086519138162,1.30780962426229,1.01836270171316,0.00994729096181946,0.856679339671894,1.18603925444409,0.940170005102459,0.00767369710066607,0.796832968769937,1.08715791690353,0.912517948999169,0.00737635333341625,0.773586146081907,1.05625205310645
"ind-small","halfcauchy",2,"binary",10,157,15899212,236830,1,1,1,1,1.00079274455142,0.975204208286433,1.00060150231147,1.00079274455142,1.0487578626827,0.0380280980346862,0.740891912377875,1.3732701786031,1.05897686616775,0.00965667912989863,0.901470258225244,1.22680172759898,0.843901771673661,0.0272325510398071,0.575916870294746,1.12194749268502,0.85375884555764,0.0102636628898273,0.686163090676786,1.02473706762372,1.05492584561296,0.0346666961786727,0.751827884973044,1.35903867879218,1.07078853010464,0.0107130264358291,0.900117415385058,1.24282807124892,1.13540293110706,0.0105387783586914,0.969072248082846,1.30738575687057,1.13687387093666,0.0104495746120016,0.970898222732127,1.30657914976188
"ind-small","halfcauchy",2,"binary",10,158,15899212,14245355,1,1,1,1,1.00079274455142,0.975204208286433,1.00060150231147,1.00079274455142,1.00135169897234,0.0405240411284607,0.669023481421969,1.33070397623874,1.01396171407105,0.00863938211707251,0.866049470849172,1.1711585571907,1.04658712000672,0.0367198385062083,0.740647175841329,1.36066216495772,1.07040748776657,0.0122617016773969,0.892890949178797,1.25030163732796,0.887177861980324,0.0297755536802849,0.608824172584551,1.17357087530787,0.897282746404233,0.00863320586214798,0.743037509531544,1.05207817115683,0.946865732895896,0.00816748421038203,0.798710558751766,1.10072946397274,0.926103567563612,0.00775378355624523,0.782870679245035,1.0746729301415
"ind-small","halfcauchy",2,"binary",10,159,15899212,10008583,1,1,1,1,1.00079274455142,0.975204208286433,1.00060150231147,1.00079274455142,1.08918841995869,0.0408032388132828,0.767098076742057,1.4067295596222,1.10260798962934,0.0101152563812239,0.935912895912223,1.26796402233491,1.23623289931581,0.032582518798516,0.951466676473003,1.53862390863374,1.25558867265672,0.0142161478758405,1.06496357241169,1.45831762421232,1.12882545808514,0.0372404523677501,0.80893737235898,1.45474791428004,1.14603848153347,0.0121217849965035,0.962442927041389,1.32686544830647,1.14478531187923,0.0115156967491817,0.968915755157844,1.32108592192464,1.13806194157135,0.0113074639457446,0.966067277011492,1.31444718158149
"ind-small","halfcauchy",2,"binary",10,160,15899212,12088377,1,1,1,1,1.00079274455142,0.975204208286433,1.00060150231147,1.00079274455142,1.10443816745174,0.0321604476815763,0.825250763273416,1.3998653085727,1.11314069924324,0.0101763616172438,0.950705072279309,1.28364428386722,1.0137931487252,0.0237859769643758,0.769895957859892,1.27400701373672,1.02256412570304,0.0112580141896936,0.852718700300835,1.19871326043328,1.14342607127758,0.0303918517079187,0.864372452804045,1.43341869809638,1.15593124700503,0.0120268129759087,0.976332142119704,1.33497397095921,1.06516317740321,0.00978949444135761,0.907343864319937,1.2328260966629,1.04988714452983,0.0095930091221626,0.896894031287464,1.21768891220642
"ind-small","halfcauchy",2,"binary",10,161,15899212,15314739,1,1,1,1,1.00079274455142,0.975204208286433,1.00060150231147,1.00079274455142,1.05658174186083,0.0326172979041608,0.765627151195731,1.36594175912402,1.06623125600763,0.00978212717285561,0.914020243161387,1.23073279567889,1.2261100751092,0.0270655903805177,0.96134002058506,1.4935534848207,1.23937273960784,0.0134254275132158,1.05151552563271,1.43405781563705,1.19944631302251,0.0314203533833222,0.911201156589991,1.50266740892243,1.21401527418803,0.0127049054409906,1.02852174442939,1.4018544674507,0.997010991536924,0.00965460087979359,0.839526988256485,1.16410236324562,1.00664990842587,0.00963340629801934,0.848223240136895,1.1736468031215
"ind-small","halfcauchy",2,"binary",10,162,15899212,8891831,1,1,1,1,1.00079274455142,0.975204208286433,1.00060150231147,1.00079274455142,0.980978223283213,0.0253239753697405,0.721642315355558,1.2375832256527,0.986814019878969,0.00785941718850992,0.843495946843831,1.13677747984318,1.04928936626964,0.0224755465323342,0.806865998091254,1.3049477479798,1.05688744275225,0.0107266469106835,0.890168537766721,1.23290032918419,0.953737618466452,0.0226197043335429,0.71689638796951,1.20475173115873,0.960610338090465,0.00921346400124505,0.800730733813566,1.1208248560674,0.986852225228225,0.0081738667155335,0.839984468134111,1.14032569221861,0.982716774347336,0.00807798607805127,0.838766923369903,1.13689884269659
"ind-small","halfcauchy",2,"binary",10,163,15899212,1586661,1,1,1,1,1.00079274455142,0.975204208286433,1.00060150231147,1.00079274455142,0.933539058566626,0.0298792459501671,0.652995677782787,1.21460745898377,0.94161460615496,0.00723200188603317,0.801839768743352,1.08644735191784,1.02211009938261,0.0287963705579718,0.747942206282631,1.29857869140821,1.03676207080922,0.0110963221668208,0.866140595654504,1.20817029078539,1.00600625120062,0.0247179456435151,0.757737602927766,1.27503893136739,1.01563413330284,0.00945593707533643,0.861903101861856,1.1804093464606,0.910917540115087,0.00781699062224554,0.768865018587649,1.06091322617491,0.894584138448792,0.00756426679673561,0.753850886057917,1.04434110024864
"ind-small","halfcauchy",2,"binary",10,164,15899212,1827205,1,1,1,1,1.00079274455142,0.975204208286433,1.00060150231147,1.00079274455142,1.03060071001156,0.0385058820802001,0.718633218831189,1.35266418198128,1.04224143526054,0.00905423014346387,0.892107205868946,1.21101417819362,0.899834667786759,0.0276406756226703,0.63022390035626,1.18344314610909,0.912942067912417,0.0101021589685272,0.75196656513525,1.085023089052,0.875829568585915,0.0338271393394462,0.583643533129557,1.1938336618382,0.889407817499755,0.00945476853186765,0.735850654000759,1.05623088246831,1.01623465033503,0.00885451173135227,0.868996332711359,1.17264625138039,1.02022068096531,0.00893393653022195,0.872269116929683,1.18153144812122
"ind-small","halfcauchy",2,"binary",10,165,15899212,14422842,1,1,1,1,1.00079274455142,0.975204208286433,1.00060150231147,1.00079274455142,0.917491941450937,0.0299457494955823,0.641950321703347,1.20771852308182,0.926270828863798,0.00734984647247886,0.788752282159387,1.07162921536262,0.866712245681285,0.023695839708915,0.618479395853347,1.117308925904,0.877745284953833,0.00953606059256971,0.721654814567123,1.04136692700049,0.97997067139613,0.0258657364990293,0.718976499816558,1.25519073199821,0.9905871845802,0.0089755938433862,0.836695716380037,1.15413955337697,0.905083553090942,0.00729890490741567,0.770358788669344,1.04719419185488,0.870511530756564,0.00682314457764292,0.737741274538962,1.01078726825172
"ind-small","halfcauchy",2,"binary",10,166,15899212,9431266,1,1,1,1,1.00079274455142,0.975204208286433,1.00060150231147,1.00079274455142,0.977558810196279,0.0294726663704632,0.701642444080713,1.27399020750021,0.985684363270356,0.00798766825293609,0.83994600811079,1.13496800794896,0.992932415429835,0.0223669599155903,0.755956526200447,1.24864091818473,1.00184387598791,0.0109185444019064,0.830328295558742,1.17553401967334,0.896783864038126,0.0272649293351286,0.631656064604977,1.16698944529812,0.906259960249673,0.00875196933285342,0.750837652427988,1.06416258825761,1.04131942347404,0.00949449440229111,0.879513737047913,1.20302013062059,1.02472343186941,0.00921292858422051,0.865631438969192,1.18583507486489
"ind-small","halfcauchy",2,"binary",10,167,15899212,2894672,1,1,1,1,1.00079274455142,0.975204208286433,1.00060150231147,1.00079274455142,1.0844781399422,0.0289028956205086,0.813635941810843,1.36963381203462,1.09249468453172,0.00883102187569183,0.945860330253143,1.2557295013025,1.08528566503768,0.0253209409267218,0.838503949213875,1.34830176864556,1.09437981489758,0.0109687238488338,0.923392305386555,1.26664780642433,1.09692158366095,0.0263857497499314,0.840281273202648,1.37198481755989,1.10617260781764,0.0111597103586613,0.94142476104536,1.27873545874176,0.772961407228551,0.00701753343759814,0.637941623733998,0.915466811121918,0.768183812585124,0.00691312771841961,0.634230785402574,0.906393917017221
"ind-small","halfcauchy",2,"binary",10,168,15899212,10063807,1,1,1,1,1.00079274455142,0.975204208286433,1.00060150231147,1.00079274455142,0.894075569761693,0.0323201840414886,0.606816850083014,1.19086792054077,0.90370546113287,0.00752315957842694,0.764721165554487,1.05336727915208,1.06503180486203,0.0246196546609186,0.815142977806942,1.32522110858822,1.07550038299617,0.0107951775386399,0.905859563530878,1.24971425795798,0.952151344066243,0.0305023977276097,0.673436162363672,1.25154654989766,0.964297473617372,0.00921218587263842,0.813915950770512,1.13223342856295,0.954451782718316,0.00807291410969937,0.810726141097743,1.10184051617212,0.926958575546194,0.0077464035961058,0.785063599567893,1.07404260558143
"ind-small","halfcauchy",2,"binary",10,169,15899212,1464153,1,1,1,1,1.00079274455142,0.975204208286433,1.00060150231147,1.00079274455142,1.02097457415867,0.0279895417815828,0.753354844157564,1.29868820891761,1.02833258988058,0.00820436910607669,0.883344888623415,1.18124091246645,0.899673830809326,0.0176300092345287,0.6828578650301,1.12033847236468,0.905968456723855,0.00943798407500328,0.746057785951873,1.0653551667987,0.892363805564226,0.0278297808946961,0.62484688999425,1.1736147611837,0.901631183625725,0.00891072641096362,0.753796164069647,1.06160006414747,0.940226156088509,0.0079444486634564,0.794283647875143,1.08776084517021,0.922616108714098,0.00769238372081598,0.778478437109061,1.06852546767548
"ind-small","halfcauchy",2,"binary",10,170,15899212,12871759,1,1,1,1,1.00079274455142,0.975204208286433,1.00060150231147,1.00079274455142,1.1132734669301,0.0246533236970551,0.858122936710848,1.37109435073586,1.12108538321055,0.0100978841128868,0.95741991844313,1.28798075462015,1.28453176281379,0.0261333926308116,1.02567180298405,1.54816428053378,1.29710999809936,0.0141756239356391,1.11150248430947,1.49798756114663,1.08509552885465,0.0200309577909231,0.859261125854709,1.32814360431811,1.08911105755379,0.0110851441627918,0.918831970136997,1.26303392577873,1.09199941928266,0.0105876569887789,0.93117123723216,1.26447261090753,1.10497540301958,0.0107760012553763,0.943110587917506,1.27909841731211
"ind-small","halfcauchy",2,"binary",10,171,15899212,5935110,1,1,1,1,1.00079274455142,0.975204208286433,1.00060150231147,1.00079274455142,1.04641503842065,0.0343938931485402,0.742238476753337,1.35439656080029,1.05702160494764,0.00919832270293016,0.902449599488908,1.21906760882111,1.01504835473463,0.0202787562232504,0.792763602720518,1.25090942195081,1.02384103373924,0.0112400348651077,0.858292071997623,1.20619343523747,1.05233154511123,0.0357349228221091,0.751801092167559,1.35649202417486,1.06922297179941,0.0110619618789242,0.895751050829278,1.24138332560138,0.96062050511663,0.00892588787823324,0.809010906153071,1.1240095078909,0.97051818706355,0.00899626370562663,0.822084023974143,1.13480261647643
"ind-small","halfcauchy",2,"binary",10,172,15899212,10051012,1,1,1,1,1.00079274455142,0.975204208286433,1.00060150231147,1.00079274455142,0.936420321456606,0.0275025391661646,0.66855273402545,1.21349441347926,0.947166375435355,0.0076081329871124,0.806218974632409,1.09372761232074,0.925076345442845,0.0275229944672924,0.649682701817226,1.19804340967868,0.939889769986185,0.00995429488483033,0.777795257902857,1.10473234883995,0.981591092719876,0.0224107356532435,0.746136882925669,1.22847941101877,0.988697406258764,0.0100756637350126,0.82263599069953,1.15659867859522,1.01944821103071,0.00940496556701362,0.862619870519688,1.17795933537624,0.992811076759584,0.00878163701314403,0.839339021312964,1.14582137414881
"ind-small","halfcauchy",2,"binary",10,173,15899212,15116843,1,1,1,1,1.00079274455142,0.975204208286433,1.00060150231147,1.00079274455142,1.01923930028713,0.0297413761308553,0.745797806238399,1.29678005148658,1.02814484815019,0.00818619397659097,0.886302709449621,1.1783969473281,0.913633337581791,0.0204827436124433,0.683452111420406,1.15624774447925,0.921502011975247,0.00963806602031922,0.763755489879471,1.08407322935765,1.09972006921921,0.0301441471045258,0.825001192036385,1.40400835105571,1.11163422236039,0.0102232406520734,0.948859337835802,1.27820250992011,0.961023759118833,0.00832568318769162,0.816735185938547,1.114470172958,0.957643771456809,0.00824920067206699,0.811247653184452,1.10919378526376
"ind-small","halfcauchy",2,"binary",10,174,15899212,8785405,1,1,1,1,1.00079274455142,0.975204208286433,1.00060150231147,1.00079274455142,0.847345727857993,0.0245293918005523,0.588856800578931,1.09995241234448,0.855068872609196,0.00634155772121457,0.727701158463504,0.989123415682636,0.862170026937605,0.0218658092208681,0.629668414370243,1.11351624996689,0.872090013074727,0.00954979514579963,0.718093498605506,1.03814568654625,0.775977890670606,0.0218328344821142,0.536724574875559,1.03266413659818,0.780151635936138,0.00720414745786165,0.636895143714237,0.917969009726139,0.939262887413674,0.00766165364349137,0.796498743734501,1.08953146029786,0.919344273844947,0.00734533265306445,0.780516319792823,1.06301394434773
"ind-small","halfcauchy",2,"binary",10,175,15899212,5616767,1,1,1,1,1.00079274455142,0.975204208286433,1.00060150231147,1.00079274455142,0.979100988574045,0.0367025458542393,0.660010019331021,1.28333081458827,0.989448475603103,0.00840397558747082,0.840037491509227,1.1452548021326,0.975533085476383,0.0398317021159827,0.652239326042159,1.31374423373783,0.998051466133775,0.0102609150083345,0.833189663045754,1.17198086154436,0.942964055112016,0.0234716716484862,0.692524250745408,1.1913468751607,0.949166655005109,0.00900664740785188,0.795636342591351,1.1084338776789,1.07925426080379,0.00920501490309629,0.933686839613642,1.2437945039656,1.07062621970931,0.00906357876970689,0.923168098924063,1.23864786991717
"ind-small","halfcauchy",2,"binary",10,176,15899212,2277241,1,1,1,1,1.00079274455142,0.975204208286433,1.00060150231147,1.00079274455142,0.986149476016105,0.0293335110521963,0.712267544425337,1.26569301358753,0.995510087300678,0.00904059657794585,0.845370327047756,1.15601973043839,1.22405541089449,0.0326908411744851,0.921585760857057,1.52494786698557,1.241064935797,0.0136762368941391,1.04642758087392,1.42969832794678,0.968335196184138,0.022697268308661,0.722744046533456,1.23090793331304,0.974393782914718,0.0102890048646133,0.806145538247915,1.14675667897505,1.08172802982797,0.0106639781164586,0.916599943263154,1.25556499650384,1.06118128688892,0.0100957284346344,0.898448444131535,1.23216109948108
"ind-small","halfcauchy",2,"binary",10,177,15899212,13520809,1,1,1,1,1.00079274455142,0.975204208286433,1.00060150231147,1.00079274455142,0.885952807843214,0.0437711244655035,0.553297751960117,1.22893757841403,0.899021009957874,0.00761152203888605,0.760872030048481,1.04399905460441,1.01821441558103,0.0373425851603007,0.700132673095875,1.34546396089101,1.03925267096235,0.0117064460339135,0.86790850579693,1.21809642195771,0.951669541759242,0.0358194821248457,0.651162127547754,1.26496703673277,0.968025088160764,0.00886020788062148,0.813440881794741,1.12767284665355,0.954972964250938,0.00852122735308771,0.80592302935265,1.10767603104421,0.946204358856381,0.00844025495655957,0.799866692870472,1.09757044929299
"ind-small","halfcauchy",2,"binary",10,178,15899212,10591351,1,1,1,1,1.00079274455142,0.975204208286433,1.00060150231147,1.00079274455142,1.08018715165878,0.0300820775281966,0.802292357163195,1.36624819672353,1.08860171633606,0.00874295842582023,0.945443453279892,1.25131691930794,0.93583696860261,0.0314452835600536,0.647456513692189,1.23658493981191,0.953037599665188,0.0106046793718862,0.792249039958814,1.12566688094477,1.00572121277752,0.0228693864118754,0.763373636771346,1.25071705234847,1.01226590058983,0.00992107251087561,0.848334647508004,1.17729547758119,0.998439092586257,0.00904905991810802,0.843033609161727,1.15615680430703,0.983946643190732,0.00863058811774229,0.830963508215995,1.13871896693204
"ind-small","halfcauchy",2,"binary",10,179,15899212,3516982,1,1,1,1,1.00079274455142,0.975204208286433,1.00060150231147,1.00079274455142,1.01739718068673,0.0451057088050593,0.679780954644633,1.36102652659545,1.0312226413813,0.00976660404955643,0.872668766501246,1.19482158010961,0.953424327634196,0.0391239878081703,0.635959157702039,1.27707432653781,0.974090993569104,0.0118327639314081,0.799399930700755,1.15429657617881,1.10307266553692,0.0370246297141707,0.791205201322274,1.42126958843487,1.12228363536244,0.0115628159679196,0.953075599444249,1.3039183485455,1.10515695176173,0.0108466149943282,0.939661390722434,1.27953344949158,1.07843032284694,0.0103336981197564,0.917502031933148,1.24900072743791
"ind-small","halfcauchy",2,"binary",10,180,15899212,11715775,1,1,1,1,1.00079274455142,0.975204208286433,1.00060150231147,1.00079274455142,1.00498595384769,0.0296842437934595,0.727014838445162,1.2888123317039,1.01365310769068,0.00824361613162991,0.868595390292414,1.16463305954624,1.02993910427228,0.0217113780618077,0.792873515929709,1.27398073669573,1.04012601392323,0.0103747308911445,0.87896749018652,1.21409618088304,0.967517105648767,0.0279815021498553,0.693077302762538,1.24836020635022,0.977238997845971,0.00925366642043994,0.820989333778827,1.13491190926902,0.869845424701995,0.00741800561593288,0.728613094240758,1.01642149090346,0.856788045739113,0.00722824091701763,0.719651008377332,0.998556395009314
"ind-small","halfcauchy",2,"binary",10,181,15899212,13061439,1,1,1,1,1.00079274455142,0.975204208286433,1.00060150231147,1.00079274455142,0.836746021966631,0.0258435582816943,0.583575910416472,1.10618695501873,0.8439547371399,0.00647030864189859,0.717670568453381,0.976089062816187,1.02050105118305,0.0211104500476654,0.785340291114736,1.26739122441064,1.02824815585552,0.0101369673604982,0.862162245055232,1.19012499866122,0.829965281608531,0.023811348552745,0.57587783527432,1.08687555485985,0.837393892817961,0.0081233340865354,0.689968665006415,0.988157174743371,0.946830955952172,0.0076689507938685,0.805244889154217,1.0936750005179,0.94647668029479,0.00750607402777891,0.804534910721992,1.09011857834525
"ind-small","halfcauchy",2,"binary",10,182,15899212,556435,1,1,1,1,1.00079274455142,0.975204208286433,1.00060150231147,1.00079274455142,1.06469503858045,0.0349199028527376,0.778364008409597,1.3732334565133,1.07461233128757,0.00907409600622427,0.926399806548571,1.23372133430933,1.15408091677143,0.0223715481347459,0.914800931907731,1.4016359123713,1.16397816113239,0.0122952449989551,0.986872742056222,1.35138121972614,0.993314276190209,0.0350021215145382,0.70367360955023,1.31628811482408,1.00835747091679,0.0105350831752787,0.845144774621746,1.17903722087582,0.937348062001291,0.00851632617926649,0.787925481181107,1.09362341491329,0.917658487760458,0.00813323052167546,0.77176008492961,1.06956384395207
"ind-small","halfcauchy",2,"binary",10,183,15899212,7407600,1,1,1,1,1.00079274455142,0.975204208286433,1.00060150231147,1.00079274455142,1.14840198772846,0.0386506167970635,0.84118713966134,1.4791488397722,1.15905032446932,0.0106541272427008,0.993307071802177,1.33876326343868,0.946853149344326,0.0317469766700377,0.649988857967901,1.24503442583726,0.96171248780602,0.0107405021797639,0.794659851999766,1.13889560439131,1.11809534586104,0.0328896372620308,0.833402161667008,1.42890994414534,1.13288873280513,0.0119965240975945,0.960654842047217,1.31505661907286,1.12660760611554,0.0111090857055488,0.95500118038753,1.30329687771118,1.10855110372378,0.0106893984416271,0.93772326800504,1.2791071928585
"ind-small","halfcauchy",2,"binary",10,184,15899212,5246113,1,1,1,1,1.00079274455142,0.975204208286433,1.00060150231147,1.00079274455142,1.04521313555188,0.0441115546282056,0.704839563468894,1.38171913475744,1.05828971412843,0.0098864000330169,0.895661830327143,1.22699385634783,1.11021862817545,0.0304833606617339,0.822668007721678,1.39246359516927,1.12782870397235,0.0125878553372263,0.94325195227134,1.31872212921071,1.17618938808818,0.0442484937380512,0.845204898753145,1.52618228121504,1.20115413086539,0.0148717577981483,1.00727079891066,1.41014911517598,1.13028319312636,0.0107084324373014,0.961619147803188,1.30482697070894,1.09191544139837,0.01000930186342,0.929474017227453,1.25535890592866
"ind-small","halfcauchy",2,"binary",10,185,15899212,720650,1,1,1,1,1.00079274455142,0.975204208286433,1.00060150231147,1.00079274455142,1.1051291819327,0.0344254222742381,0.809266771983154,1.41023606007433,1.11557043084973,0.00931077737833844,0.955204149498324,1.28348914000624,1.0467262509196,0.0287873018586522,0.77243769302268,1.32575382220268,1.06253011717899,0.0110214238101224,0.895527710002371,1.2370359510355,0.990358560259084,0.0275777451728362,0.730418543167744,1.27112557095355,1.00164042581393,0.0100203393080716,0.838611384747331,1.17119626448243,0.934564271141266,0.00837927678896844,0.785634656148652,1.08259210383822,0.90151015025326,0.0078894482617613,0.755947207724753,1.04471028038411
"ind-small","halfcauchy",2,"binary",10,186,15899212,16151987,1,1,1,1,1.00079274455142,0.975204208286433,1.00060150231147,1.00079274455142,1.01364804122683,0.0284136423702793,0.742877550140248,1.30074789228721,1.02213991895073,0.00860152101874626,0.877837415236675,1.18490822205452,0.908257712288662,0.0217998815076115,0.673257462890481,1.14340168385277,0.918564749490675,0.00943291487660816,0.761843539242683,1.08598870592892,0.949378784362222,0.0257021618134734,0.688036923633067,1.2136901095766,0.957514067273158,0.00919978558649531,0.802217452934277,1.11646508109683,0.977405070781566,0.00873512841769587,0.831758987002561,1.13667387128044,0.981576861433336,0.00874231823371928,0.834426332937127,1.14190754701617
"ind-small","halfcauchy",2,"binary",10,187,15899212,10648453,1,1,1,1,1.00079274455142,0.975204208286433,1.00060150231147,1.00079274455142,1.15714957076598,0.0379496758422014,0.842019062560501,1.47912278214005,1.16804718921174,0.0101729429693996,1.00886679287591,1.34063975590286,1.14241730240237,0.0349618588016277,0.838506036091759,1.46107426487918,1.16415821658857,0.0133913631563914,0.980765791430719,1.3568676271585,0.879005851762886,0.0274389573847251,0.617636812767951,1.14953943674672,0.889261517266557,0.00910847728293952,0.733148376292489,1.04902125383641,1.19043832901315,0.0114724127551611,1.02004259698793,1.36661016456045,1.15074924978099,0.0106117032365294,0.98407048893201,1.3186201697456
"ind-small","halfcauchy",2,"binary",10,188,15899212,3339526,1,1,1,1,1.00079274455142,0.975204208286433,1.00060150231147,1.00079274455142,1.1041101411477,0.0425770081406916,0.77561598525967,1.44992702426306,1.11703576776477,0.0107466641799742,0.949971004502141,1.28785707668729,1.21170173975953,0.0286869090634902,0.93203464816091,1.49061612169573,1.22331842062607,0.0151409461930017,1.02877092999128,1.43087030649957,1.19253612668601,0.0418040585698421,0.847644986369664,1.53966283700751,1.21654359324355,0.0123004835536337,1.03977453386528,1.40004173967177,0.978813091681237,0.00950477283518586,0.8210895634277,1.13887200383478,0.994752258233943,0.00956513332899608,0.83756980869903,1.15911178778126
"ind-small","halfcauchy",2,"binary",10,189,15899212,12441217,1,1,1,1,1.00079274455142,0.975204208286433,1.00060150231147,1.00079274455142,1.0579780548173,0.0383713040448769,0.746580805817204,1.38148453332268,1.06971580484415,0.0103591594496663,0.903569722897036,1.24137771998853,1.10873654144331,0.0225122106265198,0.86882001477044,1.35671375536819,1.11806948173667,0.0119663766512146,0.939942235732844,1.29790122540179,1.091820713204,0.0387962181090718,0.782743234756946,1.40980386283158,1.11269393083523,0.0116143770067453,0.93841294836565,1.29368603852644,1.15148558889614,0.0112028258939195,0.981562541993161,1.32255952008862,1.13945429799494,0.0108434399653391,0.971405111135029,1.30896738474136
"ind-small","halfcauchy",2,"binary",10,190,15899212,11235675,1,1,1,1,1.00079274455142,0.975204208286433,1.00060150231147,1.00079274455142,1.07169378245131,0.0332568717496087,0.775473324706933,1.38295327502185,1.08201274183607,0.00925558213640648,0.931073454300607,1.24268651271069,0.950673314113113,0.031014179348494,0.671291170057748,1.2455177646769,0.968599598195105,0.0113221532628207,0.796688185323132,1.14773132699647,1.06082281913588,0.026375854787612,0.811347219192012,1.3373253630489,1.07145501040068,0.0102043654065802,0.908504492550852,1.23987242577872,1.07103586562034,0.0100884718510754,0.911541098350901,1.23549437358124,1.03978247136089,0.00945424481209809,0.887386558971285,1.20197842848066
"ind-small","halfcauchy",2,"binary",10,191,15899212,141341,1,1,1,1,1.00079274455142,0.975204208286433,1.00060150231147,1.00079274455142,0.955722685767506,0.0432779990649551,0.621072269494195,1.29739188463679,0.969381183220903,0.00837747390156078,0.822198829511388,1.1215482286956,1.10648420544982,0.0297538929429301,0.825504852215578,1.3883599686701,1.12274865241119,0.012474925260566,0.947913278911595,1.31189842687946,1.0431338890482,0.0408565142954438,0.711839497456842,1.3839323091732,1.06514856921519,0.0105973137072766,0.898123762241168,1.23162375649809,0.893231912582491,0.008077060722462,0.75181945484798,1.04378543248677,0.886030640232128,0.00817162558251364,0.743565256768281,1.03897833685665
"ind-small","halfcauchy",2,"binary",10,192,15899212,13227611,1,1,1,1,1.00079274455142,0.975204208286433,1.00060150231147,1.00079274455142,0.943184092601579,0.0272090744057395,0.677099790718155,1.2154738315514,0.950065949929574,0.00765575726345593,0.813287360327281,1.10065321419582,0.889312249664062,0.0262239654628281,0.628671770227341,1.15737374235656,0.903031603764402,0.00931181431737874,0.750051108860945,1.06860976984659,0.973960959486244,0.021702336836611,0.73638546739543,1.21392486238419,0.979905187656278,0.00862786079806982,0.824025914843467,1.13688127801827,0.94317707286841,0.00781542481044265,0.798649555315431,1.08491865499193,0.925870609662316,0.00754410741543125,0.781651178585693,1.06478097820274
"ind-small","halfcauchy",2,"binary",10,193,15899212,11573261,1,1,1,1,1.00079274455142,0.975204208286433,1.00060150231147,1.00079274455142,0.987147855458848,0.0314245907043185,0.696784312916937,1.27857768513104,0.997427657547215,0.00801776754497176,0.856763181696526,1.14812217040162,0.931923863532335,0.0238209372125984,0.683979790254296,1.19099478880748,0.943000478391116,0.00997855360053006,0.77924928512419,1.11149393474576,1.05586126226142,0.0279852490019124,0.788541814360233,1.34105840718978,1.06905936475367,0.00964426022842366,0.907843019413093,1.23098655622456,0.974876900521607,0.00823586607714888,0.828964670475814,1.1266068109884,0.959765405699315,0.00802138267909311,0.816972754575802,1.10934036020035
"ind-small","halfcauchy",2,"binary",10,194,15899212,4791786,1,1,1,1,1.00079274455142,0.975204208286433,1.00060150231147,1.00079274455142,1.18198087300268,0.0340912582848509,0.886704604935647,1.48097377556271,1.19108573503746,0.0100722077695623,1.03175175871499,1.36526848850219,1.13147730345608,0.0313308627601313,0.85198403260456,1.42808328488871,1.14587036170269,0.0139021244344358,0.95435932792433,1.34261009375871,1.10109454446504,0.0279576208981132,0.834345326576065,1.37619473538659,1.11277313791012,0.0107865684750139,0.942620247780265,1.28615934342889,1.10388975556536,0.0106341173092638,0.936725406233758,1.27291850447271,1.08843066938368,0.0102963702136033,0.924508003499012,1.25550685451666
"ind-small","halfcauchy",2,"binary",10,195,15899212,15362986,1,1,1,1,1.00079274455142,0.975204208286433,1.00060150231147,1.00079274455142,0.920204605232491,0.0218960474405535,0.684428698479945,1.1624251117445,0.927612240650972,0.00728607415340527,0.789636763153506,1.06926684443259,1.02042504452696,0.018103960876835,0.807370145279659,1.23567108592391,1.02737656280911,0.0103965751753868,0.859241770331361,1.19886245930144,1.05822067659506,0.0221412852231436,0.817779698879119,1.30707072930892,1.06647580968005,0.00902025056403721,0.908068576561009,1.22134861127404,0.947048220460699,0.00817064379332913,0.798472531673913,1.09889681939219,0.944203591880028,0.00799405668789119,0.796469460849418,1.09367400979342
"ind-small","halfcauchy",2,"binary",10,196,15899212,15627306,1,1,1,1,1.00079274455142,0.975204208286433,1.00060150231147,1.00079274455142,0.905009943881964,0.0211647308393052,0.671911451345545,1.13568094187726,0.911924112295299,0.00707403604519172,0.783581191472764,1.05537808449321,0.971973590241606,0.0188990906004538,0.745662495854447,1.19378162345801,0.981029236704879,0.00977753858340309,0.820711944247698,1.14753120462579,0.872645125651064,0.0192782915710759,0.656348048591201,1.10601706879548,0.877587197132441,0.00808397370273116,0.731402109580948,1.02520036151669,0.862514840330028,0.00699626231533496,0.726224092712071,1.00240833971596,0.850225308639757,0.00675156153124727,0.712962731728549,0.98899327964733
"ind-small","halfcauchy",2,"binary",10,197,15899212,8422478,1,1,1,1,1.00079274455142,0.975204208286433,1.00060150231147,1.00079274455142,0.964042880065042,0.0266829828162757,0.706100334369214,1.23929291055999,0.972333407915657,0.00815026686708477,0.82797483703178,1.12147630972234,0.922261581282733,0.014113579705206,0.731765901854057,1.11656480209527,0.924141426777715,0.00966635113137509,0.768720740287925,1.09091458119605,1.01383187027235,0.0310046351002423,0.737629870533032,1.30683125545393,1.02648450771536,0.00997884615907482,0.866978012120926,1.19143950001533,0.884075010778215,0.00750708517226747,0.747156992754913,1.02990296681042,0.88027264631524,0.00731612257524541,0.746898997895081,1.0247175333522
"ind-small","halfcauchy",2,"binary",10,198,15899212,1270323,1,1,1,1,1.00079274455142,0.975204208286433,1.00060150231147,1.00079274455142,1.13425234672992,0.0465942496646316,0.790315239329511,1.50050017897638,1.14755866808764,0.0111981575873701,0.981505124648488,1.32533176178151,1.32858565899825,0.0441789809779814,0.985143070433108,1.66557162238171,1.35724231397983,0.0162640835216152,1.15656496988142,1.57526084906432,1.10749289432338,0.0376474925296738,0.783327611526361,1.43074625890224,1.12574148382427,0.0123840289202243,0.944691517524545,1.30883000966444,1.03906395482308,0.0108243336642579,0.875327736941638,1.21548344053609,1.03784670270239,0.0105365851318771,0.878773911068476,1.21501831791472
"ind-small","halfcauchy",2,"binary",10,199,15899212,2733571,1,1,1,1,1.00079274455142,0.975204208286433,1.00060150231147,1.00079274455142,1.17221479840787,0.0370783752434717,0.867255710470844,1.49552630126795,1.18236489715683,0.0105300143541701,1.01802207728258,1.34954919855782,1.1344985787255,0.0252009765631918,0.878183050336565,1.39663622202872,1.14601839696638,0.0130391975784405,0.960734004342842,1.3397114333192,0.896580010667325,0.033811219613976,0.603110274372601,1.21363409273614,0.91066991660051,0.00954873576362897,0.749040974956591,1.070224779117,1.09133233691883,0.00990702693684968,0.931653515354528,1.25343299295913,1.07673119092967,0.00962478766098146,0.924331780542814,1.23808756721262
"ind-small","halfcauchy",2,"binary",10,200,15899212,10565909,1,1,1,1,1.00079274455142,0.975204208286433,1.00060150231147,1.00079274455142,0.916362831707462,0.0422927434653582,0.579592891015395,1.24676586309508,0.92996890746381,0.00842422992274607,0.784086670817322,1.08188975511636,1.0716325816381,0.0309128052530785,0.790263412891473,1.35922139088661,1.08749012407162,0.0108383521294919,0.916130686989825,1.2627097240968,0.987619382497278,0.0385634710068118,0.667992338176971,1.31988523133278,1.0065252230403,0.0102643776787072,0.845498263034269,1.18011166374123,0.947111635710192,0.00845798450470221,0.801552426703071,1.104016181274,0.928598258612568,0.00818090103842449,0.783310068540555,1.08514519148483
